Filename,Category,Predicted,Actual,Matched,Distance
1114,Concurrency_prepared,"[24, 25, 11, 12, 26, 15, 16, 17, 27, 20, 21]","[24, 5, 6, 7, 8, 25, 11, 25, 12, 26, 15, 16, 26, 17, 27, 20, 21, 27]",False,0.7901234567901234
1114,Concurrency_prepared,"[22, 33, 34, 35, (, 37, 25, 10, 39, 13, 28, 15, 40, 18, 29, 42, 43, 44, )]","[22, 3, 4, 5, 6, 24, 27, 30, 33, 34, 35, (, 37, 25, 9, 25, 10, 39, 28, 13, 14, 28, 15, 40, 31, 18, 19, 31, 42, 43, 44, )]",False,0.7464788732394366
1114,Concurrency_prepared,"[29, 30, 32, 33, (, 35, 25, 11, 12, 26, 15, 16, 17, 27, 20, 21, 37, 25, 11, 12, 26, 15, 16, 17, 27, 20, 21, 39, 40, )]","[24, 29, 5, 6, 7, 8, 30, 5, 6, 7, 8, 32, 33, (, 35, 25, 11, 25, 12, 26, 15, 16, 26, 17, 27, 20, 21, 27, 37, 25, 11, 25, 12, 26, 15, 16, 26, 17, 27, 20, 21, 27, 39, 40, )]",False,0.8246445497630331
1114,Concurrency_prepared,"[24, 26, 29, 32, 35, 37, 36, 39, 41, 42, (, 27, 12, 30, 17, 33, 44, 45, 46,)]","[24, 5, 6, 7, 8, 26, 29, 32, 35, 36, 37, (, 39, 27, 11, 27, 12, 41, 33, 20, 42, 30, 15, 16, 30, 17, 44, 45, 46, 21, 33, )]",False,0.6438356164383562
1114,Concurrency_prepared,"[29, 30, 31, 33, 34, 35, (, 37, 25, 11, 12, 26, 15, 16, 17, 27, 20, 21, 39, 25, 11, 12, 26, 15, 16, 17, 27, 20, 21, 40, 25, 11, 12, 26, 15, 16, 17, 27, 20, 21, 42, 43, 44, )]","[24, 29, 5, 6, 7, 8, 30, 5, 6, 7, 8, 31, 5, 6, 7, 8, 33, 34, 35, (, 37, 25, 11, 25, 12, 26, 15, 16, 26, 17, 27, 20, 21, 27, 39, 25, 11, 25, 12, 26, 15, 16, 26, 17, 27, 20, 21, 27, 40, 25, 11, 25, 12, 26, 15, 16, 26, 17, 27, 20, 21, 27, 42, 43, 44, )]",False,0.8269230769230769
1115,Concurrency_prepared,"[26, 27, 28, 29, 30, (, 9, 19, 20, 11, 15, 22, 23, 17, 9, 19, 20, 11, 15, 22, 23, 17, 9, 19, 20, 11, 15, 22, 23, 17, 9, 19, 20, 11, 15, 22, 23, 17, 9, 19, 20, 11, 15, 22, 23, 17,), 33, 34]","[26, 27, 3, 4, 5, 28, 29, (, 30, 8, 9, 10, 20, 11, 8, 9, 32, 14, 15, 16, 23, 17, 14, 15, 33, 10, 20, 11, 8, 9, 16, 23, 17, 14, 15, 10, 20, 11, 8, 9, 16, 23, 17, 14, 15, 10, 20, 11, 8, 9, 16, 23, 17, 14, 15, 10, 20, 11, 8, 16, 23, 17, 14, 34, )]",False,0.6750788643533123
1115,Concurrency_prepared,"[31, 32, (, 33, 12, 23, 14, 35, 18, 26, 20, 12, 23, 14, 18, 26, 20, 12, 23, 14, 18, 26, 20,), 36, 37]","[29, 30, 6, 7, 8, 31, 32, (, 33, 11, 12, 13, 23, 14, 11, 12, 35, 17, 18, 19, 26, 20, 17, 18, 36, 13, 23, 14, 11, 12, 19, 26, 20, 17, 18, 13, 23, 14, 11, 19, 26, 20, 17, 37, )]",False,0.5294117647058824
1115,Concurrency_prepared,"[31, 32, (, 33, 12, 23, 14, 35, 18, 26, 20, 12, 23, 14, 18, 26, 20, 12, 23, 14, 18, 26, 20, 12, 23, 14, 18, 26, 20, 12, 23, 14, 18, 26, 20, 12, 23, 14, 18, 26, 20,), 36, 37]","[29, 30, 6, 7, 8, 31, 32, (, 33, 11, 12, 13, 23, 14, 11, 12, 35, 17, 18, 19, 26, 20, 17, 18, 36, 13, 23, 14, 11, 12, 19, 26, 20, 17, 18, 13, 23, 14, 11, 12, 19, 26, 20, 17, 18, 13, 23, 14, 11, 12, 19, 26, 20, 17, 18, 13, 23, 14, 11, 12, 19, 26, 20, 17, 18, 13, 23, 14, 11, 12, 19, 26, 20, 17, 18, 13, 23, 14, 11, 37, 19, 26, 20, 17, )]",False,0.5396825396825397
1115,Concurrency_prepared,"[31, 32, 33, (, 35, 12, 23, 14, 18, 25, 20, 12, 23, 14, 18, 25, 20, 36, 37, )]","[29, 30, 6, 7, 8, 31, 32, (, 33, 11, 12, 13, 23, 14, 11, 12, 35, 17, 18, 19, 26, 20, 17, 18, 36, 13, 23, 14, 11, 19, 26, 20, 17, 37, )]",False,0.6025641025641025
1115,Concurrency_prepared,"[31, 32, (, 33, 12, 23, 14, 35, 18, 26, 20, 12, 23, 14, 18, 26, 20, 12, 23, 14, 18, 26, 20, 12, 23, 14, 18, 26, 20, 12, 23, 14, 18, 26, 20, 12, 23, 14, 18, 26, 20, 12, 23, 14, 18, 26, 20,), 36, 37]","[29, 30, 6, 7, 8, 31, 32, (, 33, 11, 12, 13, 23, 14, 11, 12, 35, 17, 18, 19, 26, 20, 17, 18, 36, 13, 23, 14, 11, 12, 19, 26, 20, 17, 18, 13, 23, 14, 11, 12, 19, 26, 20, 17, 18, 13, 23, 14, 11, 12, 19, 26, 20, 17, 18, 13, 23, 14, 11, 12, 19, 26, 20, 17, 18, 13, 23, 14, 11, 12, 19, 26, 20, 17, 18, 13, 23, 14, 11, 12, 19, 26, 20, 17, 18, 13, 23, 14, 11, 12, 19, 26, 20, 17, 18, 13, 23, 14, 11, 12, 19, 26, 20, 17, 18, 13, 23, 14, 11, 19, 26, 20, 17, 37, )]",False,0.48559670781893005
1116,Concurrency_prepared,"[32, (,35,36,37,39,11,28,40,17,28,19,42,23,28,25,11,28,41,17,28,19,23,28,25,11,28,41,17,28,19,23,28,25,44,45,46,),49]","[28, 31, 32, 3, 4, 5, 6, 35, 36, 37, (, 39, 10, 11, 12, 29, 13, 10, 11, 41, 16, 17, 42, 22, 23, 24, 29, 25, 22, 23, 44, 12, 29, 13, 10, 11, 24, 29, 25, 22, 23, 12, 29, 13, 10, 11, 18, 29, 19, 16, 17, 12, 29, 13, 10, 11, 18, 29, 19, 16, 12, 29, 13, 10, 24, 29, 25, 22, 45, ), 46, 49]",False,0.42724458204334365
1116,Concurrency_prepared,"[36, 37, 38, (, 40, 12, 13, 30, 42, 18, 19, 30, 21, 40, 12, 13, 30, 43, 24, 25, 30, 27, 40, 12, 13, 30, 42, 18, 19, 30, 21, 40, 12, 13, 30, 43, 24, 25, 30, 27, 40, 12, 13, 30, 42, 18, 19, 30, 21, 40, 12, 13, 30, 43, 24, 25, 30, 27, 45, 46, 47,)]","[30, 33, 34, 5, 6, 7, 8, 36, 37, 38, (, 40, 12, 13, 14, 31, 15, 12, 13, 42, 18, 19, 43, 24, 25, 26, 31, 27, 24, 25, 14, 31, 15, 12, 13, 45, 26, 31, 27, 24, 25, 14, 31, 15, 12, 13, 20, 31, 21, 18, 19, 14, 31, 15, 12, 13, 20, 31, 21, 18, 19, 14, 31, 15, 12, 13, 26, 31, 27, 24, 25, 14, 31, 15, 12, 13, 26, 31, 27, 24, 14, 31, 15, 12, 20, 31, 21, 18, 46, 47, )]",False,0.39198218262806234
1116,Concurrency_prepared,"[36, 37, 38, (, 40, 12, 13, 30, 42, 18, 19, 30, 21, 40, 12, 13, 30, 43, 24, 25, 30, 27, 40, 12, 13, 30, 42, 18, 19, 30, 21, 40, 12, 13, 30, 43, 24, 25, 30, 27, 40, 12, 13, 30, 42, 18, 19, 30, 21, 40, 12, 13, 30, 43, 24, 25, 30, 27, 40, 12, 13, 30, 42, 18, 19, 30, 21, 40, 12, 13, 30, 43, 24, 25, 30, 27, 40, 12, 13, 30, 42, 18, 19, 30, 21, 40, 12, 13, 30, 43, 24, 25, 30, 27, 40, 12, 13, 30, 45, 46, 47,)]","[30, 33, 34, 5, 6, 7, 8, 36, 37, 38, (, 40, 12, 13, 14, 31, 42, 15, 12, 13, 18, 19, 43, 24, 25, 26, 31, 27, 24, 25, 45, 14, 31, 15, 12, 13, 26, 31, 27, 24, 25, 14, 31, 15, 12, 13, 20, 31, 21, 18, 19, 14, 31, 15, 12, 13, 20, 31, 21, 18, 19, 14, 31, 15, 12, 13, 26, 31, 27, 24, 25, 14, 31, 15, 12, 13, 26, 31, 27, 24, 25, 14, 31, 15, 12, 13, 20, 31, 21, 18, 19, 14, 31, 15, 12, 13, 20, 31, 21, 18, 19, 14, 31, 15, 12, 13, 26, 31, 27, 24, 25, 14, 31, 15, 12, 13, 26, 31, 27, 24, 25, 14, 31, 15, 12, 13, 20, 31, 21, 18, 19, 14, 31, 15, 12, 13, 20, 31, 21, 18, 19, 14, 31, 15, 12, 13, 26, 31, 27, 24, 25, 14, 31, 15, 12, 13, 26, 31, 27, 24, 14, 31, 15, 12, 20, 31, 21, 18, 46, 47, )]",False,0.022249690976514216
1116,Concurrency_prepared,"[36, 37, 38, (, 40, 12, 13, 30, 42, 18, 19, 30, 21, 40, 12, 13, 30, 43, 24, 25, 30, 27, 40, 12, 13, 30, 42, 18, 19, 30, 21, 40, 12, 13, 30, 43, 24, 25, 30, 27, 40, 12, 13, 30, 42, 18, 19, 30, 21, 40, 12, 13, 30, 43, 24, 25, 30, 27, 40, 12, 13, 30, 42, 18, 19, 30, 21, 40, 12, 13, 30, 43, 24, 25, 30, 27, 40, 12, 13, 30, 42, 18, 19, 30, 21, 40, 12, 13, 30, 43, 24, 25, 30, 27, 45, 46, 47, )]","[30, 33, 34, 5, 6, 7, 8, 36, 37, 38, (, 40, 12, 13, 14, 31, 15, 12, 13, 42, 18, 19, 43, 24, 25, 26, 31, 27, 24, 25, 45, 14, 31, 15, 12, 13, 26, 31, 27, 24, 25, 14, 31, 15, 12, 13, 20, 31, 21, 18, 19, 14, 31, 15, 12, 13, 20, 31, 21, 18, 19, 14, 31, 15, 12, 13, 26, 31, 27, 24, 25, 14, 31, 15, 12, 13, 26, 31, 27, 24, 25, 14, 31, 15, 12, 13, 20, 31, 21, 18, 19, 14, 31, 15, 12, 13, 20, 31, 21, 18, 19, 14, 31, 15, 12, 13, 26, 31, 27, 24, 25, 14, 31, 15, 12, 13, 26, 31, 27, 24, 25, 14, 31, 15, 12, 13, 20, 31, 21, 18, 19, 14, 31, 15, 12, 13, 20, 31, 21, 18, 19, 14, 31, 15, 12, 13, 26, 31, 27, 24, 25, 14, 31, 15, 12, 13, 26, 31, 27, 24, 25, 14, 31, 15, 12, 13, 20, 31, 21, 18, 19, 14, 31, 15, 12, 13, 20, 31, 21, 18, 19, 14, 31, 15, 12, 13, 26, 31, 27, 24, 25, 14, 31, 15, 12, 13, 26, 31, 27, 24, 14, 31, 15, 12, 13, 20, 31, 21, 18, 19, 14, 31, 15, 12, 20, 31, 21, 18, 46, 47, )]",False,0.01900739176346357
1116,Concurrency_prepared,"[30, 33, 34, 35, 37, 38, 40, 42, 43, (, 13, 31, 15, 19, 31, 21, 25, 31, 27, 13, 31, 15, 19, 31, 21, 25, 31, 27, 13, 31, 15, 19, 31, 21, 25, 31, 27, 13, 31, 15, 19, 31, 21, 25, 31, 27, 13, 31, 15, 19, 31, 21, 25, 31, 27, 13, 31, 15, 19, 31, 21, 25, 31, 27, 13, 31, 15, 19, 31, 21, 25, 31, 27, 13, 31, 15, 19, 31, 21, 25, 31, 27, 13, 31, 15, 19, 31, 21, 25, 31, 27, 13, 31, 15, 19, 31, 21, 25, 31, 27, 13, 31, 15, 19, 31, 21, 25, 31, 27, 13, 31, 15, 19, 31, 21, 25, 31, 27, 13, 31, 15, 19, 31, 21, 25, 31, 27, 13, 31, 15, 19, 31, 21, 25, 31, 27, 13, 31, 15, 19, 31, 21, 25, 31, 27, 13, 31, 15, 19, 31, 21, 25, 31, 27, 13, 31, 15, 19, 31, 21, 25, 31, 27, 13, 31, 15, 19, 31, 21, 25, 31, 27, 13, 31, 15, 19, 31, 21, 25, 31, 27, 13, 31, 15, 19, 31, 21, 25, 31, 27, 13, 31, 15, 19, 31, 21, 25, 31, 27, 13, 31, 15, 19, 31, 21, 25, 31, 27, 13, 31, 15, 19, 31, 21, 25, 31, 27, 13, 31, 15, 19, 31, 21, 25, 31, 27, 13, 31, 15, 19, 31, 21, 25, 31, 27, 13, 31, 15, 19, 31, 21, 25, 31, 27, 13, 31, 15, 19, 31, 21, 25, 31, 27, 13, 31, 15, 19, 31, 21, 25, 31, 27, 13, 31, 15, 19, 31, 21, 25, 31, 27, 13, 31, 15, 19, 31, 21, 25, 31, 27, 13, 31, 15, 19, 31, 21, 25, 31, 27, 13, 31, 15, 19, 31, 21, 25, 31, 27, 13, 31, 15, 19, 31, 21, 25, 31, 27, 13, 31, 15, 19, 31, 21, 25, 31, 27, 13, 31, 15, 19, 31, 21, 25, 31, 27, 13, 31, 15, 19, 31, 21, 25, 31, 27, 13, 31, 15, 19, 31, 21, 25, 31, 27, 13, 31, 15, 19, 31, 21, 25, 31, 27, 13, 31, 15, 19, 31, 21, 25, 31, 27, 13, 31, 15, 19, 31, 21, 25, 31, 27, 13, 31, 15, 19, 31, 21, 25, 31, 27, 13, 31, 15, 19, 31, 21, 25, 31, 27, 13, 31, 15, 19, 31, 21, 25, 31, 27, 13, 31, 15, 19, 31, 21, 25, 31, 27, 13, 31, 15, 19, 31, 21, 25, 31, 27, 13, 31, 15, 19, 31, 21, 25, 31, 27, 13, 31, 15, 19, 31, 21, 25, 31, 27, 13, 31, 15, 19, 31, 21, 25, 31, 27, 13, 31, 15, 19, 31, 21, 25, 31, 27, 13, 31, 15, 19, 31, 21, 25, 31, 27, 13, 31, 15, 19, 31, 21, 25, 31, 27, 13, 31, 15, 19, 31, 21, 25, 31, 27, 13, 31, 15, 19, 31, 21, 25, 31, 27, 13, 31, 15, 19, 31, 21, 25, 31, 27, 13, 31, 15, 19, 31, 21, 25, 31, 27, 13, 31, 15, 19, 31, 21, 25, 31, 27, 13, 31, 15, 19, 31, 21, 25, 31, 27, 13, 31, 15, 19, 31, 21, 25, 31, 27, 13, 31, 15, 19, 31, 21, 25, 31, 27, 13, 31, 15, 19, 31, 21, 25, 31, 27, 13, 31, 15, 19, 31, 21, 25, 31, 27, 13, 31, 15, 19, 31, 21, 25, 31, 27, 13, 31, 15, 19, 31, 21, 25, 31, 27, 13, 31, 15, 19, 31, 21, 25, 31, 27, 13, 31, 15, 19, 31, 21, 25, 31, 27, 13, 31, 15, 19, 31, 21, 25, 31, 27, 13, 31, 15, 19, 31, 21, 25, 31, 27, 13, 31, 15, 19, 31, 21, 25, 31, 27, 13, 31, 15, 19, 31, 21, 25, 31, 27, 13, 31, 15, 19, 31, 21, 25, 31, 27, 13, 31, 15, 19, 31, 21, 25, 31, 27, 13, 31, 15, 19, 31, 21, 25, 31, 27, 13, 31, 15, 19, 31, 21, 25, 31, 27, 13, 31, 15, 19, 31, 21, 25, 31, 27, 13, 31, 15, 19, 31, 21, 25, 31, 27, 13, 31, 15, 19, 31, 21, 25, 31, 27, 13, 31, 15, 19, 31, 21, 25, 31, 27, 13, 31, 15, 19, 31, 21, 25, 31, 27, 13, 31, 15, 19, 31, 21, 25, 31, 27, 13, 31, 15, 19, 31, 21, 25, 31, 27, 13, 31, 15, 19, 31, 21, 25, 31, 27, 13, 31, 15, 19, 31, 21, 25, 31, 27, 13, 31, 15, 19, 31, 21, 25, 31, 27, 13, 31, 15, 19, 31, 21, 25, 31, 27, 13, 31, 15, 19, 31, 21, 25, 31, 27, 13, 31, 15, 19, 31, 21, 25, 31, 27, 13, 31, 15, 19, 31, 21, 25, 31, 27, 13, 31, 15, 19, 31, 21, 25, 31, 27, 13, 31, 15, 19, 31, 21, 25, 31, 27, 13, 31, 15, 19, 31, 21, 25, 31, 27, 13, 31, 15, 19, 31, 21, 25, 31, 27, 13, 31, 15, 19, 31, 21, 25, 31, 27, 13, 31, 15, 19, 31, 21, 25, 31, 27, 13, 31, 15, 19, 31, 21, 25, 31, 27, 13, 31, 15, 19, 31, 21, 25, 31, 27, 13, 31, 15, 19, 31, 21, 25, 31, 27, 13, 31, 15, 19, 31, 21, 25, 31, 27, 13, 31, 15, 19, 31, 21, 25, 31, 27, 13, 31, 15, 19, 31, 21, 25, 31, 27, 13, 31, 15, 19, 31, 21, 25, 31, 27, 13, 31, 15, 19, 31, 21, 25, 31, 27, 13, 31, 15, 19, 31, 21, 25, 31, 27, 13, 31, 15, 19, 31, 21, 25, 31, 27, 13, 31, 15, 19, 31, 21, 25, 31, 27, 13, 31, 15, 19, 31, 21, 25, 31, 27, 13, 31, 15, 19, 31, 21, 25, 31, 27, 13, 31, 15, 19, 31, 21, 25, 31, 27, 13, 31, 15, 19, 31, 21, 25, 31, 27, 13, 31, 15, 19, 31, 21, 25, 31, 27, 13, 31, 15, 19, 31, 21, 25, 31, 27, 13, 31, 15, 19, 31, 21, 25, 31, 27, 13, 31, 15, 19, 31, 21, 25, 31, 27, 13, 31, 15, 19, 31, 21, 2]","[30, 33, 34, 5, 6, 7, 8, (, 35, 37, 38, 40, 12, 13, 14, 31, 15, 12, 13, 42, 18, 19, 43, 24, 25, 26, 31, 27, 24, 25, 45, 14, 31, 15, 12, 13, 26, 31, 27, 24, 25, 14, 31, 15, 12, 13, 20, 31, 21, 18, 19, 14, 31, 15, 12, 13, 20, 31, 21, 18, 19, 14, 31, 15, 12, 13, 26, 31, 27, 24, 25, 14, 31, 15, 12, 13, 26, 31, 27, 24, 25, 14, 31, 15, 12, 13, 20, 31, 21, 18, 19, 14, 31, 15, 12, 13, 20, 31, 21, 18, 19, 14, 31, 15, 12, 13, 26, 31, 27, 24, 25, 14, 31, 15, 12, 13, 26, 31, 27, 24, 25, 14, 31, 15, 12, 13, 20, 31, 21, 18, 19, 14, 31, 15, 12, 13, 20, 31, 21, 18, 19, 14, 31, 15, 12, 13, 26, 31, 27, 24, 25, 14, 31, 15, 12, 13, 26, 31, 27, 24, 25, 14, 31, 15, 12, 13, 20, 31, 21, 18, 19, 14, 31, 15, 12, 13, 20, 31, 21, 18, 19, 14, 31, 15, 12, 13, 26, 31, 27, 24, 25, 14, 31, 15, 12, 13, 26, 31, 27, 24, 25, 14, 31, 15, 12, 13, 20, 31, 21, 18, 19, 14, 31, 15, 12, 13, 20, 31, 21, 18, 19, 14, 31, 15, 12, 13, 26, 31, 27, 24, 25, 14, 31, 15, 12, 13, 26, 31, 27, 24, 25, 14, 31, 15, 12, 13, 20, 31, 21, 18, 19, 14, 31, 15, 12, 13, 20, 31, 21, 18, 14, 31, 15, 12, 26, 31, 27, 24, 46, 47, )]",False,0.012377514182568335
1117,Concurrency_prepared,"[27, 29, 30, 31, 32, 30, 31, 32, 34, 35, 35, 35, 35, (, 7, 22, 10, 11, 14, 25, 17, 7, 22, 10, 11, 14, 25, 17,), 38, 39, 39, 39, 39]","[21, 24, 27, 3, 4, 29, 30, 31, 30, 31, 30, 32, 34, (, 35, 7, 9, 22, 10, 34, 35, 7, 9, 22, 10, 11, 34, 35, 14, 16, 25, 17, 34, 38, 39, 38, 39, 38, 39, 38, )]",False,0.6445497630331753
1117,Concurrency_prepared,"[27, 29, 30, 31, 31, 31, 31, 32, 33, 33, 35, 36, 36, 36, 36, 36, 36, (, 7, 22, 10, 11, 7, 22, 10, 11, 7, 22, 14, 25, 17, 7, 22, 14, 25, 17, 7, 22, 10, 11, 7, 22, 10, 11, 13, 14, 25, 17, 13, 14, 25, 17,), 39, 40, 40, 40, 40, 40, 40]","[21, 24, 27, 3, 4, 29, 30, 31, 30, 31, 30, 31, 30, 31, 30, 32, 33, 32, 33, 32, 35, (, 36, 7, 9, 22, 10, 35, 36, 7, 9, 22, 10, 11, 35, 36, 7, 35, 36, 7, 35, 36, 14, 16, 25, 17, 35, 36, 9, 22, 10, 9, 22, 10, 11, 14, 16, 25, 17, 35, 39, 40, 39, 40, 39, 40, 39, 40, 39, 40, 39, 40, 39, )]",False,0.5736842105263158
1117,Concurrency_prepared,"[27, 29, 30, 31, 31, 31, 31, 31, 31, 32, 33, 33, 33, 35, 36, 36, 36, 36, 36, 36, 36, 36, 36, (, 7, 22, 10, 11, 7, 22, 10, 14, 25, 17, 7, 22, 10, 11, 7, 22, 10, 14, 25, 17, 7, 22, 10, 11, 7, 22, 10, 14, 25, 17,), 39, 40, 40, 40, 40, 40, 40, 40, 40, 40]","[21, 24, 27, 3, 4, 29, 30, 31, 30, 31, 30, 31, 30, 31, 30, 31, 30, 31, 30, 32, 33, 32, 33, 32, 33, 32, 35, (, 36, 7, 9, 22, 10, 35, 36, 7, 9, 22, 10, 11, 35, 36, 7, 35, 36, 7, 35, 36, 7, 35, 36, 7, 35, 36, 14, 16, 25, 17, 9, 22, 10, 9, 22, 10, 11, 35, 36, 14, 16, 25, 17, 35, 36, 9, 22, 10, 9, 22, 10, 11, 14, 16, 25, 17, 35, 39, 40, 39, 40, 39, 40, 39, 40, 39, 40, 39, 40, 39, 40, 39, 40, 39, 40, 39, )]",False,0.5289256198347108
1117,Concurrency_prepared,"[27, 29, 30, 31, 31, 31, 31, 31, 31, 31, 31, 32, 33, 33, 33, 33, (, 36, 36, 36, 36, 36, 36, 36, 36, 36, 36, 36, 36, 36, 36, 36, 36, 7, 22, 10, 11, 7, 22, 10, 11, 7, 22, 10, 11, 7, 22, 10, 11, 14, 25, 17, 14, 25, 17, 14, 25, 17, 14, 25, 17, ), 39, 40, 40, 40, 40, 40, 40, 40, 40]","[21, 24, 27, 3, 4, 29, 30, 31, 30, 31, 30, 31, 30, 31, 30, 31, 30, 31, 30, 31, 30, 31, 30, 32, 33, 32, 33, 32, 33, 32, 33, 32, 35, (, 36, 7, 9, 22, 10, 35, 36, 7, 9, 22, 10, 11, 35, 36, 7, 35, 36, 7, 35, 36, 7, 35, 36, 7, 35, 36, 7, 35, 36, 7, 35, 36, 14, 16, 25, 17, 9, 22, 10, 9, 22, 10, 11, 35, 36, 14, 16, 25, 17, 35, 36, 9, 22, 10, 9, 22, 10, 11, 14, 16, 25, 17, 9, 22, 10, 9, 22, 10, 11, 35, 36, 14, 16, 25, 17, 35, 39, 40, 39, 40, 39, 40, 39, 40, 39, 40, 39, 40, 39, 40, 39, 40, 39, 40, 39, 40, 39, 40, 39, 40, 39, )]",False,0.06745362563237774
1117,Concurrency_prepared,"[27, 30, 31, 33, 34, 37, 40, 41, (, 7, 22, 7, 22, 14, 25, 17, 17, 41, 41, 41, 42, 42, 42,), 43, 43, 43]","[21, 24, 27, 3, 4, 30, 31, 33, 34, 37, 31, 33, 34, 37, 31, 33, 34, 37, 31, 40, (, 41, 7, 9, 22, 10, 40, 41, 7, 9, 22, 10, 11, 40, 41, 14, 16, 25, 17, 40, 41, 7, 9, 22, 10, 40, 41, 7, 9, 22, 10, 11, 40, 41, 14, 16, 25, 17, 40, 41, 7, 9, 22, 10, 40, 41, 7, 9, 22, 10, 11, 40, 41, 14, 16, 25, 17, 40, 42, 43, 42, 43, 42, 43, 42, 43, 42, 43, 42, 43, 42, 43, 42, 43, 42, 43, 42, )]",False,0.35694050991501414
1188,Concurrency_prepared,"[22, 23, 8, 9, 10, 24, 18, 19]","[22, 3, 4, 5, 23, 8, 9, 10, 24, 19]",False,0.8
1188,Concurrency_prepared,"[22, 32, 33, 34, 25, 8, 9, 10, 36, 13, 14, 15, 30, 37, 26, 8, 9, 10, 38]","[22, 3, 4, 5, 24, 29, 32, 33, (, 34, 25, 8, 9, 10, 26, 8, 9, 10, 27, 8, 9, 10, 36, 30, 13, 14, 15, 16, 37, ), 38]",False,0.5112781954887218
1188,Concurrency_prepared,"[22, (,31,33,25,8,9,10,32,35,29,13,14,15,),36,37]","[22, 3, 4, 5, 24, 28, 31, 32, (, 33, 25, 8, 9, 10, 26, 8, 9, 10, 35, 29, 13, 14, 15, 16, 36, 37, )]",False,0.7350427350427351
1188,Concurrency_prepared,"[22, (,35,39,25,26,27,8,9,10,25,26,27,8,9,10,36,42,30,13,14,15,31,13,14,15,37,43,25,26,27,8,9,10,46,47,48,),51]","[22, 3, 4, 5, 24, 29, 35, 36, 37, (, 39, 25, 26, 27, 8, 9, 10, 25, 26, 27, 8, 9, 10, 25, 26, 27, 8, 9, 10, 25, 42, 30, 13, 14, 15, 16, 31, 13, 14, 15, 16, 32, 13, 14, 15, 16, 43, 25, 26, 27, 8, 9, 10, 25, 26, 27, 8, 9, 10, 25, 26, 27, 8, 9, 10, 25, 46, 47, ), 48, 51]",False,0.6798679867986799
1188,Concurrency_prepared,"[22, (,32,34,33,36,25,26,8,9,10,30,13,14,15,25,26,8,9,10,30,13,14,15,25,26,8,9,10,30,13,14,15,25,26,8,9,10,30,13,14,15,25,26,8,9,10,30,13,14,15,25,26,8,9,10,30,13,14,15,37,38,)]","[22, 3, 4, 5, 24, 28, 32, 33, (, 34, 25, 26, 8, 9, 10, 25, 26, 8, 9, 10, 25, 26, 8, 9, 10, 25, 26, 8, 9, 10, 25, 26, 8, 9, 10, 25, 26, 8, 36, 29, 30, 13, 14, 15, 16, 29, 30, 13, 14, 15, 16, 29, 30, 13, 14, 15, 16, 29, 30, 13, 14, 15, 16, 29, 30, 13, 14, 15, 16, 29, 30, 13, 37, 9, 10, 25, 26, 8, 9, 10, 25, 26, 8, 9, 10, 25, 26, 8, 9, 10, 25, 26, 8, 9, 10, 25, 38, 14, 15, 16, 29, 30, 13, 14, 15, 16, 29, 30, 13, 14, 15, 16, 29, 30, 13, 14, 15, 16, 29, 30, 13, 14, 15, 16, 29, )]",False,0.4828897338403042
1195,Concurrency_prepared,"[62, 65, 66, 67, 68, (, 72, 35, 36, 58, 45, 72, 35, 36, 40, 14, 45, 72, 35, 36, 42, 22, 45, 72, 35, 36, 38, 30, 45, 72, 35, 36, 58, 45, 75, 75, 75, 75,)]","[49, 52, 55, 58, 61, 62, 3, 4, 5, 6, 7, 65, 66, 67, 68, 64, 71, (, 72, 11, 12, 11, 12, 11, 12, 13, 71, 72, 19, 20, 19, 20, 19, 20, 19, 20, 19, 20, 21, 71, 72, 27, 28, 27, 28, 27, 28, 27, 28, 27, 28, 27, 71, 72, 35, 36, 37, 39, 41, 44, 59, 45, 35, 36, 37, 39, 41, 44, 59, 45, 35, 36, 37, 39, 40, 35, 36, 14, 50, 15, 11, 12, 11, 12, 11, 71, 74, 75, 74, 75, 37, 39, 41, 44, 59, 45, 35, 36, 37, 39, 41, 42, 35, 22, 53, 23, 19, 74, 75, 74, 75, 74, )]",False,0.36404494382022473
1195,Concurrency_prepared,"[62, 65, 66, 67, 68, (, 72, 35, 36, 58, 45, 72, 35, 36, 40, 14, 45, 72, 35, 36, 58, 45, 72, 35, 36, 40, 14, 45, 72, 35, 36, 42, 22, 45, 72, 35, 36, 58, 45, 72, 35, 36, 40, 14, 45, 72, 35, 36, 42, 22, 45, 72, 35, 36, 38, 30, 45, 72, 35, 36, 58, 45,), 75]","[49, 52, 55, 58, 61, 62, 3, 4, 5, 6, 7, 65, 66, 67, 68, 64, 71, (, 72, 11, 12, 11, 12, 11, 12, 13, 71, 72, 19, 20, 19, 20, 19, 20, 19, 20, 19, 20, 21, 71, 72, 27, 28, 27, 28, 27, 28, 27, 28, 27, 28, 27, 28, 27, 28, 27, 28, 27, 28, 27, 28, 27, 71, 72, 35, 36, 37, 39, 41, 44, 59, 45, 35, 36, 37, 39, 41, 44, 59, 45, 35, 36, 37, 39, 40, 35, 36, 71, 74, 75, 14, 50, 15, 11, 12, 11, 12, 11, 12, 13, 37, 39, 41, 44, 59, 45, 35, 36, 37, 39, 41, 42, 35, 36, 22, 53, 23, 19, 20, 19, 20, 19, 20, 19, 20, 19, 20, 21, 37, 39, 40, 35, 36, 14, 50, 15, 11, 12, 11, 12, 11, 12, 13, 37, 39, 41, 44, 59, 45, 35, 36, 37, 39, 41, 44, 59, 45, 35, 36, 37, 39, 40, 35, 36, 14, 50, 15, 11, 12, 11, 74, 75, 37, 39, 41, 42, 35, 22, 53, 23, 19, 74, 75, 74, 75, 74, )]",False,0.2183288409703504
1195,Concurrency_prepared,"[62, 65, 66, 67, 68, (, 72, 35, 36, 58, 45, 72, 35, 36, 40, 14, 45, 72, 35, 36, 42, 22, 45, 72, 35, 36, 58, 45, 72, 35, 36, 40, 14, 45, 72, 35, 36, 42, 22, 45, 72, 35, 36, 38, 30, 45, 72, 35, 36, 58, 45, 72, 35, 36, 40, 14, 45, 72, 35, 36, 42, 22, 45, 72, 35, 36, 38, 30, 45, 72, 35, 36, 58, 45, 72, 35, 36, 40, 14, 45, 72, 35, 36, 42, 22, 45, 72, 35, 36, 38, 30, 45,), 75]","[49, 52, 55, 58, 61, 62, 3, 4, 5, 6, 7, 65, 66, 67, 68, 64, 71, (, 72, 11, 12, 11, 12, 11, 12, 13, 71, 72, 19, 20, 19, 20, 19, 20, 19, 20, 19, 20, 21, 71, 72, 27, 28, 27, 28, 27, 28, 27, 28, 27, 28, 27, 28, 27, 28, 27, 28, 27, 28, 27, 28, 27, 28, 27, 28, 27, 28, 27, 28, 27, 28, 29, 71, 72, 35, 36, 37, 39, 41, 44, 59, 45, 35, 36, 37, 39, 41, 44, 59, 45, 35, 36, 37, 39, 40, 35, 36, 71, 74, 75, 14, 50, 15, 11, 12, 11, 12, 11, 12, 13, 37, 39, 41, 44, 59, 45, 35, 36, 37, 39, 41, 42, 35, 36, 22, 53, 23, 19, 20, 19, 20, 19, 20, 19, 20, 19, 20, 21, 37, 39, 40, 35, 36, 14, 50, 15, 11, 12, 11, 12, 11, 12, 13, 37, 39, 41, 44, 59, 45, 35, 36, 37, 39, 41, 44, 59, 45, 35, 36, 37, 39, 40, 35, 36, 14, 50, 15, 11, 12, 11, 12, 11, 12, 13, 37, 39, 41, 42, 35, 36, 22, 53, 23, 19, 20, 19, 20, 19, 20, 19, 20, 19, 20, 19, 37, 39, 41, 44, 59, 45, 35, 36, 37, 39, 40, 35, 36, 14, 50, 15, 11, 12, 11, 12, 11, 12, 11, 37, 39, 41, 44, 59, 45, 35, 36, 37, 39, 41, 44, 59, 45, 35, 36, 37, 38, 35, 74, 75, 74, 75, 30, 56, 31, 27, 74, 75, 74, )]",False,0.015311004784688996
1195,Concurrency_prepared,"[62, 65, 66, 67, 68, (, 72, 35, 36, 58, 45, 35, 36, 40, 14, 15, 35, 36, 42, 22, 23, 35, 36, 58, 45, 35, 36, 40, 14, 15, 35, 36, 42, 22, 23, 35, 36, 58, 45, 35, 36, 38, 30, 31, 35, 36, 58, 45, 35, 36, 40, 14, 15, 35, 36, 42, 22, 23, 35, 36, 58, 45, 35, 36, 40, 14, 15, 35, 36, 42, 22, 23, 35, 36, 58, 45, 35, 36, 38, 30, 31, 35, 36, 58, 45, 35, 36, 40, 14, 15, 35, 36, 42, 22, 23, 35, 36, 58, 45, 35, 36, 40, 14, 15, 35, 36, 42, 22, 23, 35, 36, 58, 45, 35, 36, 38, 30, 31, 35, 36, 58, 45, 35, 36, 40, 14, 15, 35, 36, 42, 22, 23, 35, 36, 58, 45, 35, 36, 40, 14, 15, 35, 36, 42, 22, 23, 35, 36, 58, 45, 35, 36, 38, 30, 31, 35, 36, 58, 45,), 74]","[49, 52, 55, 58, 61, 62, 3, 4, 5, 6, 7, 65, 66, 67, 68, 64, 71, (, 72, 11, 12, 11, 12, 11, 12, 13, 71, 72, 19, 20, 19, 20, 19, 20, 19, 20, 19, 20, 21, 71, 72, 27, 28, 27, 28, 27, 28, 27, 28, 27, 28, 27, 28, 27, 28, 27, 28, 27, 28, 27, 28, 27, 28, 27, 28, 27, 28, 27, 28, 27, 28, 29, 71, 72, 35, 36, 37, 39, 41, 44, 59, 45, 35, 36, 37, 39, 41, 44, 59, 45, 35, 36, 37, 39, 40, 35, 36, 71, 73, 74, 14, 50, 15, 11, 12, 11, 12, 11, 12, 13, 37, 39, 41, 44, 59, 45, 35, 36, 37, 39, 41, 42, 35, 36, 22, 53, 23, 19, 20, 19, 20, 19, 20, 19, 20, 19, 20, 21, 37, 39, 40, 35, 36, 14, 50, 15, 11, 12, 11, 12, 11, 12, 13, 37, 39, 41, 44, 59, 45, 35, 36, 37, 39, 41, 44, 59, 45, 35, 36, 37, 39, 40, 35, 36, 14, 50, 15, 11, 12, 11, 12, 11, 12, 13, 37, 39, 41, 42, 35, 36, 22, 53, 23, 19, 20, 19, 20, 19, 20, 19, 20, 19, 20, 19, 20, 19, 20, 19, 20, 19, 20, 19, 20, 21, 37, 39, 41, 44, 59, 45, 35, 36, 37, 39, 40, 35, 36, 14, 50, 15, 11, 12, 11, 12, 11, 12, 11, 12, 11, 12, 11, 12, 13, 37, 39, 41, 44, 59, 45, 35, 36, 37, 39, 41, 44, 59, 45, 35, 36, 37, 38, 35, 36, 30, 56, 31, 27, 28, 27, 28, 27, 28, 27, 28, 27, 28, 27, 37, 39, 41, 44, 59, 45, 35, 36, 37, 39, 41, 44, 59, 45, 35, 36, 37, 39, 40, 35, 36, 14, 50, 15, 11, 12, 11, 12, 11, 37, 39, 41, 44, 59, 45, 35, 36, 37, 39, 41, 42, 35, 73, 74, 22, 53, 23, 19, 73, 74, 73, 74, 73, )]",False,0.008191126279863481
1195,Concurrency_prepared,"[49, 52, 55, 58, 62, 65, 66, 67, 68, 71, 72, 74, 75]","[49, 52, 55, 58, 61, 62, 3, 4, 5, 6, 7, 65, 66, 67, 68, 64, 71, (, 72, 11, 71, 72, 19, 71, 72, 27, 71, 72, 35, 71, 74, 75, 74, 75, 74, 75, 74, 75, 74, )]",False,0.5066666666666667
1242,Concurrency_prepared,"[57, 58, 3, 4, 5, 6, 7, 26, 27, 30, 31, 32, 33, 35, 30, 31, 32, 33, 35, 30, 31, 32, 33, 35, 30, 31, 32, 33, 35, 30, 31, 32, 33, 35, 30, 31, 32, 33, 35, 30, 31, 32, 33, 35, 30, 31, 32, 33, 35, 30, 31, 32, 33, 35, 38, (, 10, 11, 16, 18, 19, 20, 21, 22, 24, 10, 11, 16, 18, 19, 20, 21, 22, 24, 10, 11, 12, 13, 10, 11, 12, 13, 10, 11, 12, 13, 10, 11, 12, 13, 10, 11, 12, 13, 10, 11, 12, 13, 10, 11, 12, 13, 10, 11, 12, 13, 10, 11, 12, 13, 10, 11, 12, 13, 10, 11, 12, 13, 10, 11, 12, 13, 10, 11, 12, 13, 10, 11, 12, 13, 10, 11, 12, 13, 10, 11, 12, 13, 10, 11, 12, 13, 10, 11, 12, 13, 10, 11, 12, 13, 10, 11, 12, 13, 10, 11, 12, 13, 10, 11, 12, 13, 10, 11, 12, 13, 10, 11, 12, 13, 10, 11, 12, 13, 10, 11, 12, 13, 10, 11, 12, 13, 10, 11, 12, 13, 10, 11, 12, 13, 10, 11, 12, 13, 10, 11, 12, 13, 10, 11, 12, 13, 10, 11, 12, 13, 10, 11, 12, 13, 10, 11, 12, 13, 10, 11, 12, 13, 10, 11, 12, 13, 10, 11, 12, 13, 10, 11, 12, 13, 10, 11, 12, 13, 10, 11, 12, 13, 10, 11, 12, 13, 10, 11, 12, 13, 10, 11, 12, 13, 10, 11, 12, 13, 10, 11, 12, 13, 10, 11, 12, 13, 10, 11, 12, 13, 10, 11, 12, 13, 10, 11, 12, 13, 10, 11, 12, 13, 10, 11, 12, 13, 10, 11, 12, 13, 10, 11, 12, 13, 10, 11, 12, 13, 10, 11, 12, 13, 10, 11, 12, 13, 10, 11, 12, 13, 10, 11, 12, 13, 10, 11, 12, 13, 10, 11, 12, 13, 10, 11, 12, 13, 10, 11, 12, 13, 10, 11, 12, 13, 10, 11, 12, 13, 10, 11, 12, 13, 10, 11, 12, 13, 10, 11, 12, 13, 10, 11, 12, 13, 10, 11, 12, 13, 10, 11, 12, 13, 10, 11, 12, 13, 10, 11, 12, 13, 10, 11, 12, 13, 10, 11, 12, 13, 10, 11, 12, 13, 10, 11, 12, 13, 10, 11, 12, 13, 10, 11, 12, 13, 10, 11, 12, 13, 10, 11, 12, 13, 10, 11, 12, 13, 10, 11, 12, 13, 10, 11, 12, 13, 10, 11, 12, 13, 10, 11, 12, 13, 10, 11, 12, 13, 10, 11, 12, 13, 10, 11, 12, 13, 10, 11, 12, 13, 10, 11, 12, 13, 10, 11, 12, 13, 10, 11, 12, 13, 10, 11, 12, 13, 10, 11, 12, 13, 10, 11, 12, 13, 10, 11, 12, 13, 10, 11, 12, 13, 10, 11, 12, 13, 10, 11, 12, 13, 10, 11, 12, 13, 10, 11, 12, 13, 10, 11, 12, 13, 10, 11, 12, 13, 10, 11, 12, 13, 10, 11, 12, 13, 10, 11, 12, 13, 10, 11, 12, 13, 10, 11, 12, 13, 10, 11, 12, 13, 10, 11, 12, 13, 10, 11, 12, 13, 10, 11, 12, 13, 10, 11, 12, 13, 10, 11, 12, 13, 10, 11, 12, 13, 10, 11, 12, 13, 10, 11, 12, 13, 10, 11, 12, 13, 10, 11, 12, 13, 10, 11, 12, 13, 10, 11, 12, 13, 10, 11, 12, 13, 10, 11, 12, 13, 10, 11, 12, 13, 10, 11, 12, 13, 10, 11, 12, 13, 10, 11, 12, 13, 10, 11, 12, 13, 10, 11, 12, 13, 10, 11, 12, 13, 10, 11, 12, 13, 10, 11, 12, 13, 10, 11, 12, 13, 10, 11, 12, 13, 10, 11, 12, 13, 10, 11, 12, 13, 10, 11, 12, 13, 10, 11, 12, 13, 10, 11, 12, 13, 10, 11, 12, 13, 10, 11, 12, 13, 10, 11, 12, 13, 10, 11, 12, 13, 10, 11, 12, 13, 10, 11, 12, 13, 10, 11, 12, 13, 10, 11, 12, 13, 10, 11, 12, 13, 10, 11, 12, 13, 10, 11, 12, 13, 10, 11, 12, 13, 10, 11, 12, 13, 10, 11, 12, 13, 10, 11, 12, 13, 10, 11, 12, 13, 10, 11, 12, 13, 10, 11, 12, 13, 10, 11, 12, 13, 10, 11, 12, 13, 10, 11, 12, 13, 10, 11, 12, 13, 10, 11, 12, 13, 10, 11, 12, 13, 10, 11, 12, 13, 10, 11, 12, 13, 10, 11, 12, 13, 10, 11, 12, 13, 10, 11, 12, 13, 10, 11, 12, 13, 10, 11, 12, 13, 10, 11, 12, 13, 10, 11, 12, 13, 10, 11, 12, 13, 10, 11, 12, 13, 10, 11, 12, 13, 10, 11, 12, 13, 10, 11, 12, 13, 10, 11, 12, 13, 10, 11, 12, 13, 10, 11, 12, 13, 10, 11, 12, 13, 10, 11, 12, 13, 10, 11, 12, 13, 10, 11, 12, 13, 10, 11, 12, 13, 10, 11, 12, 13, 10, 11, 12, 13, 10, 11, 12, 13, 10, 11, 12, 13, 10, 11, 12, 13, 10, 11, 12, 13, 10, 11, 12, 13, 10, 11, 12, 13, 10, 11, 12, 13, 10, 11, 12, 13, 10, 11, 12, 13, 10, 11, 12, 13, 10, 11, 12, 13, 10, 11, 12, 13, 10, 11, 12, 13, 10, 11, 12, 13, 10, 11, 12, 13, 10, 11, 12, 13, 10, 11, 12, 13, 10, 11, 12, 13, 10, 11, 12, 13, 10, 11, 12, 13, 10, 11, 12, 13, 10, 11, 12, 13, 10, 11, 12, 13, 10, 11, 12, 13, 10, 11, 12, 13, 10, 11, 12, 13, 10, 11, 12, 13, 10, 11, 12, 13, 10, 11, 12, 13, 10, 11, 12, 13, 10, 11, 12, 13, 10, 11, 12, 13, 10, 11, 12, 13, 10, 11, 12, 13, 10, 11, 12, 13, 10, 11, 12, 13, 10, 11, 12, 13, 10, 11, 12, 13, 10, 11, 12, 13, 10, 11, 12, 13, 10, 11, 12, 13, 10, 11, 12, 13, 10, 11, 12, 13, 10, 11, 12, 13, 10, 11, 12, 13, 10, 11, 12, 13, 10, 11, 12, 13, 10, 11, 12, 13, 10, 11, 12, 13, 10, 11, 12, 13]","[53, 54, 57, 58, 3, 1, 4, 5, 6, 7, 9, 26, (, 27, 30, 31, 32, 33, 10, 11, 12, 16, 55, 18, 1, 19, 20, 21, 22, 19, 16, 18, 1, 19, 20, 21, 22, 19, 16, 24, 10, 11, 12, 16, 55, 18, 1, 19, 20, 19, 16, 18, 1, 19, 20, 19, 16, 24, 10, 11, 12, 16, 55, 18, 1, 19, 20, 19, 16, 18, 1, 19, 20, 19, 16, 24, 10, 11, 35, 30, 31, 32, 33, 10, 11, 35, 30, 31, 32, 33, 10, 11, 35, 30, 31, 32, 33, 10, 11, 35, 30, 31, 32, 33, 10, 11, 35, 30, 31, 32, 33, 10, 11, 35, 30, 31, 32, 33, 10, 11, 35, 30, 31, 32, 33, 10, 11, 35, 30, 31, 32, 33, 10, 11, 35, 30, 31, 32, 33, 10, 11, 35, 30, 38, 41, 42, 41, 42, 41, 42, 41, 42, 41, 42, 41, 42, 41, 42, 41, 42, 41, 42, 41, 42, 41, 45, 46, 12, 13, 45, 46, 12, 13, 12, 13, 12, 13, 12, 13, 12, 13, 12, 13, 12, 13, 12, 13, 12, 13, 45, 46, 45, 46, 45, 46, 45, 46, 45, 46, 45, 46, 45, 46, 45, 46, 45, ), 48, 59]",False,0.026615969581749048
1242,Concurrency_prepared,"[55, 56, 3, 4, 5, 6, 7, 26, 27, 30, 31, 32, 33, 35, 30, 31, 32, 33, 35, 30, 31, 32, 33, 35, 30, 31, 32, 33, 35, 30, 31, 32, 33, 35, 30, 31, 32, 33, 35, 30, 31, 32, 33, 35, 30, 31, 32, 33, 35, 30, 31, 32, 33, 35, 38, (, 11, 16, 18, 19, 20, 21, 22, 24, 11, 16, 18, 19, 20, 21, 22, 24, 11, 16, 18, 19, 20, 21, 22, 24, 11, 16, 18, 19, 20, 21, 22, 24, 11, 16, 18, 19, 20, 21, 22, 24, 11, 16, 18, 19, 20, 21, 22, 24, 11, 16, 18, 19, 20, 21, 22, 24, 11, 16, 18, 19, 20, 21, 22, 24, 11, 16, 18, 19, 20, 21, 22, 24, 11, 16, 18, 19, 20, 21, 22, 24, 11, 16, 18, 19, 20, 21, 22, 24, 11, 16, 18, 19, 20, 21, 22, 24, 11, 16, 18, 19, 20, 21, 22, 24, 11, 16, 18, 19, 20, 21, 22, 24, 11, 16, 18, 19, 20, 21, 22, 24, 11, 16, 18, 19, 20, 21, 22, 24, 11, 16, 18, 19, 20, 21, 22, 24, 11, 16, 18, 19, 20, 21, 22, 24, 11, 16, 18, 19, 20, 21, 22, 24, 11, 16, 18, 19, 20, 21, 22, 24, 11, 16, 18, 19, 20, 21, 22, 24, 11, 16, 18, 19, 20, 21, 22, 24, 11, 16, 18, 19, 20, 21, 22, 24, 11, 16, 18, 19, 20, 21, 22, 24, 11, 16, 18, 19, 20, 21, 22, 24, 11, 16, 18, 19, 20, 21, 22, 24, 11, 16, 18, 19, 20, 21, 22, 24, 11, 16, 18, 19, 20, 21, 22, 24, 11, 16, 18, 19, 20, 21, 22, 24, 11, 16, 18, 19, 20, 21, 22, 24, 11, 16, 18, 19, 20, 21, 22, 24, 11, 16, 18, 19, 20, 21, 22, 24, 11, 16, 18, 19, 20, 21, 22, 24, 11, 16, 18, 19, 20, 21, 22, 24, 11, 16, 18, 19, 20, 21, 22, 24, 11, 16, 18, 19, 20, 21, 22, 24, 11, 16, 18, 19, 20, 21, 22, 24, 11, 16, 18, 19, 20, 21, 22, 24, 11, 16, 18, 19, 20, 21, 22, 24, 11, 16, 18, 19, 20, 21, 22, 24, 11, 16, 18, 19, 20, 21, 22, 24, 11, 16, 18, 19, 20, 21, 22, 24, 11, 16, 18, 19, 20, 21, 22, 24, 11, 16, 18, 19, 20, 21, 22, 24, 11, 16, 18, 19, 20, 21, 22, 24, 11, 16, 18, 19, 20, 21, 22, 24, 11, 16, 18, 19, 20, 21, 22, 24, 11, 16, 18, 19, 20, 21, 22, 24, 11, 16, 18, 19, 20, 21, 22, 24, 11, 16, 18, 19, 20, 21, 22, 24, 11, 16, 18, 19, 20, 21, 22, 24, 11, 16, 18, 19, 20, 21, 22, 24, 11, 16, 18, 19, 20, 21, 22, 24, 11, 16, 18, 19, 20, 21, 22, 24, 11, 16, 18, 19, 20, 21, 22, 24, 11, 16, 18, 19, 20, 21, 22, 24, 11, 16, 18, 19, 20, 21, 22, 24, 11, 16, 18, 19, 20, 21, 22, 24, 11, 16, 18, 19, 20, 21, 22, 24, 11, 16, 18, 19, 20, 21, 22, 24, 11, 16, 18, 19, 20, 21, 22, 24, 11, 16, 18, 19, 20, 21, 22, 24, 11, 16, 18, 19, 20, 21, 22, 24, 11, 16, 18, 19, 20, 21, 22, 24, 11, 16, 18, 19, 20, 21, 22, 24, 11, 16, 18, 19, 20, 21, 22, 24, 11, 16, 18, 19, 20, 21, 22, 24, 11, 16, 18, 19, 20, 21, 22, 24, 11, 16, 18, 19, 20, 21, 22, 24, 11, 16, 18, 19, 20, 21, 22, 24, 11, 16, 18, 19, 20, 21, 22, 24, 11, 16, 18, 19, 20, 21, 22, 24, 11, 16, 18, 19, 20, 21, 22, 24, 11, 16, 18, 19, 20, 21, 22, 24, 11, 16, 18, 19, 20, 21, 22, 24, 11, 16, 18, 19, 20, 21, 22, 24, 11, 16, 18, 19, 20, 21, 22, 24, 11, 16, 18, 19, 20, 21, 22, 24, 11, 16, 18, 19, 20, 21, 22, 24, 11, 16, 18, 19, 20, 21, 22, 24, 11, 16, 18, 19, 20, 21, 22, 24, 11, 16, 18, 19, 20, 21, 22, 24, 11, 16, 18, 19, 20, 21, 22, 24, 11, 16, 18, 19, 20, 21, 22, 24, 11, 16, 18, 19, 20, 21, 22, 24, 11, 16, 18, 19, 20, 21, 22, 24, 11, 16, 18, 19, 20, 21, 22, 24, 11, 16, 18, 19, 20, 21, 22, 24, 11, 16, 18, 19, 20, 21, 22, 24, 11, 16, 18, 19, 20, 21, 22, 24, 11, 16, 18, 19, 20, 21, 22, 24, 11, 16, 18, 19, 20, 21, 22, 24, 11, 16, 18, 19, 20, 21, 22, 24, 11, 16, 18, 19, 20, 21, 22, 24, 11, 16, 18, 19, 20, 21, 22, 24, 11, 16, 18, 19, 20, 21, 22, 24, 11, 16, 18, 19, 20, 21, 22, 24, 11, 16, 18, 19, 20, 21, 22, 24, 11, 16, 18, 19, 20, 21, 22, 24, 11, 16, 18, 19, 20, 21, 22, 24, 11, 16, 18, 19, 20, 21, 22, 24, 11, 16, 18, 19, 20, 21, 22, 24, 11, 16, 18, 19, 20, 21, 22, 24, 11, 16, 18, 19, 20, 21, 22, 24, 11, 16, 18, 19, 20, 21, 22, 24, 11, 16, 18, 19, 20, 21, 22, 24, 11, 16, 18, 19, 20, 21, 22, 24, 11, 16, 18, 19, 20, 21, 22, 24, 11, 16, 18, 19, 20, 21, 22, 24, 11, 16, 18, 19, 20, 21, 22, 24, 11, 16, 18, 19, 20, 21, 22, 24, 11, 16, 18, 19, 20, 21, 22, 24, 11, 16, 18, 19, 20, 21, 22, 24, 11, 16, 18, 19, 20, 21, 22, 24, 11, 16, 18, 19, 20, 21, 22, 24, 11, 16, 18, 19, 20, 21, 22, 24, 11, 16, 18, 19, 20, 21, 22, 24, 11, 16, 18, 19, 20, 21, 22, 24, 11, 16, 18, 19, 20, 21, 22, 24, 11, 16, 18, 19, 20, 21, 22, 24, 11, 16, 18, 19, 20, 21, 22, 24, 11, 16]","[51, 52, 55, 56, 3, 1, 4, 5, 6, 7, 9, 26, (, 27, 30, 31, 32, 33, 10, 11, 12, 16, 53, 18, 1, 19, 20, 21, 22, 19, 16, 18, 1, 19, 20, 21, 22, 19, 16, 18, 1, 19, 20, 21, 22, 19, 16, 24, 10, 11, 12, 16, 53, 18, 1, 19, 20, 19, 16, 18, 1, 19, 20, 19, 16, 18, 1, 19, 20, 19, 16, 24, 10, 11, 12, 16, 53, 18, 1, 19, 20, 19, 16, 18, 1, 19, 20, 19, 16, 18, 1, 19, 20, 19, 16, 24, 10, 11, 12, 16, 53, 18, 1, 19, 20, 19, 16, 18, 1, 19, 20, 19, 16, 18, 1, 19, 20, 19, 16, 24, 10, 11, 35, 30, 31, 32, 33, 10, 11, 35, 30, 31, 32, 33, 10, 11, 35, 30, 31, 32, 33, 10, 11, 35, 30, 31, 32, 33, 10, 11, 35, 30, 31, 32, 33, 10, 11, 35, 30, 31, 32, 33, 10, 11, 35, 30, 31, 32, 33, 10, 11, 35, 30, 31, 32, 33, 10, 11, 35, 30, 31, 32, 33, 10, 11, 35, 30, 38, 41, 42, 41, 42, 41, 42, 41, 42, 41, 42, 41, 42, 41, 42, 41, 42, 41, 42, 41, 42, 41, 45, 46, 12, 13, 12, 13, 12, 13, 12, 13, 12, 13, 12, 13, 12, 13, 12, 13, 12, 13, 12, 13, 45, 46, 45, 46, 45, 46, 45, 46, 45, 46, 45, 46, 45, 46, 45, 46, 45, 46, 45, ), 48, 57]",False,0.009978991596638655
1242,Concurrency_prepared,"[55, 56, 3, 4, 5, 6, 7, 26, 27, 30, 31, 32, 33, 35, 30, 31, 32, 33, 35, 30, 31, 32, 33, 35, 30, 31, 32, 33, 35, 30, 31, 32, 33, 35, 30, 31, 32, 33, 35, 30, 31, 32, 33, 35, 30, 31, 32, 33, 35, 30, 31, 32, 33, 35, 38, (, 10, 11, 16, 18, 19, 20, 21, 22, 24, 10, 11, 16, 18, 19, 20, 21, 22, 24, 10, 11, 16, 18, 19, 20, 21, 22, 24, 10, 11, 16, 18, 19, 20, 21, 22, 24, 10, 11, 16, 18, 19, 20, 21, 22, 24, 10, 11, 16, 18, 19, 20, 21, 22, 24, 10, 11, 16, 18, 19, 20, 21, 22, 24, 10, 11, 16, 18, 19, 20, 21, 22, 24, 10, 11, 16, 18, 19, 20, 21, 22, 24, 10, 11, 16, 18, 19, 20, 21, 22, 24, 10, 11, 16, 18, 19, 20, 21, 22, 24, 10, 11, 16, 18, 19, 20, 21, 22, 24, 10, 11, 16, 18, 19, 20, 21, 22, 24, 10, 11, 16, 18, 19, 20, 21, 22, 24, 10, 11, 16, 18, 19, 20, 21, 22, 24, 10, 11, 16, 18, 19, 20, 21, 22, 24, 10, 11, 16, 18, 19, 20, 21, 22, 24, 10, 11, 16, 18, 19, 20, 21, 22, 24, 10, 11, 16, 18, 19, 20, 21, 22, 24, 10, 11, 16, 18, 19, 20, 21, 22, 24, 10, 11, 16, 18, 19, 20, 21, 22, 24, 10, 11, 16, 18, 19, 20, 21, 22, 24, 10, 11, 16, 18, 19, 20, 21, 22, 24, 10, 11, 16, 18, 19, 20, 21, 22, 24, 10, 11, 16, 18, 19, 20, 21, 22, 24, 10, 11, 16, 18, 19, 20, 21, 22, 24, 10, 11, 16, 18, 19, 20, 21, 22, 24, 10, 11, 16, 18, 19, 20, 21, 22, 24, 10, 11, 16, 18, 19, 20, 21, 22, 24, 10, 11, 16, 18, 19, 20, 21, 22, 24, 10, 11, 16, 18, 19, 20, 21, 22, 24, 10, 11, 16, 18, 19, 20, 21, 22, 24, 10, 11, 16, 18, 19, 20, 21, 22, 24, 10, 11, 16, 18, 19, 20, 21, 22, 24, 10, 11, 16, 18, 19, 20, 21, 22, 24, 10, 11, 16, 18, 19, 20, 21, 22, 24, 10, 11, 16, 18, 19, 20, 21, 22, 24, 10, 11, 16, 18, 19, 20, 21, 22, 24, 10, 11, 16, 18, 19, 20, 21, 22, 24, 10, 11, 16, 18, 19, 20, 21, 22, 24, 10, 11, 16, 18, 19, 20, 21, 22, 24, 10, 11, 16, 18, 19, 20, 21, 22, 24, 10, 11, 16, 18, 19, 20, 21, 22, 24, 10, 11, 16, 18, 19, 20, 21, 22, 24, 10, 11, 16, 18, 19, 20, 21, 22, 24, 10, 11, 16, 18, 19, 20, 21, 22, 24, 10, 11, 16, 18, 19, 20, 21, 22, 24, 10, 11, 16, 18, 19, 20, 21, 22, 24, 10, 11, 16, 18, 19, 20, 21, 22, 24, 10, 11, 16, 18, 19, 20, 21, 22, 24, 10, 11, 16, 18, 19, 20, 21, 22, 24, 10, 11, 16, 18, 19, 20, 21, 22, 24, 10, 11, 16, 18, 19, 20, 21, 22, 24, 10, 11, 16, 18, 19, 20, 21, 22, 24, 10, 11, 16, 18, 19, 20, 21, 22, 24, 10, 11, 16, 18, 19, 20, 21, 22, 24, 10, 11, 16, 18, 19, 20, 21, 22, 24, 10, 11, 16, 18, 19, 20, 21, 22, 24, 10, 11, 16, 18, 19, 20, 21, 22, 24, 10, 11, 16, 18, 19, 20, 21, 22, 24, 10, 11, 16, 18, 19, 20, 21, 22, 24, 10, 11, 16, 18, 19, 20, 21, 22, 24, 10, 11, 16, 18, 19, 20, 21, 22, 24, 10, 11, 16, 18, 19, 20, 21, 22, 24, 10, 11, 16, 18, 19, 20, 21, 22, 24, 10, 11, 16, 18, 19, 20, 21, 22, 24, 10, 11, 16, 18, 19, 20, 21, 22, 24, 10, 11, 16, 18, 19, 20, 21, 22, 24, 10, 11, 16, 18, 19, 20, 21, 22, 24, 10, 11, 16, 18, 19, 20, 21, 22, 24, 10, 11, 16, 18, 19, 20, 21, 22, 24, 10, 11, 16, 18, 19, 20, 21, 22, 24, 10, 11, 16, 18, 19, 20, 21, 22, 24, 10, 11, 16, 18, 19, 20, 21, 22, 24, 10, 11, 16, 18, 19, 20, 21, 22, 24, 10, 11, 16, 18, 19, 20, 21, 22, 24, 10, 11, 16, 18, 19, 20, 21, 22, 24, 10, 11, 16, 18, 19, 20, 21, 22, 24, 10, 11, 16, 18, 19, 20, 21, 22, 24, 10, 11, 16, 18, 19, 20, 21, 22, 24, 10, 11, 16, 18, 19, 20, 21, 22, 24, 10, 11, 16, 18, 19, 20, 21, 22, 24, 10, 11, 16, 18, 19, 20, 21, 22, 24, 10, 11, 16, 18, 19, 20, 21, 22, 24, 10, 11, 16, 18, 19, 20, 21, 22, 24, 10, 11, 16, 18, 19, 20, 21, 22, 24, 10, 11, 16, 18, 19, 20, 21, 22, 24, 10, 11, 16, 18, 19, 20, 21, 22, 24, 10, 11, 16, 18, 19, 20, 21, 22, 24, 10, 11, 16, 18, 19, 20, 21, 22, 24, 10, 11, 16, 18, 19, 20, 21, 22, 24, 10, 11, 16, 18, 19, 20, 21, 22, 24, 10, 11, 16, 18, 19, 20, 21, 22, 24, 10, 11, 16, 18, 19, 20, 21, 22, 24, 10, 11, 16, 18, 19, 20, 21, 22, 24, 10, 11, 16, 18, 19, 20, 21, 22, 24, 10, 11, 16, 18, 19, 20, 21, 22, 24, 10, 11, 16, 18, 19, 20, 21, 22, 24, 10, 11, 16, 18, 19, 20, 21, 22, 24, 10, 11, 16, 18, 19, 20, 21, 22, 24, 10, 11, 16, 18, 19, 20, 21, 22, 24, 10, 11, 16, 18, 19, 20, 21, 22, 24, 10, 11, 16, 18, 19, 20, 21, 22, 24, 10, 11, 16, 18, 19, 20, 21, 22, 24, 10, 11, 16, 18, 19, 20, 21, 22, 24, 10, 11, 16, 18, 19, 20, 21, 22, 24, 10, 11, 16, 18, 19, 20, 21, 22, 24, 10, 11, 16, 18, 19, 20, 21]","[51, 52, 55, 56, 3, 1, 4, 5, 6, 7, 9, 26, (, 27, 30, 31, 32, 33, 10, 11, 12, 16, 53, 18, 1, 19, 20, 21, 22, 19, 16, 18, 1, 19, 20, 21, 22, 19, 16, 18, 1, 19, 20, 21, 22, 19, 16, 18, 1, 19, 20, 21, 22, 19, 16, 24, 10, 11, 12, 16, 53, 18, 1, 19, 20, 19, 16, 18, 1, 19, 20, 19, 16, 18, 1, 19, 20, 19, 16, 18, 1, 19, 20, 19, 16, 24, 10, 11, 12, 16, 53, 18, 1, 19, 20, 19, 16, 18, 1, 19, 20, 19, 16, 18, 1, 19, 20, 19, 16, 18, 1, 19, 20, 19, 16, 24, 10, 11, 12, 16, 53, 18, 1, 19, 20, 19, 16, 18, 1, 19, 20, 19, 16, 18, 1, 19, 20, 19, 16, 18, 1, 19, 20, 19, 16, 24, 10, 11, 12, 16, 53, 18, 1, 19, 20, 19, 16, 18, 1, 19, 20, 19, 16, 18, 1, 19, 20, 19, 16, 18, 1, 19, 20, 19, 16, 24, 10, 11, 35, 30, 31, 32, 33, 10, 11, 35, 30, 31, 32, 33, 10, 11, 35, 30, 31, 32, 33, 10, 11, 35, 30, 31, 32, 33, 10, 11, 35, 30, 31, 32, 33, 10, 11, 35, 30, 31, 32, 33, 10, 11, 35, 30, 31, 32, 33, 10, 11, 35, 30, 31, 32, 33, 10, 11, 35, 30, 31, 32, 33, 10, 11, 35, 30, 38, 41, 42, 41, 42, 41, 42, 41, 42, 41, 42, 41, 42, 41, 42, 41, 42, 41, 42, 41, 42, 41, 45, 46, 12, 13, 45, 46, 12, 13, 12, 13, 12, 13, 12, 13, 12, 13, 12, 13, 12, 13, 12, 13, 12, 13, 45, 46, 45, 46, 45, 46, 45, 46, 45, 46, 45, 46, 45, 46, 45, 46, 45, ), 48, 57]",False,0.009576612903225807
1242,Concurrency_prepared,"[55, 56, 3, 4, 5, 6, 7, 26, 27, 30, 31, 32, 33, 35, 30, 31, 32, 33, 35, 30, 31, 32, 33, 35, 30, 31, 32, 33, 35, 30, 31, 32, 33, 35, 30, 31, 32, 33, 35, 30, 31, 32, 33, 35, 30, 31, 32, 33, 35, 38, (, 10, 11, 16, 18, 19, 20, 21, 22, 10, 11, 16, 18, 19, 20, 21, 22, 10, 11, 16, 18, 19, 20, 21, 22, 10, 11, 16, 18, 19, 20, 21, 22, 10, 11, 16, 18, 19, 20, 21, 22, 10, 11, 16, 18, 19, 20, 21, 22, 10, 11, 16, 18, 19, 20, 21, 22, 10, 11, 16, 18, 19, 20, 21, 22, 10, 11, 16, 18, 19, 20, 21, 22, 10, 11, 16, 18, 19, 20, 21, 22, 10, 11, 16, 18, 19, 20, 21, 22, 10, 11, 16, 18, 19, 20, 21, 22, 10, 11, 16, 18, 19, 20, 21, 22, 10, 11, 16, 18, 19, 20, 21, 22, 10, 11, 16, 18, 19, 20, 21, 22, 10, 11, 16, 18, 19, 20, 21, 22, 10, 11, 16, 18, 19, 20, 21, 22, 10, 11, 16, 18, 19, 20, 21, 22, 10, 11, 16, 18, 19, 20, 21, 22, 10, 11, 16, 18, 19, 20, 21, 22, 10, 11, 16, 18, 19, 20, 21, 22, 10, 11, 16, 18, 19, 20, 21, 22, 10, 11, 16, 18, 19, 20, 21, 22, 10, 11, 16, 18, 19, 20, 21, 22, 10, 11, 16, 18, 19, 20, 21, 22, 10, 11, 16, 18, 19, 20, 21, 22, 10, 11, 16, 18, 19, 20, 21, 22, 10, 11, 16, 18, 19, 20, 21, 22, 10, 11, 16, 18, 19, 20, 21, 22, 10, 11, 16, 18, 19, 20, 21, 22, 10, 11, 16, 18, 19, 20, 21, 22, 10, 11, 16, 18, 19, 20, 21, 22, 10, 11, 16, 18, 19, 20, 21, 22, 10, 11, 16, 18, 19, 20, 21, 22, 10, 11, 16, 18, 19, 20, 21, 22, 10, 11, 16, 18, 19, 20, 21, 22, 10, 11, 16, 18, 19, 20, 21, 22, 10, 11, 16, 18, 19, 20, 21, 22, 10, 11, 16, 18, 19, 20, 21, 22, 10, 11, 16, 18, 19, 20, 21, 22, 10, 11, 16, 18, 19, 20, 21, 22, 10, 11, 16, 18, 19, 20, 21, 22, 10, 11, 16, 18, 19, 20, 21, 22, 10, 11, 16, 18, 19, 20, 21, 22, 10, 11, 16, 18, 19, 20, 21, 22, 10, 11, 16, 18, 19, 20, 21, 22, 10, 11, 16, 18, 19, 20, 21, 22, 10, 11, 16, 18, 19, 20, 21, 22, 10, 11, 16, 18, 19, 20, 21, 22, 10, 11, 16, 18, 19, 20, 21, 22, 10, 11, 16, 18, 19, 20, 21, 22, 10, 11, 16, 18, 19, 20, 21, 22, 10, 11, 16, 18, 19, 20, 21, 22, 10, 11, 16, 18, 19, 20, 21, 22, 10, 11, 16, 18, 19, 20, 21, 22, 10, 11, 16, 18, 19, 20, 21, 22, 10, 11, 16, 18, 19, 20, 21, 22, 10, 11, 16, 18, 19, 20, 21, 22, 10, 11, 16, 18, 19, 20, 21, 22, 10, 11, 16, 18, 19, 20, 21, 22, 10, 11, 16, 18, 19, 20, 21, 22, 10, 11, 16, 18, 19, 20, 21, 22, 10, 11, 16, 18, 19, 20, 21, 22, 10, 11, 16, 18, 19, 20, 21, 22, 10, 11, 16, 18, 19, 20, 21, 22, 10, 11, 16, 18, 19, 20, 21, 22, 10, 11, 16, 18, 19, 20, 21, 22, 10, 11, 16, 18, 19, 20, 21, 22, 10, 11, 16, 18, 19, 20, 21, 22, 10, 11, 16, 18, 19, 20, 21, 22, 10, 11, 16, 18, 19, 20, 21, 22, 10, 11, 16, 18, 19, 20, 21, 22, 10, 11, 16, 18, 19, 20, 21, 22, 10, 11, 16, 18, 19, 20, 21, 22, 10, 11, 16, 18, 19, 20, 21, 22, 10, 11, 16, 18, 19, 20, 21, 22, 10, 11, 16, 18, 19, 20, 21, 22, 10, 11, 16, 18, 19, 20, 21, 22, 10, 11, 16, 18, 19, 20, 21, 22, 10, 11, 16, 18, 19, 20, 21, 22, 10, 11, 16, 18, 19, 20, 21, 22, 10, 11, 16, 18, 19, 20, 21, 22, 10, 11, 16, 18, 19, 20, 21, 22, 10, 11, 16, 18, 19, 20, 21, 22, 10, 11, 16, 18, 19, 20, 21, 22, 10, 11, 16, 18, 19, 20, 21, 22, 10, 11, 16, 18, 19, 20, 21, 22, 10, 11, 16, 18, 19, 20, 21, 22, 10, 11, 16, 18, 19, 20, 21, 22, 10, 11, 16, 18, 19, 20, 21, 22, 10, 11, 16, 18, 19, 20, 21, 22, 10, 11, 16, 18, 19, 20, 21, 22, 10, 11, 16, 18, 19, 20, 21, 22, 10, 11, 16, 18, 19, 20, 21, 22, 10, 11, 16, 18, 19, 20, 21, 22, 10, 11, 16, 18, 19, 20, 21, 22, 10, 11, 16, 18, 19, 20, 21, 22, 10, 11, 16, 18, 19, 20, 21, 22, 10, 11, 16, 18, 19, 20, 21, 22, 10, 11, 16, 18, 19, 20, 21, 22, 10, 11, 16, 18, 19, 20, 21, 22, 10, 11, 16, 18, 19, 20, 21, 22, 10, 11, 16, 18, 19, 20, 21, 22, 10, 11, 16, 18, 19, 20, 21, 22, 10, 11, 16, 18, 19, 20, 21, 22, 10, 11, 16, 18, 19, 20, 21, 22, 10, 11, 16, 18, 19, 20, 21, 22, 10, 11, 16, 18, 19, 20, 21, 22, 10, 11, 16, 18, 19, 20, 21, 22, 10, 11, 16, 18, 19, 20, 21, 22, 10, 11, 16, 18, 19, 20, 21, 22, 10, 11, 16, 18, 19, 20, 21, 22, 10, 11, 16, 18, 19, 20, 21, 22, 10, 11, 16, 18, 19, 20, 21, 22, 10, 11, 16, 18, 19, 20, 21, 22, 10, 11, 16, 18, 19, 20, 21, 22, 10, 11, 16, 18, 19, 20, 21, 22, 10, 11, 16, 18, 19, 20, 21, 22, 10, 11, 16, 18, 19, 20, 21, 22, 10, 11, 16, 18, 19, 20, 21, 22, 10, 11, 16, 18, 19, 20, 21, 22, 10, 11, 16, 18, 19, 20, 21]","[51, 52, 55, 56, 3, 1, 4, 5, 6, 7, 9, 26, (, 27, 30, 31, 32, 33, 10, 11, 12, 16, 53, 18, 1, 19, 20, 21, 22, 19, 16, 18, 1, 19, 20, 21, 22, 19, 16, 18, 1, 19, 20, 21, 22, 19, 16, 18, 1, 19, 20, 21, 22, 19, 16, 18, 1, 19, 20, 21, 22, 19, 16, 24, 10, 11, 12, 16, 53, 18, 1, 19, 20, 19, 16, 18, 1, 19, 20, 19, 16, 18, 1, 19, 20, 19, 16, 18, 1, 19, 20, 19, 16, 18, 1, 19, 20, 19, 16, 24, 10, 11, 12, 16, 53, 18, 1, 19, 20, 19, 16, 18, 1, 19, 20, 19, 16, 18, 1, 19, 20, 19, 16, 18, 1, 19, 20, 19, 16, 18, 1, 19, 20, 19, 16, 24, 10, 11, 12, 16, 53, 18, 1, 19, 20, 19, 16, 18, 1, 19, 20, 19, 16, 18, 1, 19, 20, 19, 16, 18, 1, 19, 20, 19, 16, 18, 1, 19, 20, 19, 16, 24, 10, 11, 12, 16, 53, 18, 1, 19, 20, 19, 16, 18, 1, 19, 20, 19, 16, 18, 1, 19, 20, 19, 16, 18, 1, 19, 20, 19, 16, 18, 1, 19, 20, 19, 16, 24, 10, 11, 12, 16, 53, 18, 1, 19, 20, 19, 16, 18, 1, 19, 20, 19, 16, 18, 1, 19, 20, 19, 16, 18, 1, 19, 20, 19, 16, 18, 1, 19, 20, 19, 16, 24, 10, 11, 35, 30, 31, 32, 33, 10, 11, 35, 30, 31, 32, 33, 10, 11, 35, 30, 31, 32, 33, 10, 11, 35, 30, 31, 32, 33, 10, 11, 35, 30, 31, 32, 33, 10, 11, 35, 30, 31, 32, 33, 10, 11, 35, 30, 31, 32, 33, 10, 11, 35, 30, 31, 32, 33, 10, 11, 35, 30, 31, 32, 33, 10, 11, 35, 30, 38, 41, 42, 41, 42, 41, 42, 41, 42, 41, 42, 41, 42, 41, 42, 41, 42, 41, 42, 41, 42, 41, 45, 46, 12, 13, 12, 13, 12, 13, 12, 13, 12, 13, 12, 13, 12, 13, 12, 13, 12, 13, 12, 13, 45, 46, 45, 46, 45, 46, 45, 46, 45, 46, 45, 46, 45, 46, 45, 46, 45, 46, 45, ), 48, 57]",False,0.00913022585295531
1242,Concurrency_prepared,"[55, 56, 3, 4, 5, 6, 7, 26, 27, 30, 31, 32, 33, 35, 30, 31, 32, 33, 35, 30, 31, 32, 33, 35, 30, 31, 32, 33, 35, 30, 31, 32, 33, 35, 30, 31, 32, 33, 35, 30, 31, 32, 33, 35, 30, 31, 32, 33, 35, 38, (, 10, 11, 16, 18, 19, 20, 21, 22, 10, 11, 16, 18, 19, 20, 21, 22, 10, 11, 16, 18, 19, 20, 21, 22, 10, 11, 16, 18, 19, 20, 21, 22, 10, 11, 16, 18, 19, 20, 21, 22, 10, 11, 16, 18, 19, 20, 21, 22, 10, 11, 16, 18, 19, 20, 21, 22, 10, 11, 16, 18, 19, 20, 21, 22, 10, 11, 16, 18, 19, 20, 21, 22, 10, 11, 16, 18, 19, 20, 21, 22, 10, 11, 16, 18, 19, 20, 21, 22, 10, 11, 16, 18, 19, 20, 21, 22, 10, 11, 16, 18, 19, 20, 21, 22, 10, 11, 16, 18, 19, 20, 21, 22, 10, 11, 16, 18, 19, 20, 21, 22, 10, 11, 16, 18, 19, 20, 21, 22, 10, 11, 16, 18, 19, 20, 21, 22, 10, 11, 16, 18, 19, 20, 21, 22, 10, 11, 16, 18, 19, 20, 21, 22, 10, 11, 16, 18, 19, 20, 21, 22, 10, 11, 16, 18, 19, 20, 21, 22, 10, 11, 16, 18, 19, 20, 21, 22, 10, 11, 16, 18, 19, 20, 21, 22, 10, 11, 16, 18, 19, 20, 21, 22, 10, 11, 16, 18, 19, 20, 21, 22, 10, 11, 16, 18, 19, 20, 21, 22, 10, 11, 16, 18, 19, 20, 21, 22, 10, 11, 16, 18, 19, 20, 21, 22, 10, 11, 16, 18, 19, 20, 21, 22, 10, 11, 16, 18, 19, 20, 21, 22, 10, 11, 16, 18, 19, 20, 21, 22, 10, 11, 16, 18, 19, 20, 21, 22, 10, 11, 16, 18, 19, 20, 21, 22, 10, 11, 16, 18, 19, 20, 21, 22, 10, 11, 16, 18, 19, 20, 21, 22, 10, 11, 16, 18, 19, 20, 21, 22, 10, 11, 16, 18, 19, 20, 21, 22, 10, 11, 16, 18, 19, 20, 21, 22, 10, 11, 16, 18, 19, 20, 21, 22, 10, 11, 16, 18, 19, 20, 21, 22, 10, 11, 16, 18, 19, 20, 21, 22, 10, 11, 16, 18, 19, 20, 21, 22, 10, 11, 16, 18, 19, 20, 21, 22, 10, 11, 16, 18, 19, 20, 21, 22, 10, 11, 16, 18, 19, 20, 21, 22, 10, 11, 16, 18, 19, 20, 21, 22, 10, 11, 16, 18, 19, 20, 21, 22, 10, 11, 16, 18, 19, 20, 21, 22, 10, 11, 16, 18, 19, 20, 21, 22, 10, 11, 16, 18, 19, 20, 21, 22, 10, 11, 16, 18, 19, 20, 21, 22, 10, 11, 16, 18, 19, 20, 21, 22, 10, 11, 16, 18, 19, 20, 21, 22, 10, 11, 16, 18, 19, 20, 21, 22, 10, 11, 16, 18, 19, 20, 21, 22, 10, 11, 16, 18, 19, 20, 21, 22, 10, 11, 16, 18, 19, 20, 21, 22, 10, 11, 16, 18, 19, 20, 21, 22, 10, 11, 16, 18, 19, 20, 21, 22, 10, 11, 16, 18, 19, 20, 21, 22, 10, 11, 16, 18, 19, 20, 21, 22, 10, 11, 16, 18, 19, 20, 21, 22, 10, 11, 16, 18, 19, 20, 21, 22, 10, 11, 16, 18, 19, 20, 21, 22, 10, 11, 16, 18, 19, 20, 21, 22, 10, 11, 16, 18, 19, 20, 21, 22, 10, 11, 16, 18, 19, 20, 21, 22, 10, 11, 16, 18, 19, 20, 21, 22, 10, 11, 16, 18, 19, 20, 21, 22, 10, 11, 16, 18, 19, 20, 21, 22, 10, 11, 16, 18, 19, 20, 21, 22, 10, 11, 16, 18, 19, 20, 21, 22, 10, 11, 16, 18, 19, 20, 21, 22, 10, 11, 16, 18, 19, 20, 21, 22, 10, 11, 16, 18, 19, 20, 21, 22, 10, 11, 16, 18, 19, 20, 21, 22, 10, 11, 16, 18, 19, 20, 21, 22, 10, 11, 16, 18, 19, 20, 21, 22, 10, 11, 16, 18, 19, 20, 21, 22, 10, 11, 16, 18, 19, 20, 21, 22, 10, 11, 16, 18, 19, 20, 21, 22, 10, 11, 16, 18, 19, 20, 21, 22, 10, 11, 16, 18, 19, 20, 21, 22, 10, 11, 16, 18, 19, 20, 21, 22, 10, 11, 16, 18, 19, 20, 21, 22, 10, 11, 16, 18, 19, 20, 21, 22, 10, 11, 16, 18, 19, 20, 21, 22, 10, 11, 16, 18, 19, 20, 21, 22, 10, 11, 16, 18, 19, 20, 21, 22, 10, 11, 16, 18, 19, 20, 21, 22, 10, 11, 16, 18, 19, 20, 21, 22, 10, 11, 16, 18, 19, 20, 21, 22, 10, 11, 16, 18, 19, 20, 21, 22, 10, 11, 16, 18, 19, 20, 21, 22, 10, 11, 16, 18, 19, 20, 21, 22, 10, 11, 16, 18, 19, 20, 21, 22, 10, 11, 16, 18, 19, 20, 21, 22, 10, 11, 16, 18, 19, 20, 21, 22, 10, 11, 16, 18, 19, 20, 21, 22, 10, 11, 16, 18, 19, 20, 21, 22, 10, 11, 16, 18, 19, 20, 21, 22, 10, 11, 16, 18, 19, 20, 21, 22, 10, 11, 16, 18, 19, 20, 21, 22, 10, 11, 16, 18, 19, 20, 21, 22, 10, 11, 16, 18, 19, 20, 21, 22, 10, 11, 16, 18, 19, 20, 21, 22, 10, 11, 16, 18, 19, 20, 21, 22, 10, 11, 16, 18, 19, 20, 21, 22, 10, 11, 16, 18, 19, 20, 21, 22, 10, 11, 16, 18, 19, 20, 21, 22, 10, 11, 16, 18, 19, 20, 21, 22, 10, 11, 16, 18, 19, 20, 21, 22, 10, 11, 16, 18, 19, 20, 21, 22, 10, 11, 16, 18, 19, 20, 21, 22, 10, 11, 16, 18, 19, 20, 21, 22, 10, 11, 16, 18, 19, 20, 21, 22, 10, 11, 16, 18, 19, 20, 21, 22, 10, 11, 16, 18, 19, 20, 21, 22, 10, 11, 16, 18, 19, 20, 21, 22, 10, 11, 16, 18, 19, 20, 21, 22, 10, 11, 16, 18, 19, 20, 21, 22, 10, 11, 16, 18, 19, 20, 21]","[51, 52, 55, 56, 3, 1, 4, 5, 6, 7, 9, 26, (, 27, 30, 31, 32, 33, 10, 11, 12, 16, 53, 18, 1, 19, 20, 21, 22, 19, 16, 18, 1, 19, 20, 21, 22, 19, 16, 18, 1, 19, 20, 21, 22, 19, 16, 18, 1, 19, 20, 21, 22, 19, 16, 18, 1, 19, 20, 21, 22, 19, 16, 18, 1, 19, 20, 21, 22, 19, 16, 24, 10, 11, 12, 16, 53, 18, 1, 19, 20, 19, 16, 18, 1, 19, 20, 19, 16, 18, 1, 19, 20, 19, 16, 18, 1, 19, 20, 19, 16, 18, 1, 19, 20, 19, 16, 18, 1, 19, 20, 19, 16, 24, 10, 11, 12, 16, 53, 18, 1, 19, 20, 19, 16, 18, 1, 19, 20, 19, 16, 18, 1, 19, 20, 19, 16, 18, 1, 19, 20, 19, 16, 18, 1, 19, 20, 19, 16, 18, 1, 19, 20, 19, 16, 24, 10, 11, 12, 16, 53, 18, 1, 19, 20, 19, 16, 18, 1, 19, 20, 19, 16, 18, 1, 19, 20, 19, 16, 18, 1, 19, 20, 19, 16, 18, 1, 19, 20, 19, 16, 18, 1, 19, 20, 19, 16, 24, 10, 11, 12, 16, 53, 18, 1, 19, 20, 19, 16, 18, 1, 19, 20, 19, 16, 18, 1, 19, 20, 19, 16, 18, 1, 19, 20, 19, 16, 18, 1, 19, 20, 19, 16, 18, 1, 19, 20, 19, 16, 24, 10, 11, 12, 16, 53, 18, 1, 19, 20, 19, 16, 18, 1, 19, 20, 19, 16, 18, 1, 19, 20, 19, 16, 18, 1, 19, 20, 19, 16, 18, 1, 19, 20, 19, 16, 18, 1, 19, 20, 19, 16, 24, 10, 11, 12, 16, 53, 18, 1, 19, 20, 19, 16, 18, 1, 19, 20, 19, 16, 18, 1, 19, 20, 19, 16, 18, 1, 19, 20, 19, 16, 18, 1, 19, 20, 19, 16, 18, 1, 19, 20, 19, 16, 24, 10, 11, 35, 30, 31, 32, 33, 10, 11, 35, 30, 31, 32, 33, 10, 11, 35, 30, 31, 32, 33, 10, 11, 35, 30, 31, 32, 33, 10, 11, 35, 30, 31, 32, 33, 10, 11, 35, 30, 31, 32, 33, 10, 11, 35, 30, 31, 32, 33, 10, 11, 35, 30, 31, 32, 33, 10, 11, 35, 30, 31, 32, 33, 10, 11, 35, 30, 38, 41, 42, 41, 42, 41, 42, 41, 42, 41, 42, 41, 42, 41, 42, 41, 42, 41, 42, 41, 42, 41, 45, 46, 12, 13, 12, 13, 12, 13, 12, 13, 12, 13, 12, 13, 12, 13, 12, 13, 12, 13, 12, 13, 45, 46, 45, 46, 45, 46, 45, 46, 45, 46, 45, 46, 45, 46, 45, 46, 45, 46, 45, ), 48, 57]",False,0.008656036446469248
1279,Concurrency_prepared,"[30, 31, 18, 21]","[24, 27, 30, 3, 31, 18, 21, 28]",False,0.6666666666666666
1279,Concurrency_prepared,"[30, (,32,35,18,21,33,37,18,19,20,21,39,40,)]","[24, 27, 30, 3, 32, 33, (, 35, 18, 21, 28, 37, 18, 19, 20, 25, 21, 28, 39, 40, )]",False,0.7722772277227723
1279,Concurrency_prepared,"[30, (,32,35,5,18,21,33,37,5,18,19,20,25,21,28,39,40,)]","[24, 27, 30, 3, 32, 33, (, 35, 18, 21, 28, 37, 18, 19, 20, 25, 21, 28, 39, 40, )]",False,0.8288288288288288
1279,Concurrency_prepared,"[30, (,36,5,18,19,20,25,21,28,38,5,18,20,25,21,28,39,5,18,21,28,41,42,43,)]","[24, 27, 30, 3, 32, 33, 34, (, 36, 18, 19, 20, 25, 21, 28, 38, 18, 19, 20, 25, 21, 28, 39, 18, 19, 20, 25, 21, 28, 41, 42, 43, )]",False,0.7904191616766467
1279,Concurrency_prepared,"[30,(,36,5,18,21,38,5,18,20,21,39,5,18,20,21,41,42,43,)]","[24, 27, 30, 3, 32, 33, 34, (, 36, 18, 21, 28, 38, 18, 19, 20, 25, 21, 28, 39, 18, 19, 20, 25, 21, 28, 41, 42, 43, )]",False,0.6857142857142857
active-object,Concurrency_prepared,"[34, (, 16, 18, 19, 20, 22, 23, 24, 25, 26, 27, 22, 23, 24, 25, 26, 27, 22, 23, 24, 25, 26, 27, 22, 23, 24, 25, 26, 27, 22, 23, 24, 25, 26, 27, 22, 23, 24, 25, 26, 27, 22, 23, 24, 25, 26, 27, 22, 23, 24, 25, 26, 27, 22, 23, 24, 25, 26, 27, 30,), 37, 40]","[34, 9, 10, 11, 12, 13, 14, 18, 19, 20, 34, 22, 23, 37, 30, 24, 25, 34, 26, 27, 22, 23, 24, 25, 34, 26, 27, 22, 23, 24, 25, 34, 26, 27, 22, 23, 24, 25, 34, 26, 27, 22, 23, 24, 25, 34, 26, 27, 22, 23, 24, 25, 34, 26, 27, 22, 23, 24, 25, 34, 26, 27, 22, 23, 24, 25, 34, 26, 27, 22, 23, 24, 25, 34, 26, 27, 22, 23, 24, 25, 34, 26, 27, 22, 40]",False,0.6289592760180995
active-object,Concurrency_prepared,"[34, 8, 9, 10, 11, 12, 13, 14, 16, 18, 19, 20, 35, 8, 9, 10, 11, 12, 13, 14, 16, 18, 19, 20, (, 22, 23, 24, 25, 26, 27, 22, 23, 24, 25, 26, 27, 22, 23, 24, 25, 26, 27, 22, 23, 24, 25, 26, 27, 22, 23, 24, 25, 26, 27, 22, 23, 24, 25, 26, 27, 22, 23, 24, 25, 26, 27, 22, 23, 24, 25, 26, 27, 22, 23, 24, 25, 26, 27, 22, 23, 24, 25, 26, 27, 38, 30, 22, 23, 24, 25, 26, 27, 22, 23, 24, 25, 26, 27, 22, 23, 24, 25, 26, 27, 22, 23, 24, 25, 26, 27, 22, 23, 24, 25, 26, 27, 22, 23, 24, 25, 26, 27, 22, 23, 24, 25, 26, 27, 22, 23, 24, 25, 26, 27, 22, 23, 24, 25, 26, 27, 39, 30,), 42, 43]","[(, 34, 9, 10, 11, 12, 13, 14, 18, 19, 20, 34, 22, 23, 35, 9, 10, 11, 12, 13, 14, 18, 19, 20, 35, 22, 23, 38, 30, 24, 25, 34, 26, 27, 22, 23, 24, 25, 34, 26, 27, 22, 23, 24, 25, 35, 26, 27, 22, 23, 24, 25, 35, 26, 27, 22, 23, 24, 25, 34, 26, 27, 22, 23, 24, 25, 34, 26, 27, 22, 23, 24, 25, 35, 26, 27, 22, 23, 24, 25, 34, 26, 27, 22, 23, 24, 25, 35, 26, 27, 22, 23, 24, 25, 34, 26, 27, 22, 23, 24, 25, 35, 26, 27, 22, 23, 24, 25, 34, 26, 27, 22, 23, 24, 25, 35, 26, 27, 22, 23, 24, 25, 34, 26, 27, 22, 23, 24, 25, 35, 26, 27, 22, 23, 24, 25, 35, 26, 27, 22, 23, 24, 25, 34, 26, 27, 22, 23, 24, 25, 34, 26, 27, 22, ), 39, 30, 24, 25, 35, 26, 27, 22, 23, 24, 25, 35, 26, 27, 22, 42, 43]",False,0.014861995753715499
active-object,Concurrency_prepared,"[34, 8, 9, 10, 11, 12, 13, 14, 16, 18, 19, 20, 35, 8, 9, 10, 11, 12, 13, 14, 16, 18, 19, 20, 36, 8, 9, 10, 11, 12, 13, 14, 16, 18, 19, 20, (, 22, 23, 24, 25, 26, 27, 22, 23, 24, 25, 26, 27, 22, 23, 24, 25, 26, 27, 22, 23, 24, 25, 26, 27, 22, 23, 24, 25, 26, 27, 22, 23, 24, 25, 26, 27, 22, 23, 24, 25, 26, 27, 22, 23, 24, 25, 26, 27, 22, 23, 24, 25, 26, 27, 22, 23, 24, 25, 26, 27, 22, 23, 24, 25, 26, 27, 22, 23, 24, 25, 26, 27, 22, 23, 24, 25, 26, 27, 22, 23, 24, 25, 26, 27, 22, 23, 24, 25, 26, 27, 22, 23, 24, 25, 26, 27, 22, 23, 24, 25, 26, 27, 22, 23, 24, 25, 26, 27, 22, 23, 24, 25, 26, 27, 22, 23, 24, 25, 26, 27, 22, 23, 24, 25, 26, 27, 22, 23, 24, 25, 26, 27, 22, 23, 24, 25, 26, 27, 22, 23, 24, 25, 26, 27, 22, 23, 24, 25, 26, 27, 22, 23, 24, 25, 26, 27, 22, 23, 24, 25, 26, 27, 22, 23, 24, 25, 26, 27, 22, 23, 24, 25, 26, 27, 22, 23, 24, 25, 26, 27, 22, 23, 24, 25, 26, 27, 22, 23, 24, 25, 26, 27, 22, 23, 24, 25, 26, 27, 22, 23, 24, 25, 26, 27, 22, 23, 24, 25, 26, 27, 22, 23, 24, 25, 26, 27, 22, 23, 24, 25, 26, 27, 22, 23, 24, 25, 26, 27, 22, 23, 24, 25, 26, 27, 22, 23, 24, 25, 26, 27, 22, 23, 24, 25, 26, 27, 22, 23, 24, 25, 26, 27, 22, 23, 24, 25, 26, 27, 22, 23, 24, 25, 26, 27, 22, 23, 24, 25, 26, 27, 22, 23, 24, 25, 26, 27, 22, 23, 24, 25, 26, 27, 22, 23, 24, 25, 26, 27, 22, 23, 24, 25, 26, 27, 22, 23, 24, 25, 26, 27, 22, 23, 24, 25, 26, 27, 22, 23, 24, 25, 26, 27, 22, 23, 24, 25, 26, 27, 22, 23, 24, 25, 26, 27, 22, 23, 24, 25, 26, 27, 22, 23, 24, 25, 26, 27, 22, 23, 24, 25, 26, 27, 22, 23, 24, 25, 26, 27, 22, 23, 24, 25, 26, 27, 22, 23, 24, 25, 26, 27, 22, 23, 24, 25, 26, 27, 22, 23, 24, 25, 26, 27, 22, 23, 24, 25, 26, 27, 22, 23, 24, 25, 26, 27, 22, 23, 24, 25, 26, 27, 22, 23, 24, 25, 26, 27, 22, 23, 24, 25, 26, 27, 22, 23, 24, 25, 26, 27, 22, 23, 24, 25, 26, 27, 22, 23, 24, 25, 26, 27, 22, 23, 24, 25, 26, 27, 22, 23, 24, 25, 26, 27, 22, 23, 24, 25, 26, 27, 22, 23, 24, 25, 26, 27, 22, 23, 24, 25, 26, 27, 22, 23, 24, 25, 26, 27, 22, 23, 24, 25, 26, 27, 22, 23, 24, 25, 26, 27, 22, 23, 24, 25, 26, 27, 22, 23, 24, 25, 26, 27, 22, 23, 24, 25, 26, 27, 22, 23, 24, 25, 26, 27, 22, 23, 24, 25, 26, 27, 22, 23, 24, 25, 26, 27, 22, 23, 24, 25, 26, 27, 22, 23, 24, 25, 26, 27, 22, 23, 24, 25, 26, 27, 22, 23, 24, 25, 26, 27, 22, 23, 24, 25, 26, 27, 22, 23, 24, 25, 26, 27, 22, 23, 24, 25, 26, 27, 22, 23, 24, 25, 26, 27, 22, 23, 24, 25, 26, 27, 22, 23, 24, 25, 26, 27, 22, 23, 24, 25, 26, 27, 22, 23, 24, 25, 26, 27, 22, 23, 24, 25, 26, 27, 22, 23, 24, 25, 26, 27, 22, 23, 24, 25, 26, 27, 22, 23, 24, 25, 26, 27, 22, 23, 24, 25, 26, 27, 22, 23, 24, 25, 26, 27, 22, 23, 24, 25, 26, 27, 22, 23, 24, 25, 26, 27, 22, 23, 24, 25, 26, 27, 22, 23, 24, 25, 26, 27, 22, 23, 24, 25, 26, 27, 22, 23, 24, 25, 26, 27, 22, 23, 24, 25, 26, 27, 22, 23, 24, 25, 26, 27, 22, 23, 24, 25, 26, 27, 22, 23, 24, 25, 26, 27, 22, 23, 24, 25, 26, 27, 22, 23, 24, 25, 26, 27, 22, 23, 24, 25, 26, 27, 22, 23, 24, 25, 26, 27, 22, 23, 24, 25, 26, 27, 22, 23, 24, 25, 26, 27, 22, 23, 24, 25, 26, 27, 22, 23, 24, 25, 26, 27, 22, 23, 24, 25, 26, 27, 22, 23, 24, 25, 26, 27, 22, 23, 24, 25, 26, 27, 22, 23, 24, 25, 26, 27, 22, 23, 24, 25, 26, 27, 22, 23, 24, 25, 26, 27, 22, 23, 24, 25, 26, 27, 22, 23, 24, 25, 26, 27, 22, 23, 24, 25, 26, 27, 22, 23, 24, 25, 26, 27, 22, 23, 24, 25, 26, 27, 22, 23, 24, 25, 26, 27, 22, 23, 24, 25, 26, 27, 22, 23, 24, 25, 26, 27, 22, 23, 24, 25, 26, 27, 22, 23, 24, 25, 26, 27, 22, 23, 24, 25, 26, 27, 22, 23, 24, 25, 26, 27, 22, 23, 24, 25, 26, 27, 22, 23, 24, 25, 26, 27, 22, 23, 24, 25, 26, 27, 22, 23, 24, 25, 26, 27, 22, 23, 24, 25, 26, 27, 22, 23, 24, 25, 26, 27, 22, 23, 24, 25, 26, 27, 22, 23, 24, 25, 26, 27, 22, 23, 24, 25, 26, 27, 22, 23, 24, 25, 26, 27, 22, 23, 24, 25, 26, 27, 22, 23, 24, 25, 26, 27, 22, 23, 24, 25, 26, 27, 22, 23, 24, 25, 26, 27, 22, 23, 24, 25, 26, 27, 22, 23, 24, 25, 26, 27, 22, 23, 24, 25, 26, 27, 22, 23, 24, 25, 26, 27, 22, 23, 24, 25, 26, 27, 22, 23, 24, 25, 26, 27, 22, 23, 24, 25, 26, 27, 22, 23, 24, 25, 26, 27, 22, 23, 24, 25, 26, 27, 22, 23, 24, 25, 26, 27, 22, 23, 24, 25, 26, 27, 22, 23, 24, 25, 26, 27, 22, 23, 24, 25, 26]","[34, 9, 10, 11, 12, 13, (, 14, 18, 19, 20, 34, 22, 23, 35, 9, 10, 11, 12, 13, 14, 18, 19, 20, 35, 22, 23, 36, 9, 10, 11, 12, 13, 14, 24, 25, 35, 26, 27, 22, 23, 24, 25, 34, 26, 27, 22, 23, 18, 19, 20, 36, 22, 23, 39, 30, 24, 25, 36, 26, 27, 22, 23, 24, 25, 35, 26, 27, 22, 23, 24, 25, 34, 26, 27, 22, 23, 24, 25, 36, 26, 27, 22, 23, 24, 25, 34, 26, 27, 22, 23, 24, 25, 35, 26, 27, 22, 23, 24, 25, 35, 26, 27, 22, 23, 24, 25, 36, 26, 27, 22, 23, 24, 25, 34, 26, 27, 22, 23, 24, 25, 34, 26, 27, 22, 24, 25, 35, 26, 27, 22, 24, 25, 36, 26, 27, 22, 23, 40, 30, ), 41, 30, 24, 25, 36, 26, 27, 22, 44, 45, 46]",False,0.048863636363636366
active-object,Concurrency_prepared,"[34, 8, 9, 10, 11, 12, 13, 14, 16, 18, 19, 20, 35, 8, 9, 10, 11, 12, 13, 14, 16, 18, 19, 20, 36, 8, 9, 10, 11, 12, 13, 14, 16, 18, 19, 20, (, 22, 23, 24, 25, 26, 27, 22, 23, 24, 25, 26, 27, 22, 23, 24, 25, 26, 27, 22, 23, 24, 25, 26, 27, 22, 23, 24, 25, 26, 27, 22, 23, 24, 25, 26, 27, 22, 23, 24, 25, 26, 27, 22, 23, 24, 25, 26, 27, 22, 23, 24, 25, 26, 27, 22, 23, 24, 25, 26, 27, 22, 23, 24, 25, 26, 27, 22, 23, 24, 25, 26, 27, 22, 23, 24, 25, 26, 27, 22, 23, 24, 25, 26, 27, 22, 23, 24, 25, 26, 27, 22, 23, 24, 25, 26, 27, 22, 23, 24, 25, 26, 27, 22, 23, 24, 25, 26, 27, 22, 23, 24, 25, 26, 27, 22, 23, 24, 25, 26, 27, 22, 23, 24, 25, 26, 27, 22, 23, 24, 25, 26, 27, 22, 23, 24, 25, 26, 27, 22, 23, 24, 25, 26, 27, 22, 23, 24, 25, 26, 27, 22, 23, 24, 25, 26, 27, 22, 23, 24, 25, 26, 27, 22, 23, 24, 25, 26, 27, 22, 23, 24, 25, 26, 27, 22, 23, 24, 25, 26, 27, 22, 23, 24, 25, 26, 27, 22, 23, 24, 25, 26, 27, 22, 23, 24, 25, 26, 27, 22, 23, 24, 25, 26, 27, 22, 23, 24, 25, 26, 27, 22, 23, 24, 25, 26, 27, 22, 23, 24, 25, 26, 27, 22, 23, 24, 25, 26, 27, 22, 23, 24, 25, 26, 27, 22, 23, 24, 25, 26, 27, 22, 23, 24, 25, 26, 27, 22, 23, 24, 25, 26, 27, 22, 23, 24, 25, 26, 27, 22, 23, 24, 25, 26, 27, 22, 23, 24, 25, 26, 27, 22, 23, 24, 25, 26, 27, 22, 23, 24, 25, 26, 27, 22, 23, 24, 25, 26, 27, 22, 23, 24, 25, 26, 27, 22, 23, 24, 25, 26, 27, 22, 23, 24, 25, 26, 27, 22, 23, 24, 25, 26, 27, 22, 23, 24, 25, 26, 27, 22, 23, 24, 25, 26, 27, 22, 23, 24, 25, 26, 27, 22, 23, 24, 25, 26, 27, 22, 23, 24, 25, 26, 27, 22, 23, 24, 25, 26, 27, 22, 23, 24, 25, 26, 27, 22, 23, 24, 25, 26, 27, 22, 23, 24, 25, 26, 27, 22, 23, 24, 25, 26, 27, 22, 23, 24, 25, 26, 27, 22, 23, 24, 25, 26, 27, 22, 23, 24, 25, 26, 27, 22, 23, 24, 25, 26, 27, 22, 23, 24, 25, 26, 27, 22, 23, 24, 25, 26, 27, 22, 23, 24, 25, 26, 27, 22, 23, 24, 25, 26, 27, 22, 23, 24, 25, 26, 27, 22, 23, 24, 25, 26, 27, 22, 23, 24, 25, 26, 27, 22, 23, 24, 25, 26, 27, 22, 23, 24, 25, 26, 27, 22, 23, 24, 25, 26, 27, 22, 23, 24, 25, 26, 27, 22, 23, 24, 25, 26, 27, 22, 23, 24, 25, 26, 27, 22, 23, 24, 25, 26, 27, 22, 23, 24, 25, 26, 27, 22, 23, 24, 25, 26, 27, 22, 23, 24, 25, 26, 27, 22, 23, 24, 25, 26, 27, 22, 23, 24, 25, 26, 27, 22, 23, 24, 25, 26, 27, 22, 23, 24, 25, 26, 27, 22, 23, 24, 25, 26, 27, 22, 23, 24, 25, 26, 27, 22, 23, 24, 25, 26, 27, 22, 23, 24, 25, 26, 27, 22, 23, 24, 25, 26, 27, 22, 23, 24, 25, 26, 27, 22, 23, 24, 25, 26, 27, 22, 23, 24, 25, 26, 27, 22, 23, 24, 25, 26, 27, 22, 23, 24, 25, 26, 27, 22, 23, 24, 25, 26, 27, 22, 23, 24, 25, 26, 27, 22, 23, 24, 25, 26, 27, 22, 23, 24, 25, 26, 27, 22, 23, 24, 25, 26, 27, 22, 23, 24, 25, 26, 27, 22, 23, 24, 25, 26, 27, 22, 23, 24, 25, 26, 27, 22, 23, 24, 25, 26, 27, 22, 23, 24, 25, 26, 27, 22, 23, 24, 25, 26, 27, 22, 23, 24, 25, 26, 27, 22, 23, 24, 25, 26, 27, 22, 23, 24, 25, 26, 27, 22, 23, 24, 25, 26, 27, 22, 23, 24, 25, 26, 27, 22, 23, 24, 25, 26, 27, 22, 23, 24, 25, 26, 27, 22, 23, 24, 25, 26, 27, 22, 23, 24, 25, 26, 27, 22, 23, 24, 25, 26, 27, 22, 23, 24, 25, 26, 27, 22, 23, 24, 25, 26, 27, 22, 23, 24, 25, 26, 27, 22, 23, 24, 25, 26, 27, 22, 23, 24, 25, 26, 27, 22, 23, 24, 25, 26, 27, 22, 23, 24, 25, 26, 27, 22, 23, 24, 25, 26, 27, 22, 23, 24, 25, 26, 27, 22, 23, 24, 25, 26, 27, 22, 23, 24, 25, 26, 27, 22, 23, 24, 25, 26, 27, 22, 23, 24, 25, 26, 27, 22, 23, 24, 25, 26, 27, 22, 23, 24, 25, 26, 27, 22, 23, 24, 25, 26, 27, 22, 23, 24, 25, 26, 27, 22, 23, 24, 25, 26, 27, 22, 23, 24, 25, 26, 27, 22, 23, 24, 25, 26, 27, 22, 23, 24, 25, 26, 27, 22, 23, 24, 25, 26, 27, 22, 23, 24, 25, 26, 27, 22, 23, 24, 25, 26, 27, 22, 23, 24, 25, 26, 27, 22, 23, 24, 25, 26, 27, 22, 23, 24, 25, 26, 27, 22, 23, 24, 25, 26, 27, 22, 23, 24, 25, 26, 27, 22, 23, 24, 25, 26, 27, 22, 23, 24, 25, 26, 27, 22, 23, 24, 25, 26, 27, 22, 23, 24, 25, 26, 27, 22, 23, 24, 25, 26, 27, 22, 23, 24, 25, 26, 27, 22, 23, 24, 25, 26, 27, 22, 23, 24, 25, 26, 27, 22, 23, 24, 25, 26, 27, 22, 23, 24, 25, 26, 27, 22, 23, 24, 25, 26, 27, 22, 23, 24, 25, 26, 27, 22, 23, 24, 25, 26, 27, 22, 23, 24, 25, 26, 27, 22, 23, 24, 25, 26, 27, 22, 23, 24, 25, 26, 27, 22, 23, 24, 25, 26, 27, 22, 23, 24, 25, 26]","[34, 9, 10, 11, 12, 13, (, 14, 18, 19, 20, 34, 22, 23, 35, 9, 10, 11, 12, 13, 14, 18, 19, 20, 35, 22, 23, 36, 9, 10, 11, 12, 13, 14, 24, 25, 35, 26, 27, 22, 23, 24, 25, 34, 26, 27, 22, 23, 18, 19, 20, 36, 22, 23, 39, 30, 24, 25, 36, 26, 27, 22, 23, 24, 25, 34, 26, 27, 22, 23, 24, 25, 35, 26, 27, 22, 23, 24, 25, 34, 26, 27, 22, 23, 24, 25, 36, 26, 27, 22, 23, 24, 25, 35, 26, 27, 22, 23, 24, 25, 34, 26, 27, 22, 23, 24, 25, 36, 26, 27, 22, 23, 24, 25, 35, 26, 27, 22, 23, 24, 25, 36, 26, 27, 22, 23, 24, 25, 34, 26, 27, 22, 23, 24, 25, 35, 26, 27, 22, 23, 24, 25, 36, 26, 27, 22, 23, 24, 25, 34, 26, 27, 22, 23, 24, 25, 35, 26, 27, 22, 23, 24, 25, 36, 26, 27, 22, 23, 24, 25, 35, 26, 27, 22, 23, 24, 25, 34, 26, 27, 22, 23, 24, 25, 35, 26, 27, 22, 23, 24, 25, 36, 26, 27, 22, 23, 24, 25, 34, 26, 27, 22, 23, 24, 25, 36, 26, 27, 22, 23, 24, 25, 35, 26, 27, 22, 23, 24, 25, 34, 26, 27, 22, 23, 24, 25, 36, 26, 27, 22, 23, 24, 25, 34, 26, 27, 22, 23, 24, 25, 35, 26, 27, 22, 23, 24, 25, 35, 26, 27, 22, 23, 24, 25, 34, 26, 27, 22, 23, 24, 25, 36, 26, 27, 22, 23, 24, 25, 36, 26, 27, 22, 23, 24, 25, 34, 26, 27, 22, 23, 24, 25, 35, 26, 27, 22, 23, 24, 25, 36, 26, 27, 22, 23, 24, 25, 35, 26, 27, 22, 23, 24, 25, 34, 26, 27, 22, 23, 24, 25, 35, 26, 27, 22, 23, 24, 25, 36, 26, 27, 22, 23, 24, 25, 34, 26, 27, 22, 23, 24, 25, 36, 26, 27, 22, 23, 24, 25, 35, 26, 27, 22, 24, 25, 34, 26, 27, 22, 40, 30, 41, 30, 24, 25, 36, 26, 27, 22, 45, 46, 47, )]",False,0.04144578313253012
active-object,Concurrency_prepared,"[34, 8, 9, 10, 11, 12, 13, 14, 16, 18, 19, 20, 22, 23, 24, 25, 26, 27, 35, 8, 9, 10, 11, 12, 13, 14, 16, 18, 19, 20, 22, 23, 24, 25, 26, 27, 36, 8, 9, 10, 11, 12, 13, 14, 16, 18, 19, 20, 22, 23, 24, 25, 26, 27, 37, 8, 9, 10, 11, 12, 13, 14, 16, 18, 19, 20, 22, 23, 24, 25, 26, 27, (, 40, 30, 41, 30, 42, 30, 43, 30,), 46, 47, 48, 49]","[34, 9, 10, 11, 12, 13, (, 14, 18, 19, 20, 34, 22, 23, 35, 9, 10, 11, 12, 13, 14, 18, 19, 20, 35, 22, 23, 36, 9, 10, 11, 12, 13, 14, 24, 25, 35, 26, 27, 22, 23, 24, 25, 34, 26, 27, 22, 23, 18, 19, 20, 36, 22, 23, 37, 9, 10, 11, 12, 13, 14, 18, 19, 20, 37, 22, 23, 40, 30, 24, 25, 34, 26, 27, 22, 23, 24, 25, 35, 26, 27, 22, 23, 24, 25, 36, 26, 27, 22, 23, 24, 25, 34, 26, 27, 22, 41, 30, 24, 25, 36, 26, 27, 22, 23, 24, 25, 37, 26, 27, 22, 23, 24, 25, 35, 26, 27, 22, 42, 30, 24, 25, 37, 26, 27, 22, 23, 24, 25, 36, 26, 27, 22, ), 43, 30, 24, 25, 37, 26, 27, 22, 46, 47, 48, 49]",False,0.029498525073746312
atomic-updates,Concurrency_prepared,"[61, 64, 67, 68, 71, 72, 79, 54, 24, 25, 26, 27, 26, 27, 26, 27, 26, 27, 26, 27, 55, 56, 55, 56, 55, 56, 55, 56, 55, 56, 57, 81, 82, 79, 54, 24, 25, 26, 27, 26, 27, 26, 27, 26, 27, 26, 27, 55, 56, 55, 56, 55, 56, 55, 56, 55, 56, 57, 81, 82, 79, 54, 24, 25, 26, 27, 26, 27, 26, 27, 26, 27, 26, 27, 55, 56, 55, 56, 55, 56, 55, 56, 55, 56, 57, 81, 82, 79, 54, 24, 25, 26, 27, 26, 27, 26, 27, 26, 27, 26, 27, 55, 56, 55, 56, 55, 56, 55, 56, 55, 56, 57, 81, 82, 79, 54, 24, 25, 26, 27, 26, 27, 26, 27, 26, 27, 26, 27, 55, 56, 55, 56, 55, 56, 55, 56, 55, 56, 57, 81, 82, 83, (, 32, 33, 34, 35, 36, 17, 18, 19, 20, 38, 32, 33, 34, 35, 36, 17, 18, 19, 20, 38, 32, 33, 34, 35, 36, 17, 18, 19, 20, 38, 32, 33, 34, 35, 36, 17, 18, 19, 20, 38, 32, 33, 34, 35, 36, 17, 18, 19, 20, 38, 32, 33, 34, 35, 36, 17, 18, 19, 20, 38, 32, 33, 34, 35, 36, 17, 18, 19, 20, 38, 32, 33, 34, 35, 36, 17, 18, 19, 20, 38, 32, 33, 34, 35, 36, 17, 18, 19, 20, 38, 32, 33, 34, 35, 36, 17, 18, 19, 20, 38, 32, 33, 34, 35, 36, 17, 18, 19, 20, 38, 32, 33, 34, 35, 36, 17, 18, 19, 20, 38, 32, 33, 34, 35, 36, 17, 18, 19, 20, 38, 32, 33, 34, 35, 36, 17, 18, 19, 20, 38, 32, 33, 34, 35, 36, 17, 18, 19, 20, 38, 32, 33, 34, 35, 36, 17, 18, 19, 20, 38, 32, 33, 34, 35, 36, 17, 18, 19, 20, 38, 32, 33, 34, 35, 36, 17, 18, 19, 20, 38, 32, 33, 34, 35, 36, 17, 18, 19, 20, 38, 32, 33, 34, 35, 36, 17, 18, 19, 20, 38, 32, 33, 34, 35, 36, 17, 18, 19, 20, 38, 32, 33, 34, 35, 36, 17, 18, 19, 20, 38, 32, 33, 34, 35, 36, 17, 18, 19, 20, 38, 32, 33, 34, 35, 36, 17, 18, 19, 20, 38, 32, 33, 34, 35, 36, 17, 18, 19, 20, 38, 32, 33, 34, 35, 36, 17, 18, 19, 20, 38, 32, 33, 34, 35, 36, 17, 18, 19, 20, 38, 32, 33, 34, 35, 36, 17, 18, 19, 20, 38, 32, 33, 34, 35, 36, 17, 18, 19, 20, 38, 32, 33, 34, 35, 36, 17, 18, 19, 20, 38, 32, 33, 34, 35, 36, 17, 18, 19, 20, 38, 32, 33, 34, 35, 36, 17, 18, 19, 20, 38, 32, 33, 34, 35, 36, 17, 18, 19, 20, 38, 32, 33, 34, 35, 36, 17, 18, 19, 20, 38, 32, 33, 34, 35, 36, 17, 18, 19, 20, 38, 32, 33, 34, 35, 36, 17, 18, 19, 20, 38, 32, 33, 34, 35, 36, 17, 18, 19, 20, 38, 32, 33, 34, 35, 36, 17, 18, 19, 20, 38, 32, 33, 34, 35, 36, 17, 18, 19, 20, 38, 32, 33, 34, 35, 36, 17, 18, 19, 20, 38, 32, 33, 34, 35, 36, 17, 18, 19, 20, 38, 32, 33, 34, 35, 36, 17, 18, 19, 20, 38, 32, 33, 34, 35, 36, 17, 18, 19, 20, 38, 32, 33, 34, 35, 36, 17, 18, 19, 20, 38, 32, 33, 34, 35, 36, 17, 18, 19, 20, 38, 32, 33, 34, 35, 36, 17, 18, 19, 20, 38, 32, 33, 34, 35, 36, 17, 18, 19, 20, 38, 32, 33, 34, 35, 36, 17, 18, 19, 20, 38, 32, 33, 34, 35, 36, 17, 18, 19, 20, 38, 32, 33, 34, 35, 36, 17, 18, 19, 20, 38, 32, 33, 34, 35, 36, 17, 18, 19, 20, 38, 32, 33, 34, 35, 36, 17, 18, 19, 20, 38, 32, 33, 34, 35, 36, 17, 18, 19, 20, 38, 32, 33, 34, 35, 36, 17, 18, 19, 20, 38, 32, 33, 34, 35, 36, 17, 18, 19, 20, 38, 32, 33, 34, 35, 36, 17, 18, 19, 20, 38, 32, 33, 34, 35, 36, 17, 18, 19, 20, 38, 32, 33, 34, 35, 36, 17, 18, 19, 20, 38, 32, 33, 34, 35, 36, 17, 18, 19, 20, 38, 32, 33, 34, 35, 36, 17, 18, 19, 20, 38, 32, 33, 34, 35, 36, 17, 18, 19, 20, 38, 32, 33, 34, 35, 36, 17, 18, 19, 20, 38, 32, 33, 34, 35, 36, 17, 18, 19, 20, 38, 32, 33, 34, 35, 36, 17, 18, 19, 20, 38, 32, 33, 34, 35, 36, 17, 18, 19, 20, 38, 32, 33, 34, 35, 36, 17, 18, 19, 20, 38, 32, 33, 34, 35, 36, 17, 18, 19, 20, 38, 32, 33, 34, 35, 36, 17, 18, 19, 20, 38, 32, 33, 34, 35, 36, 17, 18, 19, 20, 38, 32, 33, 34, 35, 36, 17, 18, 19, 20, 38, 32, 33, 34, 35, 36, 17, 18, 19, 20, 38, 32, 33, 34, 35, 36, 17, 18, 19, 20, 38, 32, 33, 34, 35, 36, 17, 18, 19, 20, 38, 32, 33, 34, 35, 36, 17, 18, 19, 20, 38, 32, 33, 34, 35, 36, 17, 18, 19, 20, 38, 32, 33, 34, 35, 36, 17, 18, 19, 20, 38, 32, 33, 34, 35, 36, 17, 18, 19, 20, 38, 32, 33, 34, 35, 36, 17, 18, 19, 20, 38, 32, 33, 34, 35, 36, 17, 18, 19, 20, 38, 32, 33, 34, 35, 36, 17, 18, 19, 20, 38, 32, 33, 34, 35, 36, 17, 18, 19, 20, 38, 32, 33, 34, 35, 36, 17, 18, 19, 20, 38, 32, 33, 34, 35, 36, 17, 18, 19, 20, 38, 32, 33, 34, 35, 36, 17, 18, 19, 20, 38, 32, 33, 34, 35, 36, 17, 18, 19, 20, 38, 32, 33, 34, 35, 36, 17, 18, 19, 20, 38, 32, 33, 34, 35, 36, 17, 18, 19, 20, 38, 32, 33, 34, 35, 36, 17, 18, 19, 20, 38, 32, 3]","[61, 7, 8, 10, 64, 67, (, 68, 31, 32, 33, 34, 35, 36, 37, 17, 18, 19, 20, 17, 38, 71, 72, 41, 42, 43, 44, 45, 51, 75, 76, 78, 79, 80, 54, 24, 25, 26, 27, 26, 25, 26, 27, 26, 25, 26, 27, 26, 25, 26, 27, 26, 25, 26, 27, 26, 25, 28, 55, 56, 55, 56, 55, 56, 55, 56, 55, 56, 55, 57, 81, 32, 33, 34, 35, 36, 37, 17, 18, 19, 20, 17, 38, 42, 43, 44, 45, 46, 13, 47, 48, 17, 18, 19, 20, 17, 51, 32, 33, 34, 35, 36, 37, 17, 18, 19, 20, 17, 38, 42, 43, 44, 45, 46, 13, 47, 50, 17, 18, 19, 20, 17, 51, 32, 33, 34, 35, 36, 37, 17, 18, 19, 20, 17, 38, 42, 43, 44, 45, 51, 32, 33, 34, 35, 38, 42, 43, 44, 45, 46, 13, 47, 48, 17, 18, 19, 20, 17, 51, 32, 33, 34, 35, 38, 42, 43, 44, 45, 46, 13, 47, 50, 17, 18, 19, 20, 17, 51, 32, 33, 34, 35, 36, 37, 17, 18, 19, 20, 17, 38, 42, 43, 44, 45, 46, 13, 47, 48, 17, 18, 19, 20, 17, 51, 32, 33, 34, 35, 36, 37, 17, 18, 19, 20, 17, 38, 42, 43, 44, 45, 46, 13, 47, 48, 17, 18, 19, 20, 17, 51, 32, 33, 34, 35, 36, 37, 17, 18, 19, 20, 17, 38, 42, 43, 44, 45, 51, 32, 33, 34, 35, 36, 37, 17, 18, 19, 20, 17, 38, 42, 43, 44, 45, 51, 32, 33, 34, 35, 36, 37, 17, 18, 19, 20, 17, 38, 42, 43, 44, 45, 51, 32, 33, 34, 35, 36, 37, 17, 18, 19, 20, 17, 38, 42, 43, 44, 45, 46, 13, 47, 48, 17, 18, 19, 20, 17, 51, 32, 33, 34, 35, 36, 37, 17, 18, 19, 20, 17, 38, 42, 43, 44, 45, 46, 13, 47, 48, 17, 18, 19, 20, 17, 51, 32, 33, 34, 35, 36, 37, 17, 18, 19, 20, 17, 38, 42, 43, 44, 45, 46, 13, 47, 48, 17, 18, 19, 20, 17, 51, 32, 33, 34, 35, 36, 37, 17, 18, 19, 20, 17, 38, 42, 43, 44, 45, 46, 13, 47, 50, 17, 18, 19, 20, 17, 51, 32, 33, 34, 35, 36, 37, 17, 18, 19, 20, 17, 38, 42, 43, 44, 45, 46, 13, 47, 48, 17, 18, 19, 20, 17, 51, 32, 33, 34, 35, 36, 37, 17, 18, 19, 20, 17, 38, 42, 43, 44, 45, 46, 13, 47, 50, 17, 18, 19, 20, 17, 51, 32, 33, 34, 35, 36, 37, 17, 18, 19, 20, 17, 38, 42, 43, 44, 45, 46, 13, 47, 50, 17, 18, 19, 20, 17, 51, 32, 33, 34, 35, 36, 37, 17, 18, 19, 20, 17, 38, 42, 43, 44, 45, 46, 13, 47, 48, 17, 18, 19, 20, 17, 51, 32, 33, 34, 35, 36, 37, 17, 18, 19, 20, 17, 38, 42, 43, 44, 45, 46, 13, 47, 48, 17, 18, 19, 20, 17, 51, 32, 33, 34, 35, 36, 37, 17, 18, 19, 20, 17, 38, 42, 43, 44, 45, 46, 13, 47, 48, 17, 18, 19, 20, 17, 51, 32, 33, 34, 35, 38, 42, 43, 44, 45, 51, 32, 33, 34, 35, 36, 37, 17, 18, 19, 20, 17, 38, 42, 43, 44, 45, 46, 13, 47, 48, 17, 18, 19, 20, 17, 51, 32, 33, 34, 35, 36, 37, 17, 18, 19, 20, 17, 38, 42, 43, 44, 45, 46, 13, 47, 48, 17, 18, 19, 20, 17, 51, 32, 33, 34, 35, 36, 37, 17, 18, 19, 20, 17, 38, 42, 43, 44, 45, 46, 13, 47, 50, 17, 18, 19, 20, 17, 51, 32, 33, 34, 35, 38, 42, 43, 44, 45, 46, 13, 47, 50, 17, 18, 19, 20, 17, 51, 32, 33, 34, 35, 36, 37, 17, 18, 19, 20, 17, 38, 42, 43, 44, 45, 46, 13, 47, 48, 17, 18, 19, 20, 17, 51, 32, 33, 34, 35, 36, 37, 17, 18, 19, 20, 17, 38, 42, 43, 44, 45, 51, 32, 33, 34, 35, 36, 37, 17, 18, 19, 20, 17, 38, 42, 43, 44, 45, 46, 13, 47, 50, 17, 18, 19, 20, 17, 51, 32, 33, 34, 35, 38, 42, 43, 44, 45, 51, 32, 33, 34, 35, 36, 37, 17, 18, 19, 20, 17, 38, 42, 43, 44, 45, 46, 13, 47, 48, 17, 18, 19, 20, 17, 51, 32, 33, 34, 35, 38, 42, 43, 44, 45, 46, 13, 47, 48, 17, 18, 19, 20, 17, 51, 32, 33, 34, 35, 36, 37, 17, 18, 19, 20, 17, 38, 42, 43, 44, 45, 51, 32, 33, 34, 35, 36, 37, 17, 18, 19, 20, 17, 38, 42, 43, 44, 45, 46, 13, 47, 48, 17, 18, 19, 20, 17, 51, 32, 33, 34, 35, 36, 37, 17, 18, 19, 20, 17, 38, 42, 43, 44, 45, 46, 13, 47, 50, 17, 18, 19, 20, 17, 51, 32, 33, 34, 35, 36, 37, 17, 18, 19, 20, 17, 38, 42, 43, 44, 45, 46, 13, 47, 48, 17, 18, 19, 20, 17, 51, 32, 33, 34, 35, 36, 37, 17, 18, 19, 20, 17, 38, 42, 43, 44, 45, 46, 13, 47, 50, 17, 18, 19, 20, 17, 51, 32, 33, 34, 35, 38, 42, 43, 44, 45, 46, 13, 47, 50, 17, 18, 19, 20, 17, 51, 32, 33, 34, 35, 36, 37, 17, 18, 19, 20, 17, 38, 42, 43, 44, 45, 46, 13, 47, 50, 17, 18, 19, 20, 17, 51, 32, 33, 34, 35, 38, 42, 43, 44, 45, 46, 13, 47, 50, 17, 18, 19, 20, 17, 51, 32, 33, 34, 35, 36, 37, 17, 18, 19, 20, 17, 38, 42, 43, 44, 45, 46, 13, 47, 50, 17, 18, 19, 20, 17, 51, 32, 33, 34, 35, 36, 37, 17, 18, 19, 20, 17, 38, 42, 43, 44, 45, 46, 13, 47, 50, 17, 18, 19, 20, 17, 51, 32, 33, 34, 35, 36, 37, 17, 18, 19, 20, 17, 38, 42, 43, 44, 45, 51, 32, 33, 34, 35, 38, 42, 43, 44, 45, 51, 32, 33, 34, 35, 38, 42, 43, 44, 45, 46, 13, 47, 48, 17, 18, 19, 20, 17, 51, 32, 33, 34, 35, 36, 37, 17, 18, 19, 20, 17, 38, 42, 43, 44, 45, 51, 32, 33, 34, 35, 36, 37, 17, 18, 19, 20, 17, 38, 42, 43, 44, 45, 46, 13, 47, 50, 17, 18, 19, 20, 17, 51, 32, 33, 34, 35, 36, 37, 17, 18, 19, 20, 17, 38, 42, 43, 44, 45, 46, 13, 47, 48, 17, 18, 19, 20, 17, 51, 32, 33, 34, 35, 36, 37, 17, 18, 19, 20, 17, 38, 42, 43, 44, 45, 46, 13, 47, 48, 17, 18, 19, 20, 17, 51, 32, 33, 34, 35, 36, 37, 17, 18, 19, 20, 17, 38, 42, 43, 44, 45, 46, 13, 47, 48, 17, 18, 19, 20, 17, 51, 32, 33, 34, 35, 38, 42, 43, 44, 45, 46, 13, 47, 48, 17, 18, 19, 20, 17, 51, 32, 33, 34, 35, 36, 37, 17, 18, 19, 20, 17, 38, 42, 43, 44, 45, 46, 13, 47, 50, 17, 18, 19, 20, 17, 51, 42, 43, 44, 45, 46, 13, 47, 50, 17, 18, 19, 20, 17, 51, 32, 33, 34, 35, 36, 37, 17, 18, 19, 20, 17, 38, 42, 43, 44, 45, 46, 13, 47, 48, 17, 18, 19, 20, 17, 51, 32, 33, 34, 35, 36, 37, 17, 18, 19, 20, 17, 38, 42, 43, 44, 45, 51, 32, 33, 34, 35, 36, 37, 17, 18, 19, 20, 17, 38, 42, 43, 44, 45, 46, 13, 47, 48, 17, 18, 19, 20, 17, 51, 32, 33, 34, 35, 38, 42, 43, 44, 45, 46, 13, 47, 48, 17, 18, 19, 20, 17, 51, 32, 33, 34, 35, 36, 37, 17, 18, 19, 20, 17, 38, 42, 43, 44, 45, 46, 13, 47, 48, 17, 18, 19, 20, 17, 51, 32, 33, 34, 35, 36, 37, 17, 18, 19, 20, 17, 38, 42, 43, 44, 45, 46, 13, 47, 48, 17, 18, 19, 20, 17, 51, 32, 33, 34, 35, 36, 37, 17, 18, 19, 20, 17, 38, 42, 43, 44, 45, 46, 13, 47, 50, 17, 18, 19, 20, 17, 51, 32, 33, 34, 35, 36, 37, 17, 18, 19, 20, 17, 38, 42, 43, 44, 45, 46, 13, 47, 48, 17, 18, 19, 20, 17, 51, 32, 33, 34, 35, 36, 37, 17, 18, 19, 20, 17, 38, 42, 43, 44, 45, 46, 13, 47, 48, 17, 18, 19, 20, 17, 51, 32, 33, 34, 35, 36, 37, 17, 18, 19, 20, 17, 38, 42, 43, 44, 45, 46, 13, 47, 48, 17, 18, 19, 20, 17, 51, 32, 33, 34, 35, 36, 37, 17, 18, 19, 20, 17, 38, 42, 43, 44, 45, 46, 13, 47, 50, 17, 18, 19, 20, 17, 51, 32, 33, 34, 35, 36, 37, 17, 18, 19, 20, 17, 38, 42, 43, 44, 45, 46, 13, 47, 48, 17, 18, 19, 20, 17, 51, 32, 33, 34, 35, 36, 37, 17, 18, 19, 20, 17, 38, 42, 43, 44, 45, 46, 13, 47, 48, 17, 18, 19, 20, 17, 51, 32, 33, 34, 35, 36, 37, 17, 18, 19, 20, 17, 38, 42, 43, 44, 45, 46, 13, 47, 50, 17, 18, 19, 20, 17, 51, 32, 33, 34, 35, 36, 37, 17, 18, 19, 20, 17, 38, 42, 43, 44, 45, 46, 13, 47, 48, 17, 18, 19, 20, 17, 51, 32, 33, 34, 35, 36, 37, 17, 18, 19, 20, 17, 38, 42, 43, 44, 45, 51, 32, 33, 34, 35, 36, 37, 17, 18, 19, 20, 17, 38, 42, 43, 44, 45, 46, 13, 47, 50, 17, 18, 19, 20, 17, 51, 32, 33, 34, 35, 36, 37, 17, 18, 19, 20, 17, 38, 42, 43, 44, 45, 51, 32, 33, 34, 35, 36, 37, 17, 18, 19, 20, 17, 38, 42, 43, 44, 45, 51, 32, 33, 34, 35, 38, 42, 43, 44, 45, 46, 13, 47, 50, 17, 18, 19, 20, 17, 51, 32, 33, 34, 35, 36, 37, 17, 18, 19, 20, 17, 38, 42, 43, 44, 45, 46, 13, 47, 50, 17, 18, 19, 20, 17, 51, 32, 33, 34, 35, 36, 37, 17, 18, 19, 20, 17, 38, 42, 43, 44, 45, 46, 13, 47, 50, 17, 18, 19, 20, 17, 51, 32, 33, 34, 35, 36, 37, 17, 18, 19, 20, 17, 38, 42, 43, 44, 45, 46, 13, 47, 48, 17, 18, 19, 20, 17, 51, 32, 33, 34, 35, 36, 37, 17, 18, 19, 20, 17, 38, 42, 43, 44, 45, 51, 32, 33, 34, 35, 38, 42, 43, 44, 45, 46, 13, 47, 48, 17, 18, 19, 20, 17, 51, 32, 33, 34, 35, 36, 37, 17, 18, 19, 20, 17, 38, 42, 43, 44, 45, 46, 13, 47, 48, 17, 18, 19, 20, 17, 51, 32, 33, 34, 35, 36, 37, 17, 18, 19, 20, 17, 38, 32, 33, 34, 35, 36, 37, 17, 18, 19, 20, 17, 38, 42, 43, 44, 45, 46, 13, 47, 48, 17, 18, 19, 20, 17, 51, 32, 33, 34, 35, 36, 37, 17, 18, 19, 20, 17, 38, 42, 43, 44, 45, 51, 32, 33, 34, 35, 38, 42, 43, 44, 45, 46, 13, 47, 48, 17, 18, 19, 20, 17, 51, 32, 33, 34, 35, 36, 37, 17, 18, 19, 20, 17, 38, 42, 43, 44, 45, 46, 13, 47, 48, 17, 18, 19, 20, 17, 51, 32, 33, 34, 35, 36, 37, 17, 18, 19, 20, 17, 38, 42, 43, 44, 45, 51, 32, 33, 34, 35, 36, 37, 17, 18, 19, 20, 17, 38, 42, 43, 44, 45, 46, 13, 47, 48, 17, 18, 19, 20, 17, 51, 32, 33, 34, 35, 36, 37, 17, 18, 19, 20, 17, 38, 42, 43, 44, 45, 51, 32, 33, 34, 35, 36, 37, 17, 18, 19, 20, 17, 38, 42, 43, 44, 45, 46, 13, 47, 48, 17, 18, 19, 20, 17, 51, 32, 33, 34, 35, 36, 37, 17, 18, 19, 20, 17, 38, 42, 43, 44, 45, 46, 13, 47, 48, 17, 18, 19, 20, 17, 51, 32, 33, 34, 35, 36, 37, 17, 18, 19, 20, 17, 38, 42, 43, 44, 45, 46, 13, 47, 50, 17, 18, 19, 20, 17, 51, 32, 33, 34, 35, 36, 37, 17, 18, 19, 20, 17, 38, 42, 43, 44, 45, 46, 13, 47, 48, 17, 18, 19, 20, 17, 51, 32, 33, 34, 35, 36, 37, 17, 18, 19, 20, 17, 38, 42, 43, 44, 45, 46, 13, 47, 48, 17, 18, 19, 20, 17, 51, 32, 33, 34, 35, 38, 42, 43, 44, 45, 46, 13, 47, 48, 17, 18, 19, 20, 17, 51, 32, 33, 34, 35, 36, 37, 17, 18, 19, 20, 17, 38, 42, 43, 44, 45, 46, 13, 47, 48, 17, 18, 19, 20, 17, 51, 32, 33, 34, 35, 38, 42, 43, 44, 45, 46, 13, 47, 48, 17, 18, 19, 20, 17, 51, 32, 33, 34, 35, 38, 42, 43, 44, 45, 46, 13, 47, 50, 17, 18, 19, 20, 17, 51, 32, 33, 34, 35, 38, 42, 43, 44, 45, 46, 13, 47, 48, 17, 18, 19, 20, 17, 51, 82, 79, 80, 54, 24, 25, 26, 27, 26, 25, 26, 27, 26, 25, 26, 27, 26, 25, 26, 27, 26, 25, 26, 27, 26, 25, 28, 55, 56, 55, 56, 55, 56, 55, 56, 55, 56, 55, 57, 81, 32, 33, 34, 35, 36, 37, 17, 18, 19, 20, 17, 38, 42, 43, 44, 45, 46, 13, 47, 48, 17, 18, 19, 20, 17, 51, 32, 33, 34, 35, 36, 37, 17, 18, 19, 20, 17, 38, 42, 43, 44, 45, 51, 32, 33, 34, 35, 38, 42, 43, 44, 45, 46, 13, 47, 48, 17, 18, 19, 20, 17, 51, 32, 33, 34, 35, 36, 37, 17, 18, 19, 20, 17, 38, 42, 43, 44, 45, 51, 32, 33, 34, 35, 38, 42, 43, 44, 45, 46, 13, 47, 50, 17, 18, 19, 20, 17, 51, 32, 33, 34, 35, 36, 37, 17, 18, 19, 20, 17, 38, 42, 43, 44, 45, 46, 13, 47, 48, 17, 18, 19, 20, 17, 51, 32, 33, 34, 35, 36, 37, 17, 18, 19, 20, 17, 38, 42, 43, 44, 45, 46, 13, 47, 50, 17, 18, 19, 20, 17, 51, 32, 33, 34, 35, 36, 37, 17, 18, 19, 20, 17, 38, 42, 43, 44, 45, 46, 13, 47, 48, 17, 18, 19, 20, 17, 51, 32, 33, 34, 35, 36, 37, 17, 18, 19, 20, 17, 38, 42, 43, 44, 45, 51, 32, 33, 34, 35, 36, 37, 17, 18, 19, 20, 17, 38, 42, 43, 44, 45, 46, 13, 47, 48, 17, 18, 19, 20, 17, 51, 32, 33, 34, 35, 36, 37, 17, 18, 19, 20, 17, 38, 42, 43, 44, 45, 51, 32, 33, 34, 35, 36, 37, 17, 18, 19, 20, 17, 38, 42, 43, 44, 45, 46, 13, 47, 48, 17, 18, 19, 20, 17, 51, 32, 33, 34, 35, 38, 42, 43, 44, 45, 46, 13, 47, 50, 17, 18, 19, 20, 17, 51, 32, 33, 34, 35, 36, 37, 17, 18, 19, 20, 17, 38, 42, 43, 44, 45, 46, 13, 47, 48, 17, 18, 19, 20, 17, 51, 32, 33, 34, 35, 36, 37, 17, 18, 19, 20, 17, 38, 42, 43, 44, 45, 46, 13, 47, 48, 17, 18, 19, 20, 17, 51, 32, 33, 34, 35, 36, 37, 17, 18, 19, 20, 17, 38, 42, 43, 44, 45, 46, 13, 47, 48, 17, 18, 19, 20, 17, 51, 32, 33, 34, 35, 36, 37, 17, 18, 19, 20, 17, 38, 42, 43, 44, 45, 46, 13, 47, 48, 17, 18, 19, 20, 17, 51, 32, 33, 34, 35, 36, 37, 17, 18, 19, 20, 17, 38, 42, 43, 44, 45, 51, 32, 33, 34, 35, 38, 42, 43, 44, 45, 51, 32, 33, 34, 35, 36, 37, 17, 18, 19, 20, 17, 38, 42, 43, 44, 45, 51, 32, 33, 34, 35, 36, 37, 17, 18, 19, 20, 17, 38, 42, 43, 44, 45, 46, 13, 47, 50, 17, 18, 19, 20, 17, 51, 32, 33, 34, 35, 38, 42, 43, 44, 45, 46, 13, 47, 48, 17, 18, 19, 20, 17, 51, 32, 33, 34, 35, 36, 37, 17, 18, 19, 20, 17, 38, 42, 43, 44, 45, 46, 13, 47, 50, 17, 18, 19, 20, 17, 51, 32, 33, 34, 35, 38, 42, 43, 44, 45, 46, 13, 47, 48, 17, 18, 19, 20, 17, 51, 32, 33, 34, 35, 36, 37, 17, 18, 19, 20, 17, 38, 42, 43, 44, 45, 51, 32, 33, 34, 35, 38, 42, 43, 44, 45, 46, 13, 47, 48, 17, 18, 19, 20, 17, 51, 32, 33, 34, 35, 38, 42, 43, 44, 45, 46, 13, 47, 48, 17, 18, 19, 20, 17, 51, 32, 33, 34, 35, 38, 42, 43, 44, 45, 46, 13, 47, 48, 17, 18, 19, 20, 17, 51, 32, 33, 34, 35, 36, 37, 17, 18, 19, 20, 17, 38, 42, 43, 44, 45, 46, 13, 47, 48, 17, 18, 19, 20, 17, 51, 32, 33, 34, 35, 36, 37, 17, 18, 19, 20, 17, 38, 42, 43, 44, 45, 51, 32, 33, 34, 35, 36, 37, 17, 18, 19, 20, 17, 38, 42, 43, 44, 45, 51, 32, 33, 34, 35, 36, 37, 17, 18, 19, 20, 17, 38, 42, 43, 44, 45, 46, 13, 47, 50, 17, 18, 19, 20, 17, 51, 32, 33, 34, 35, 36, 37, 17, 18, 19, 20, 17, 38, 42, 43, 44, 45, 46, 13, 47, 48, 17, 18, 19, 20, 17, 51, 32, 33, 34, 35, 38, 42, 43, 44, 45, 46, 13, 47, 48, 17, 18, 19, 20, 17, 51, 32, 33, 34, 35, 36, 37, 17, 18, 19, 20, 17, 38, 42, 43, 44, 45, 51, 32, 33, 34, 35, 38, 42, 43, 44, 45, 51, 32, 33, 34, 35, 38, 42, 43, 44, 45, 51, 32, 33, 34, 35, 36, 37, 17, 18, 19, 20, 17, 38, 42, 43, 44, 45, 51, 32, 33, 34, 35, 36, 37, 17, 18, 19, 20, 17, 38, 42, 43, 44, 45, 46, 13, 47, 48, 17, 18, 19, 20, 17, 51, 32, 33, 34, 35, 36, 37, 17, 18, 19, 20, 17, 38, 42, 43, 44, 45, 46, 13, 47, 50, 17, 18, 19, 20, 17, 51, 32, 33, 34, 35, 36, 37, 17, 18, 19, 20, 17, 38, 42, 43, 44, 45, 46, 13, 47, 48, 17, 18, 19, 20, 17, 51, 32, 33, 34, 35, 36, 37, 17, 18, 19, 20, 17, 38, 42, 43, 44, 45, 51, 32, 33, 34, 35, 36, 37, 17, 18, 19, 20, 17, 38, 42, 43, 44, 45, 46, 13, 47, 48, 17, 18, 19, 20, 17, 51, 32, 33, 34, 35, 38, 42, 43, 44, 45, 46, 13, 47, 48, 17, 18, 19, 20, 17, 51, 32, 33, 34, 35, 36, 37, 17, 18, 19, 20, 17, 38, 42, 43, 44, 45, 46, 13, 47, 48, 17, 18, 19, 20, 17, 51, 32, 33, 34, 35, 36, 37, 17, 18, 19, 20, 17, 38, 42, 43, 44, 45, 46, 13, 47, 48, 17, 18, 19, 20, 17, 51, 32, 33, 34, 35, 36, 37, 17, 18, 19, 20, 17, 38, 42, 43, 44, 45, 46, 13, 47, 50, 17, 18, 19, 20, 17, 51, 32, 33, 34, 35, 36, 37, 17, 18, 19, 20, 17, 38, 42, 43, 44, 45, 51, 32, 33, 34, 35, 36, 37, 17, 18, 19, 20, 17, 38, 42, 43, 44, 45, 46, 13, 47, 48, 17, 18, 19, 20, 17, 51, 32, 33, 34, 35, 36, 37, 17, 18, 19, 20, 17, 38, 42, 43, 44, 45, 46, 13, 47, 48, 17, 18, 19, 20, 17, 51, 32, 33, 34, 35, 36, 37, 17, 18, 19, 20, 17, 38, 42, 43, 44, 45, 46, 13, 47, 48, 17, 18, 19, 20, 17, 51, 32, 33, 34, 35, 36, 37, 17, 18, 19, 20, 17, 38, 42, 43, 44, 45, 46, 13, 47, 50, 17, 18, 19, 20, 17, 51, 32, 33, 34, 35, 38, 42, 43, 44, 45, 51, 32, 33, 34, 35, 36, 37, 17, 18, 19, 20, 17, 38, 42, 43, 44, 45, 46, 13, 47, 50, 17, 18, 19, 20, 17, 51, 32, 33, 34, 35, 36, 37, 17, 18, 19, 20, 17, 38, 42, 43, 44, 45, 46, 13, 47, 50, 17, 18, 19, 20, 17, 51, 32, 33, 34, 35, 36, 37, 17, 18, 19, 20, 17, 38, 42, 43, 44, 45, 46, 13, 47, 50, 17, 18, 19, 20, 17, 51, 32, 33, 34, 35, 36, 37, 17, 18, 19, 20, 17, 38, 42, 43, 44, 45, 46, 13, 47, 48, 17, 18, 19, 20, 17, 51, 32, 33, 34, 35, 36, 37, 17, 18, 19, 20, 17, 38, 42, 43, 44, 45, 46, 13, 47, 50, 17, 18, 19, 20, 17, 51, 32, 33, 34, 35, 38, 42, 43, 44, 45, 46, 13, 47, 48, 17, 18, 19, 20, 17, 51, 32, 33, 34, 35, 36, 37, 17, 18, 19, 20, 17, 38, 42, 43, 44, 45, 46, 13, 47, 48, 17, 18, 19, 20, 17, 51, 42, 43, 44, 45, 46, 13, 47, 48, 17, 18, 19, 20, 17, 51, 32, 33, 34, 35, 36, 37, 17, 18, 19, 20, 17, 38, 32, 33, 34, 35, 36, 37, 17, 18, 19, 20, 17, 38, 42, 43, 44, 45, 46, 13, 47, 48, 17, 18, 19, 20, 17, 51, 42, 43, 44, 45, 46, 13, 47, 48, 17, 18, 19, 20, 17, 51, 32, 33, 34, 35, 36, 37, 17, 18, 19, 20, 17, 38, 42, 43, 44, 45, 51, 32, 33, 34, 35, 36, 37, 17, 18, 19, 20, 17, 38, 42, 43, 44, 45, 46, 13, 47, 50, 17, 18, 19, 20, 17, 51, 32, 33, 34, 35, 38, 42, 43, 44, 45, 46, 13, 47, 48, 17, 18, 19, 20, 17, 51, 32, 33, 34, 35, 36, 37, 17, 18, 19, 20, 17, 38, 42, 43, 44, 45, 46, 13, 47, 48, 17, 18, 19, 20, 17, 51, 32, 33, 34, 35, 38, 42, 43, 44, 45, 46, 13, 47, 48, 17, 18, 19, 20, 17, 51, 32, 33, 34, 35, 36, 37, 17, 18, 19, 20, 17, 38, 42, 43, 44, 45, 46, 13, 47, 48, 17, 18, 19, 20, 17, 51, 32, 33, 34, 35, 36, 37, 17, 18, 19, 20, 17, 38, 42, 43, 44, 45, 51, 32, 33, 34, 35, 36, 37, 17, 18, 19, 20, 17, 38, 42, 43, 44, 45, 46, 13, 47, 48, 17, 18, 19, 20, 17, 51, 32, 33, 34, 35, 36, 37, 17, 18, 19, 20, 17, 38, 42, 43, 44, 45, 46, 13, 47, 50, 17, 18, 19, 20, 17, 51, 32, 33, 34, 35, 36, 37, 17, 18, 19, 20, 17, 38, 42, 43, 44, 45, 46, 13, 47, 48, 17, 18, 19, 20, 17, 51, 32, 33, 34, 35, 36, 37, 17, 18, 19, 20, 17, 38, 42, 43, 44, 45, 51, 32, 33, 34, 35, 36, 37, 17, 18, 19, 20, 17, 38, 42, 43, 44, 45, 46, 13, 47, 50, 17, 18, 19, 20, 17, 51, 32, 33, 34, 35, 36, 37, 17, 18, 19, 20, 17, 38, 42, 43, 44, 45, 46, 13, 47, 48, 17, 18, 19, 20, 17, 51, 32, 33, 34, 35, 36, 37, 17, 18, 19, 20, 17, 38, 42, 43, 44, 45, 46, 13, 47, 48, 17, 18, 19, 20, 17, 51, 32, 33, 34, 35, 36, 37, 17, 18, 19, 20, 17, 38, 42, 43, 44, 45, 46, 13, 47, 48, 17, 18, 19, 20, 17, 51, 32, 33, 34, 35, 36, 37, 17, 18, 19, 20, 17, 38, 42, 43, 44, 45, 46, 13, 47, 50, 17, 18, 19, 20, 17, 51, 32, 33, 34, 35, 36, 37, 17, 18, 19, 20, 17, 38, 42, 43, 44, 45, 46, 13, 47, 50, 17, 18, 19, 20, 17, 51, 32, 33, 34, 35, 36, 37, 17, 18, 19, 20, 17, 38, 42, 43, 44, 45, 46, 13, 47, 48, 17, 18, 19, 20, 17, 51, 32, 33, 34, 35, 36, 37, 17, 18, 19, 20, 17, 38, 42, 43, 44, 45, 46, 13, 47, 50, 17, 18, 19, 20, 17, 51, 32, 33, 34, 35, 36, 37, 17, 18, 19, 20, 17, 38, 42, 43, 44, 45, 51, 32, 33, 34, 35, 36, 37, 17, 18, 19, 20, 17, 38, 42, 43, 44, 45, 46, 13, 47, 50, 17, 18, 19, 20, 17, 51, 32, 33, 34, 35, 38, 42, 43, 44, 45, 46, 13, 47, 48, 17, 18, 19, 20, 17, 51, 32, 33, 34, 35, 36, 37, 17, 18, 19, 20, 17, 38, 42, 43, 44, 45, 46, 13, 47, 50, 17, 18, 19, 20, 17, 51, 32, 33, 34, 35, 38, 42, 43, 44, 45, 51, 32, 33, 34, 35, 36, 37, 17, 18, 19, 20, 17, 38, 42, 43, 44, 45, 46, 13, 47, 50, 17, 18, 19, 20, 17, 51, 32, 33, 34, 35, 36, 37, 17, 18, 19, 20, 17, 38, 42, 43, 44, 45, 51, 32, 33, 34, 35, 36, 37, 17, 18, 19, 20, 17, 38, 42, 43, 44, 45, 46, 13, 47, 50, 17, 18, 19, 20, 17, 51, 32, 33, 34, 35, 36, 37, 17, 18, 19, 20, 17, 38, 32, 33, 34, 35, 38, 42, 43, 44, 45, 46, 13, 47, 48, 17, 18, 19, 20, 17, 51, 32, 33, 34, 35, 36, 37, 17, 18, 19, 20, 17, 38, 42, 43, 44, 45, 51, 32, 33, 34, 35, 36, 37, 17, 18, 19, 20, 17, 38, 42, 43, 44, 45, 46, 13, 47, 48, 17, 18, 19, 20, 17, 51, 32, 33, 34, 35, 38, 42, 43, 44, 45, 46, 13, 47, 48, 17, 18, 19, 20, 17, 51, 32, 33, 34, 35, 36, 37, 17, 18, 19, 20, 17, 38, 42, 43, 44, 45, 46, 13, 47, 50, 17, 18, 19, 20, 17, 51, 82, 79, 80, 54, 24, 25, 26, 27, 26, 25, 26, 27, 26, 25, 26, 27, 26, 25, 26, 27, 26, 25, 26, 27, 26, 25, 28, 55, 56, 55, 56, 55, 56, 55, 56, 55, 56, 55, 57, 81, 32, 33, 34, 35, 36, 37, 17, 18, 19, 20, 17, 38, 42, 43, 44, 45, 46, 13, 47, 50, 17, 18, 19, 20, 17, 51, 32, 33, 34, 35, 36, 37, 17, 18, 19, 20, 17, 38, 42, 43, 44, 45, 46, 13, 47, 48, 17, 18, 19, 20, 17, 51, 32, 33, 34, 35, 36, 37, 17, 18, 19, 20, 17, 38, 42, 43, 44, 45, 46, 13, 47, 50, 17, 18, 19, 20, 17, 51, 32, 33, 34, 35, 36, 37, 17, 18, 19, 20, 17, 38, 42, 43, 44, 45, 46, 13, 47, 48, 17, 18, 19, 20, 17, 51, 32, 33, 34, 35, 38, 42, 43, 44, 45, 46, 13, 47, 50, 17, 18, 19, 20, 17, 51, 32, 33, 34, 35, 36, 37, 17, 18, 19, 20, 17, 38, 42, 43, 44, 45, 51, 32, 33, 34, 35, 38, 42, 43, 44, 45, 46, 13, 47, 48, 17, 18, 19, 20, 17, 51, 32, 33, 34, 35, 38, 42, 43, 44, 45, 46, 13, 47, 48, 17, 18, 19, 20, 17, 51, 32, 33, 34, 35, 36, 37, 17, 18, 19, 20, 17, 38, 42, 43, 44, 45, 46, 13, 47, 48, 17, 18, 19, 20, 17, 51, 32, 33, 34, 35, 36, 37, 17, 18, 19, 20, 17, 38, 42, 43, 44, 45, 51, 32, 33, 34, 35, 36, 37, 17, 18, 19, 20, 17, 38, 42, 43, 44, 45, 51, 32, 33, 34, 35, 38, 42, 43, 44, 45, 46, 13, 47, 48, 17, 18, 19, 20, 17, 51, 32, 33, 34, 35, 36, 37, 17, 18, 19, 20, 17, 38, 42, 43, 44, 45, 51, 32, 33, 34, 35, 36, 37, 17, 18, 19, 20, 17, 38, 42, 43, 44, 45, 46, 13, 47, 50, 17, 18, 19, 20, 17, 51, 42, 43, 44, 45, 51, 32, 33, 34, 35, 36, 37, 17, 18, 19, 20, 17, 38, 42, 43, 44, 45, 46, 13, 47, 48, 17, 18, 19, 20, 17, 51, 32, 33, 34, 35, 36, 37, 17, 18, 19, 20, 17, 38, 42, 43, 44, 45, 51, 32, 33, 34, 35, 38, 42, 43, 44, 45, 51, 32, 33, 34, 35, 36, 37, 17, 18, 19, 20, 17, 38, 42, 43, 44, 45, 46, 13, 47, 48, 17, 18, 19, 20, 17, 51, 32, 33, 34, 35, 36, 37, 17, 18, 19, 20, 17, 38, 42, 43, 44, 45, 46, 13, 47, 50, 17, 18, 19, 20, 17, 51, 32, 33, 34, 35, 38, 42, 43, 44, 45, 51, 32, 33, 34, 35, 36, 37, 17, 18, 19, 20, 17, 38, 42, 43, 44, 45, 51, 32, 33, 34, 35, 36, 37, 17, 18, 19, 20, 17, 38, 42, 43, 44, 45, 46, 13, 47, 48, 17, 18, 19, 20, 17, 51, 32, 33, 34, 35, 38, 42, 43, 44, 45, 46, 13, 47, 50, 17, 18, 19, 20, 17, 51, 32, 33, 34, 35, 36, 37, 17, 18, 19, 20, 17, 38, 42, 43, 44, 45, 46, 13, 47, 50, 17, 18, 19, 20, 17, 51, 32, 33, 34, 35, 36, 37, 17, 18, 19, 20, 17, 38, 42, 43, 44, 45, 46, 13, 47, 50, 17, 18, 19, 20, 17, 51, 32, 33, 34, 35, 36, 37, 17, 18, 19, 20, 17, 38, 42, 43, 44, 45, 51, 32, 33, 34, 35, 36, 37, 17, 18, 19, 20, 17, 38, 42, 43, 44, 45, 46, 13, 47, 48, 17, 18, 19, 20, 17, 51, 32, 33, 34, 35, 36, 37, 17, 18, 19, 20, 17, 38, 42, 43, 44, 45, 51, 32, 33, 34, 35, 36, 37, 17, 18, 19, 20, 17, 38, 42, 43, 44, 45, 46, 13, 47, 48, 17, 18, 19, 20, 17, 51, 32, 33, 34, 35, 36, 37, 17, 18, 19, 20, 17, 38, 42, 43, 44, 45, 51, 32, 33, 34, 35, 38, 42, 43, 44, 45, 46, 13, 47, 48, 17, 18, 19, 20, 17, 51, 32, 33, 34, 35, 38, 42, 43, 44, 45, 46, 13, 47, 50, 17, 18, 19, 20, 17, 51, 32, 33, 34, 35, 36, 37, 17, 18, 19, 20, 17, 38, 42, 43, 44, 45, 46, 13, 47, 48, 17, 18, 19, 20, 17, 51, 32, 33, 34, 35, 36, 37, 17, 18, 19, 20, 17, 38, 42, 43, 44, 45, 46, 13, 47, 48, 17, 18, 19, 20, 17, 51, 32, 33, 34, 35, 38, 42, 43, 44, 45, 51, 32, 33, 34, 35, 38, 42, 43, 44, 45, 46, 13, 47, 48, 17, 18, 19, 20, 17, 51, 32, 33, 34, 35, 36, 37, 17, 18, 19, 20, 17, 38, 42, 43, 44, 45, 46, 13, 47, 50, 17, 18, 19, 20, 17, 51, 32, 33, 34, 35, 38, 42, 43, 44, 45, 46, 13, 47, 48, 17, 18, 19, 20, 17, 51, 32, 33, 34, 35, 36, 37, 17, 18, 19, 20, 17, 38, 42, 43, 44, 45, 46, 13, 47, 48, 17, 18, 19, 20, 17, 51, 32, 33, 34, 35, 36, 37, 17, 18, 19, 20, 17, 38, 42, 43, 44, 45, 46, 13, 47, 48, 17, 18, 19, 20, 17, 51, 32, 33, 34, 35, 38, 42, 43, 44, 45, 46, 13, 47, 50, 17, 18, 19, 20, 17, 51, 32, 33, 34, 35, 36, 37, 17, 18, 19, 20, 17, 38, 42, 43, 44, 45, 46, 13, 47, 50, 17, 18, 19, 20, 17, 51, 32, 33, 34, 35, 36, 37, 17, 18, 19, 20, 17, 38, 42, 43, 44, 45, 46, 13, 47, 48, 17, 18, 19, 20, 17, 51, 32, 33, 34, 35, 38, 42, 43, 44, 45, 46, 13, 47, 50, 17, 18, 19, 20, 17, 51, 32, 33, 34, 35, 36, 37, 17, 18, 19, 20, 17, 38, 42, 43, 44, 45, 46, 13, 47, 48, 17, 18, 19, 20, 17, 51, 32, 33, 34, 35, 38, 42, 43, 44, 45, 51, 32, 33, 34, 35, 36, 37, 17, 18, 19, 20, 17, 38, 42, 43, 44, 45, 51, 32, 33, 34, 35, 38, 42, 43, 44, 45, 46, 13, 47, 48, 17, 18, 19, 20, 17, 51, 32, 33, 34, 35, 36, 37, 17, 18, 19, 20, 17, 38, 42, 43, 44, 45, 46, 13, 47, 48, 17, 18, 19, 20, 17, 51, 32, 33, 34, 35, 36, 37, 17, 18, 19, 20, 17, 38, 42, 43, 44, 45, 46, 13, 47, 48, 17, 18, 19, 20, 17, 51, 32, 33, 34, 35, 36, 37, 17, 18, 19, 20, 17, 38, 42, 43, 44, 45, 46, 13, 47, 48, 17, 18, 19, 20, 17, 51, 32, 33, 34, 35, 36, 37, 17, 18, 19, 20, 17, 38, 32, 33, 34, 35, 36, 37, 17, 18, 19, 20, 17, 38, 42, 43, 44, 45, 46, 13, 47, 50, 17, 18, 19, 20, 17, 51, 32, 33, 34, 35, 36, 37, 17, 18, 19, 20, 17, 38, 42, 43, 44, 45, 46, 13, 47, 50, 17, 18, 19, 20, 17, 51, 32, 33, 34, 35, 36, 37, 17, 18, 19, 20, 17, 38, 42, 43, 44, 45, 46, 13, 47, 48, 17, 18, 19, 20, 17, 51, 32, 33, 34, 35, 36, 37, 17, 18, 19, 20, 17, 38, 42, 43, 44, 45, 46, 13, 47, 48, 17, 18, 19, 20, 17, 51, 32, 33, 34, 35, 38, 42, 43, 44, 45, 46, 13, 47, 48, 17, 18, 19, 20, 17, 51, 32, 33, 34, 35, 36, 37, 17, 18, 19, 20, 17, 38, 42, 43, 44, 45, 51, 32, 33, 34, 35, 36, 37, 17, 18, 19, 20, 17, 38, 42, 43, 44, 45, 46, 13, 47, 50, 17, 18, 19, 20, 17, 51, 32, 33, 34, 35, 36, 37, 17, 18, 19, 20, 17, 38, 42, 43, 44, 45, 46, 13, 47, 48, 17, 18, 19, 20, 17, 51, 32, 33, 34, 35, 36, 37, 17, 18, 19, 20, 17, 38, 42, 43, 44, 45, 46, 13, 47, 48, 17, 18, 19, 20, 17, 51, 32, 33, 34, 35, 36, 37, 17, 18, 19, 20, 17, 38, 42, 43, 44, 45, 51, 32, 33, 34, 35, 36, 37, 17, 18, 19, 20, 17, 38, 42, 43, 44, 45, 51, 32, 33, 34, 35, 36, 37, 17, 18, 19, 20, 17, 38, 42, 43, 44, 45, 46, 13, 47, 50, 17, 18, 19, 20, 17, 51, 32, 33, 34, 35, 38, 42, 43, 44, 45, 46, 13, 47, 48, 17, 18, 19, 20, 17, 51, 32, 33, 34, 35, 36, 37, 17, 18, 19, 20, 17, 38, 42, 43, 44, 45, 46, 13, 47, 50, 17, 18, 19, 20, 17, 51, 32, 33, 34, 35, 36, 37, 17, 18, 19, 20, 17, 38, 42, 43, 44, 45, 46, 13, 47, 48, 17, 18, 19, 20, 17, 51, 32, 33, 34, 35, 36, 37, 17, 18, 19, 20, 17, 38, 42, 43, 44, 45, 46, 13, 47, 48, 17, 18, 19, 20, 17, 51, 32, 33, 34, 35, 36, 37, 17, 18, 19, 20, 17, 38, 42, 43, 44, 45, 46, 13, 47, 50, 17, 18, 19, 20, 17, 51, 32, 33, 34, 35, 36, 37, 17, 18, 19, 20, 17, 38, 42, 43, 44, 45, 46, 13, 47, 50, 17, 18, 19, 20, 17, 51, 32, 33, 34, 35, 38, 42, 43, 44, 45, 46, 13, 47, 48, 17, 18, 19, 20, 17, 51, 32, 33, 34, 35, 36, 37, 17, 18, 19, 20, 17, 38, 42, 43, 44, 45, 51, 32, 33, 34, 35, 36, 37, 17, 18, 19, 20, 17, 38, 42, 43, 44, 45, 46, 13, 47, 50, 17, 18, 19, 20, 17, 51, 32, 33, 34, 35, 36, 37, 17, 18, 19, 20, 17, 38, 42, 43, 44, 45, 46, 13, 47, 48, 17, 18, 19, 20, 17, 51, 32, 33, 34, 35, 36, 37, 17, 18, 19, 20, 17, 38, 42, 43, 44, 45, 46, 13, 47, 48, 17, 18, 19, 20, 17, 51, 32, 33, 34, 35, 36, 37, 17, 18, 19, 20, 17, 38, 42, 43, 44, 45, 46, 13, 47, 48, 17, 18, 19, 20, 17, 51, 32, 33, 34, 35, 36, 37, 17, 18, 19, 20, 17, 38, 42, 43, 44, 45, 46, 13, 47, 50, 17, 18, 19, 20, 17, 51, 32, 33, 34, 35, 36, 37, 17, 18, 19, 20, 17, 38, 42, 43, 44, 45, 46, 13, 47, 48, 17, 18, 19, 20, 17, 51, 32, 33, 34, 35, 36, 37, 17, 18, 19, 20, 17, 38, 42, 43, 44, 45, 51, 32, 33, 34, 35, 38, 42, 43, 44, 45, 51, 32, 33, 34, 35, 36, 37, 17, 18, 19, 20, 17, 38, 42, 43, 44, 45, 46, 13, 47, 50, 17, 18, 19, 20, 17, 51, 32, 33, 34, 35, 36, 37, 17, 18, 19, 20, 17, 38, 42, 43, 44, 45, 46, 13, 47, 50, 17, 18, 19, 20, 17, 51, 32, 33, 34, 35, 36, 37, 17, 18, 19, 20, 17, 38, 42, 43, 44, 45, 46, 13, 47, 50, 17, 18, 19, 20, 17, 51, 32, 33, 34, 35, 38, 42, 43, 44, 45, 46, 13, 47, 48, 17, 18, 19, 20, 17, 51, 32, 33, 34, 35, 38, 42, 43, 44, 45, 46, 13, 47, 50, 17, 18, 19, 20, 17, 51, 32, 33, 34, 35, 36, 37, 17, 18, 19, 20, 17, 38, 42, 43, 44, 45, 51, 32, 33, 34, 35, 36, 37, 17, 18, 19, 20, 17, 38, 42, 43, 44, 45, 46, 13, 47, 48, 17, 18, 19, 20, 17, 51, 32, 33, 34, 35, 38, 42, 43, 44, 45, 46, 13, 47, 48, 17, 18, 19, 20, 17, 51, 32, 33, 34, 35, 36, 37, 17, 18, 19, 20, 17, 38, 42, 43, 44, 45, 46, 13, 47, 48, 17, 18, 19, 20, 17, 51, 32, 33, 34, 35, 36, 37, 17, 18, 19, 20, 17, 38, 42, 43, 44, 45, 46, 13, 47, 50, 17, 18, 19, 20, 17, 51, 42, 43, 44, 45, 46, 13, 47, 50, 17, 18, 19, 20, 17, 51, 32, 33, 34, 35, 38, 42, 43, 44, 45, 46, 13, 47, 48, 17, 18, 19, 20, 17, 51, 32, 33, 34, 35, 38, 42, 43, 44, 45, 46, 13, 47, 50, 17, 18, 19, 20, 17, 51, 32, 33, 34, 35, 36, 37, 17, 18, 19, 20, 17, 38, 42, 43, 44, 45, 46, 13, 47, 50, 17, 18, 19, 20, 17, 51, 32, 33, 34, 35, 38, 42, 43, 44, 45, 46, 13, 47, 50, 17, 18, 19, 20, 17, 51, 32, 33, 34, 35, 36, 37, 17, 18, 19, 20, 17, 38, 42, 43, 44, 45, 46, 13, 47, 50, 17, 18, 19, 20, 17, 51, 32, 33, 34, 35, 36, 37, 17, 18, 19, 20, 17, 38, 82, 79, 80, 54, 24, 25, 26, 27, 26, 25, 26, 27, 26, 25, 26, 27, 26, 25, 26, 27, 26, 25, 26, 27, 26, 25, 28, 55, 56, 55, 56, 55, 56, 55, 56, 55, 56, 55, 57, 81, 42, 43, 44, 45, 51, 32, 33, 34, 35, 36, 37, 17, 18, 19, 20, 17, 38, 42, 43, 44, 45, 46, 13, 47, 48, 17, 18, 19, 20, 17, 51, 32, 33, 34, 35, 36, 37, 17, 18, 19, 20, 17, 38, 42, 43, 44, 45, 51, 32, 33, 34, 35, 36, 37, 17, 18, 19, 20, 17, 38, 42, 43, 44, 45, 46, 13, 47, 48, 17, 18, 19, 20, 17, 51, 32, 33, 34, 35, 36, 37, 17, 18, 19, 20, 17, 38, 42, 43, 44, 45, 46, 13, 47, 48, 17, 18, 19, 20, 17, 51, 32, 33, 34, 35, 36, 37, 17, 18, 19, 20, 17, 38, 42, 43, 44, 45, 46, 13, 47, 50, 17, 18, 19, 20, 17, 51, 32, 33, 34, 35, 38, 42, 43, 44, 45, 46, 13, 47, 50, 17, 18, 19, 20, 17, 51, 32, 33, 34, 35, 38, 42, 43, 44, 45, 46, 13, 47, 50, 17, 18, 19, 20, 17, 51, 32, 33, 34, 35, 36, 37, 17, 18, 19, 20, 17, 38, 42, 43, 44, 45, 51, 32, 33, 34, 35, 36, 37, 17, 18, 19, 20, 17, 38, 42, 43, 44, 45, 51, 32, 33, 34, 35, 36, 37, 17, 18, 19, 20, 17, 38, 42, 43, 44, 45, 46, 13, 47, 48, 17, 18, 19, 20, 17, 51, 32, 33, 34, 35, 36, 37, 17, 18, 19, 20, 17, 38, 42, 43, 44, 45, 46, 13, 47, 50, 17, 18, 19, 20, 17, 51, 32, 33, 34, 35, 36, 37, 17, 18, 19, 20, 17, 38, 42, 43, 44, 45, 46, 13, 47, 48, 17, 18, 19, 20, 17, 51, 32, 33, 34, 35, 36, 37, 17, 18, 19, 20, 17, 38, 32, 33, 34, 35, 36, 37, 17, 18, 19, 20, 17, 38, 42, 43, 44, 45, 46, 13, 47, 48, 17, 18, 19, 20, 17, 51, 42, 43, 44, 45, 46, 13, 47, 50, 17, 18, 19, 20, 17, 51, 32, 33, 34, 35, 36, 37, 17, 18, 19, 20, 17, 38, 42, 43, 44, 45, 46, 13, 47, 48, 17, 18, 19, 20, 17, 51, 32, 33, 34, 35, 36, 37, 17, 18, 19, 20, 17, 38, 32, 33, 34, 35, 36, 37, 17, 18, 19, 20, 17, 38, 42, 43, 44, 45, 46, 13, 47, 48, 17, 18, 19, 20, 17, 51, 32, 33, 34, 35, 36, 37, 17, 18, 19, 20, 17, 38, 42, 43, 44, 45, 46, 13, 47, 48, 17, 18, 19, 20, 17, 51, 32, 33, 34, 35, 36, 37, 17, 18, 19, 20, 17, 38, 42, 43, 44, 45, 46, 13, 47, 48, 17, 18, 19, 20, 17, 51, 32, 33, 34, 35, 36, 37, 17, 18, 19, 20, 17, 38, 42, 43, 44, 45, 46, 13, 47, 48, 17, 18, 19, 20, 17, 51, 32, 33, 34, 35, 36, 37, 17, 18, 19, 20, 17, 38, 42, 43, 44, 45, 46, 13, 47, 50, 17, 18, 19, 20, 17, 51, 32, 33, 34, 35, 36, 37, 17, 18, 19, 20, 17, 38, 42, 43, 44, 45, 46, 13, 47, 50, 17, 18, 19, 20, 17, 51, 32, 33, 34, 35, 36, 37, 17, 18, 19, 20, 17, 38, 42, 43, 44, 45, 46, 13, 47, 50, 17, 18, 19, 20, 17, 51, 32, 33, 34, 35, 36, 37, 17, 18, 19, 20, 17, 38, 42, 43, 44, 45, 51, 32, 33, 34, 35, 36, 37, 17, 18, 19, 20, 17, 38, 42, 43, 44, 45, 46, 13, 47, 48, 17, 18, 19, 20, 17, 51, 32, 33, 34, 35, 36, 37, 17, 18, 19, 20, 17, 38, 42, 43, 44, 45, 46, 13, 47, 50, 17, 18, 19, 20, 17, 51, 32, 33, 34, 35, 36, 37, 17, 18, 19, 20, 17, 38, 42, 43, 44, 45, 46, 13, 47, 50, 17, 18, 19, 20, 17, 51, 32, 33, 34, 35, 36, 37, 17, 18, 19, 20, 17, 38, 42, 43, 44, 45, 51, 32, 33, 34, 35, 36, 37, 17, 18, 19, 20, 17, 38, 42, 43, 44, 45, 46, 13, 47, 48, 17, 18, 19, 20, 17, 51, 32, 33, 34, 35, 36, 37, 17, 18, 19, 20, 17, 38, 42, 43, 44, 45, 46, 13, 47, 48, 17, 18, 19, 20, 17, 51, 32, 33, 34, 35, 36, 37, 17, 18, 19, 20, 17, 38, 42, 43, 44, 45, 46, 13, 47, 48, 17, 18, 19, 20, 17, 51, 32, 33, 34, 35, 36, 37, 17, 18, 19, 20, 17, 38, 42, 43, 44, 45, 46, 13, 47, 48, 17, 18, 19, 20, 17, 51, 32, 33, 34, 35, 36, 37, 17, 18, 19, 20, 17, 38, 42, 43, 44, 45, 46, 13, 47, 50, 17, 18, 19, 20, 17, 51, 32, 33, 34, 35, 38, 42, 43, 44, 45, 51, 32, 33, 34, 35, 36, 37, 17, 18, 19, 20, 17, 38, 42, 43, 44, 45, 46, 13, 47, 48, 17, 18, 19, 20, 17, 51, 32, 33, 34, 35, 38, 42, 43, 44, 45, 46, 13, 47, 48, 17, 18, 19, 20, 17, 51, 32, 33, 34, 35, 36, 37, 17, 18, 19, 20, 17, 38, 42, 43, 44, 45, 46, 13, 47, 48, 17, 18, 19, 20, 17, 51, 32, 33, 34, 35, 36, 37, 17, 18, 19, 20, 17, 38, 42, 43, 44, 45, 51, 32, 33, 34, 35, 36, 37, 17, 18, 19, 20, 17, 38, 42, 43, 44, 45, 46, 13, 47, 48, 17, 18, 19, 20, 17, 51, 32, 33, 34, 35, 36, 37, 17, 18, 19, 20, 17, 38, 42, 43, 44, 45, 46, 13, 47, 50, 17, 18, 19, 20, 17, 51, 32, 33, 34, 35, 36, 37, 17, 18, 19, 20, 17, 38, 42, 43, 44, 45, 51, 32, 33, 34, 35, 38, 42, 43, 44, 45, 46, 13, 47, 50, 17, 18, 19, 20, 17, 51, 32, 33, 34, 35, 36, 37, 17, 18, 19, 20, 17, 38, 42, 43, 44, 45, 46, 13, 47, 50, 17, 18, 19, 20, 17, 51, 32, 33, 34, 35, 36, 37, 17, 18, 19, 20, 17, 38, 42, 43, 44, 45, 46, 13, 47, 50, 17, 18, 19, 20, 17, 51, 32, 33, 34, 35, 36, 37, 17, 18, 19, 20, 17, 38, 42, 43, 44, 45, 46, 13, 47, 50, 17, 18, 19, 20, 17, 51, 32, 33, 34, 35, 38, 42, 43, 44, 45, 46, 13, 47, 50, 17, 18, 19, 20, 17, 51, 32, 33, 34, 35, 38, 42, 43, 44, 45, 46, 13, 47, 48, 17, 18, 19, 20, 17, 51, 32, 33, 34, 35, 36, 37, 17, 18, 19, 20, 17, 38, 42, 43, 44, 45, 46, 13, 47, 50, 17, 18, 19, 20, 17, 51, 32, 33, 34, 35, 36, 37, 17, 18, 19, 20, 17, 38, 42, 43, 44, 45, 46, 13, 47, 50, 17, 18, 19, 20, 17, 51, 32, 33, 34, 35, 36, 37, 17, 18, 19, 20, 17, 38, 42, 43, 44, 45, 46, 13, 47, 48, 17, 18, 19, 20, 17, 51, 32, 33, 34, 35, 36, 37, 17, 18, 19, 20, 17, 38, 42, 43, 44, 45, 46, 13, 47, 48, 17, 18, 19, 20, 17, 51, 32, 33, 34, 35, 38, 42, 43, 44, 45, 46, 13, 47, 50, 17, 18, 19, 20, 17, 51, 32, 33, 34, 35, 36, 37, 17, 18, 19, 20, 17, 38, 42, 43, 44, 45, 46, 13, 47, 50, 17, 18, 19, 20, 17, 51, 32, 33, 34, 35, 36, 37, 17, 18, 19, 20, 17, 38, 42, 43, 44, 45, 46, 13, 47, 48, 17, 18, 19, 20, 17, 51, 32, 33, 34, 35, 36, 37, 17, 18, 19, 20, 17, 38, 42, 43, 44, 45, 46, 13, 47, 48, 17, 18, 19, 20, 17, 51, 32, 33, 34, 35, 36, 37, 17, 18, 19, 20, 17, 38, 42, 43, 44, 45, 46, 13, 47, 48, 17, 18, 19, 20, 17, 51, 32, 33, 34, 35, 36, 37, 17, 18, 19, 20, 17, 38, 42, 43, 44, 45, 46, 13, 47, 50, 17, 18, 19, 20, 17, 51, 32, 33, 34, 35, 36, 37, 17, 18, 19, 20, 17, 38, 42, 43, 44, 45, 46, 13, 47, 48, 17, 18, 19, 20, 17, 51, 32, 33, 34, 35, 36, 37, 17, 18, 19, 20, 17, 38, 42, 43, 44, 45, 46, 13, 47, 50, 17, 18, 19, 20, 17, 51, 32, 33, 34, 35, 36, 37, 17, 18, 19, 20, 17, 38, 42, 43, 44, 45, 51, 32, 33, 34, 35, 38, 42, 43, 44, 45, 51, 32, 33, 34, 35, 36, 37, 17, 18, 19, 20, 17, 38, 42, 43, 44, 45, 46, 13, 47, 48, 17, 18, 19, 20, 17, 51, 32, 33, 34, 35, 38, 42, 43, 44, 45, 46, 13, 47, 48, 17, 18, 19, 20, 17, 51, 32, 33, 34, 35, 36, 37, 17, 18, 19, 20, 17, 38, 42, 43, 44, 45, 46, 13, 47, 48, 17, 18, 19, 20, 17, 51, 32, 33, 34, 35, 38, 42, 43, 44, 45, 46, 13, 47, 50, 17, 18, 19, 20, 17, 51, 32, 33, 34, 35, 36, 37, 17, 18, 19, 20, 17, 38, 42, 43, 44, 45, 51, 32, 33, 34, 35, 36, 37, 17, 18, 19, 20, 17, 38, 42, 43, 44, 45, 46, 13, 47, 48, 17, 18, 19, 20, 17, 51, 32, 33, 34, 35, 36, 37, 17, 18, 19, 20, 17, 38, 42, 43, 44, 45, 46, 13, 47, 50, 17, 18, 19, 20, 17, 51, 32, 33, 34, 35, 36, 37, 17, 18, 19, 20, 17, 38, 42, 43, 44, 45, 46, 13, 47, 50, 17, 18, 19, 20, 17, 51, 32, 33, 34, 35, 36, 37, 17, 18, 19, 20, 17, 38, 42, 43, 44, 45, 46, 13, 47, 48, 17, 18, 19, 20, 17, 51, 32, 33, 34, 35, 36, 37, 17, 18, 19, 20, 17, 38, 42, 43, 44, 45, 51, 32, 33, 34, 35, 36, 37, 17, 18, 19, 20, 17, 38, 42, 43, 44, 45, 46, 13, 47, 48, 17, 18, 19, 20, 17, 51, 32, 33, 34, 35, 36, 37, 17, 18, 19, 20, 17, 38, 42, 43, 44, 45, 46, 13, 47, 48, 17, 18, 19, 20, 17, 51, 32, 33, 34, 35, 36, 37, 17, 18, 19, 20, 17, 38, 42, 43, 44, 45, 46, 13, 47, 48, 17, 18, 19, 20, 17, 51, 32, 33, 34, 35, 38, 42, 43, 44, 45, 46, 13, 47, 48, 17, 18, 19, 20, 17, 51, 32, 33, 34, 35, 36, 37, 17, 18, 19, 20, 17, 38, 42, 43, 44, 45, 46, 13, 47, 50, 17, 18, 19, 20, 17, 51, 32, 33, 34, 35, 38, 42, 43, 44, 45, 46, 13, 47, 50, 17, 18, 19, 20, 17, 51, 32, 33, 34, 35, 36, 37, 17, 18, 19, 20, 17, 38, 42, 43, 44, 45, 46, 13, 47, 50, 17, 18, 19, 20, 17, 51, 32, 33, 34, 35, 36, 37, 17, 18, 19, 20, 17, 38, 42, 43, 44, 45, 46, 13, 47, 48, 17, 18, 19, 20, 17, 51, 32, 33, 34, 35, 38, 42, 43, 44, 45, 46, 13, 47, 48, 17, 18, 19, 20, 17, 51, 32, 33, 34, 35, 36, 37, 17, 18, 19, 20, 17, 38, 42, 43, 44, 45, 46, 13, 47, 48, 17, 18, 19, 20, 17, 51, 32, 33, 34, 35, 38, 42, 43, 44, 45, 51, 32, 33, 34, 35, 36, 37, 17, 18, 19, 20, 17, 38, 42, 43, 44, 45, 46, 13, 47, 48, 17, 18, 19, 20, 17, 51, 32, 33, 34, 35, 38, 42, 43, 44, 45, 46, 13, 47, 48, 17, 18, 19, 20, 17, 51, 32, 33, 34, 35, 36, 37, 17, 18, 19, 20, 17, 38, 42, 43, 44, 45, 46, 13, 47, 50, 17, 18, 19, 20, 17, 51, 32, 33, 34, 35, 38, 42, 43, 44, 45, 51, 32, 33, 34, 35, 36, 37, 17, 18, 19, 20, 17, 38, 42, 43, 44, 45, 46, 13, 47, 50, 17, 18, 19, 20, 17, 51, 32, 33, 34, 35, 36, 37, 17, 18, 19, 20, 17, 38, 42, 43, 44, 45, 46, 13, 47, 50, 17, 18, 19, 20, 17, 51, 32, 33, 34, 35, 36, 37, 17, 18, 19, 20, 17, 38, 42, 43, 44, 45, 46, 13, 47, 50, 17, 18, 19, 20, 17, 51, 32, 33, 34, 35, 36, 37, 17, 18, 19, 20, 17, 38, 42, 43, 44, 45, 46, 13, 47, 48, 17, 18, 19, 20, 17, 51, 32, 33, 34, 35, 36, 37, 17, 18, 19, 20, 17, 38, 42, 43, 44, 45, 51, 32, 33, 34, 35, 36, 37, 17, 18, 19, 20, 17, 38, 42, 43, 44, 45, 46, 13, 47, 50, 17, 18, 19, 20, 17, 51, 32, 33, 34, 35, 36, 37, 17, 18, 19, 20, 17, 38, 42, 43, 44, 45, 46, 13, 47, 48, 17, 18, 19, 20, 17, 51, 32, 33, 34, 35, 36, 37, 17, 18, 19, 20, 17, 38, 42, 43, 44, 45, 46, 13, 47, 48, 17, 18, 19, 20, 17, 51, 32, 33, 34, 35, 36, 37, 17, 18, 19, 20, 17, 38, 42, 43, 44, 45, 46, 13, 47, 48, 17, 18, 19, 20, 17, 51, 32, 33, 34, 35, 36, 37, 17, 18, 19, 20, 17, 38, 42, 43, 44, 45, 46, 13, 47, 48, 17, 18, 19, 20, 17, 51, 82, 79, 80, 54, 24, 25, 26, 27, 26, 25, 26, 27, 26, 25, 26, 27, 26, 25, 26, 27, 26, 25, 26, 27, 26, 25, 28, 55, 56, 55, 56, 55, 56, 55, 56, 55, 56, 55, 57, 81, 32, 33, 34, 35, 36, 37, 17, 18, 19, 20, 17, 38, 42, 43, 44, 45, 46, 13, 47, 48, 17, 18, 19, 20, 17, 51, 32, 33, 34, 35, 36, 37, 17, 18, 19, 20, 17, 38, 42, 43, 44, 45, 46, 13, 47, 48, 17, 18, 19, 20, 17, 51, 32, 33, 34, 35, 36, 37, 17, 18, 19, 20, 17, 38, 42, 43, 44, 45, 51, 32, 33, 34, 35, 36, 37, 17, 18, 19, 20, 17, 38, 42, 43, 44, 45, 46, 13, 47, 50, 17, 18, 19, 20, 17, 51, 32, 33, 34, 35, 36, 37, 17, 18, 19, 20, 17, 38, 42, 43, 44, 45, 46, 13, 47, 50, 17, 18, 19, 20, 17, 51, 32, 33, 34, 35, 36, 37, 17, 18, 19, 20, 17, 38, 42, 43, 44, 45, 46, 13, 47, 50, 17, 18, 19, 20, 17, 51, 32, 33, 34, 35, 38, 42, 43, 44, 45, 51, 32, 33, 34, 35, 36, 37, 17, 18, 19, 20, 17, 38, 42, 43, 44, 45, 46, 13, 47, 50, 17, 18, 19, 20, 17, 51, 32, 33, 34, 35, 36, 37, 17, 18, 19, 20, 17, 38, 42, 43, 44, 45, 51, 32, 33, 34, 35, 36, 37, 17, 18, 19, 20, 17, 38, 42, 43, 44, 45, 46, 13, 47, 48, 17, 18, 19, 20, 17, 51, 32, 33, 34, 35, 36, 37, 17, 18, 19, 20, 17, 38, 42, 43, 44, 45, 46, 13, 47, 48, 17, 18, 19, 20, 17, 51, 32, 33, 34, 35, 36, 37, 17, 18, 19, 20, 17, 38, 42, 43, 44, 45, 46, 13, 47, 50, 17, 18, 19, 20, 17, 51, 32, 33, 34, 35, 36, 37, 17, 18, 19, 20, 17, 38, 42, 43, 44, 45, 46, 13, 47, 48, 17, 18, 19, 20, 17, 51, 32, 33, 34, 35, 36, 37, 17, 18, 19, 20, 17, 38, 42, 43, 44, 45, 46, 13, 47, 48, 17, 18, 19, 20, 17, 51, 32, 33, 34, 35, 36, 37, 17, 18, 19, 20, 17, 38, 42, 43, 44, 45, 46, 13, 47, 48, 17, 18, 19, 20, 17, 51, 32, 33, 34, 35, 36, 37, 17, 18, 19, 20, 17, 38, 42, 43, 44, 45, 46, 13, 47, 50, 17, 18, 19, 20, 17, 51, 32, 33, 34, 35, 36, 37, 17, 18, 19, 20, 17, 38, 42, 43, 44, 45, 51, 32, 33, 34, 35, 36, 37, 17, 18, 19, 20, 17, 38, 42, 43, 44, 45, 46, 13, 47, 50, 17, 18, 19, 20, 17, 51, 32, 33, 34, 35, 36, 37, 17, 18, 19, 20, 17, 38, 42, 43, 44, 45, 46, 13, 47, 48, 17, 18, 19, 20, 17, 51, 32, 33, 34, 35, 36, 37, 17, 18, 19, 20, 17, 38, 42, 43, 44, 45, 46, 13, 47, 48, 17, 18, 19, 20, 17, 51, 32, 33, 34, 35, 38, 42, 43, 44, 45, 51, 32, 33, 34, 35, 36, 37, 17, 18, 19, 20, 17, 38, 42, 43, 44, 45, 51, 32, 33, 34, 35, 36, 37, 17, 18, 19, 20, 17, 38, 42, 43, 44, 45, 51, 32, 33, 34, 35, 38, 42, 43, 44, 45, 46, 13, 47, 48, 17, 18, 19, 20, 17, 51, 32, 33, 34, 35, 36, 37, 17, 18, 19, 20, 17, 38, 42, 43, 44, 45, 46, 13, 47, 48, 17, 18, 19, 20, 17, 51, 32, 33, 34, 35, 36, 37, 17, 18, 19, 20, 17, 38, 42, 43, 44, 45, 46, 13, 47, 48, 17, 18, 19, 20, 17, 51, 32, 33, 34, 35, 38, 42, 43, 44, 45, 46, 13, 47, 50, 17, 18, 19, 20, 17, 51, 32, 33, 34, 35, 36, 37, 17, 18, 19, 20, 17, 38, 42, 43, 44, 45, 46, 13, 47, 50, 17, 18, 19, 20, 17, 51, 32, 33, 34, 35, 36, 37, 17, 18, 19, 20, 17, 38, 42, 43, 44, 45, 46, 13, 47, 50, 17, 18, 19, 20, 17, 51, 42, 43, 44, 45, 46, 13, 47, 48, 17, 18, 19, 20, 17, 51, 32, 33, 34, 35, 36, 37, 17, 18, 19, 20, 17, 38, 42, 43, 44, 45, 46, 13, 47, 48, 17, 18, 19, 20, 17, 51, 32, 33, 34, 35, 36, 37, 17, 18, 19, 20, 17, 38, 42, 43, 44, 45, 46, 13, 47, 48, 17, 18, 19, 20, 17, 51, 32, 33, 34, 35, 36, 37, 17, 18, 19, 20, 17, 38, 42, 43, 44, 45, 46, 13, 47, 48, 17, 18, 19, 20, 17, 51, 32, 33, 34, 35, 36, 37, 17, 18, 19, 20, 17, 38, 42, 43, 44, 45, 46, 13, 47, 48, 17, 18, 19, 20, 17, 51, 32, 33, 34, 35, 36, 37, 17, 18, 19, 20, 17, 38, 42, 43, 44, 45, 46, 13, 47, 48, 17, 18, 19, 20, 17, 51, 32, 33, 34, 35, 36, 37, 17, 18, 19, 20, 17, 38, 42, 43, 44, 45, 46, 13, 47, 48, 17, 18, 19, 20, 17, 51, 32, 33, 34, 35, 36, 37, 17, 18, 19, 20, 17, 38, 42, 43, 44, 45, 46, 13, 47, 50, 17, 18, 19, 20, 17, 51, 32, 33, 34, 35, 36, 37, 17, 18, 19, 20, 17, 38, 42, 43, 44, 45, 46, 13, 47, 50, 17, 18, 19, 20, 17, 51, 32, 33, 34, 35, 36, 37, 17, 18, 19, 20, 17, 38, 42, 43, 44, 45, 46, 13, 47, 50, 17, 18, 19, 20, 17, 51, 32, 33, 34, 35, 36, 37, 17, 18, 19, 20, 17, 38, 32, 33, 34, 35, 36, 37, 17, 18, 19, 20, 17, 38, 42, 43, 44, 45, 51, 32, 33, 34, 35, 38, 42, 43, 44, 45, 46, 13, 47, 50, 17, 18, 19, 20, 17, 51, 32, 33, 34, 35, 38, 42, 43, 44, 45, 46, 13, 47, 50, 17, 18, 19, 20, 17, 51, 32, 33, 34, 35, 38, 42, 43, 44, 45, 46, 13, 47, 50, 17, 18, 19, 20, 17, 51, 32, 33, 34, 35, 36, 37, 17, 18, 19, 20, 17, 38, 42, 43, 44, 45, 46, 13, 47, 50, 17, 18, 19, 20, 17, 51, 32, 33, 34, 35, 38, 42, 43, 44, 45, 46, 13, 47, 50, 17, 18, 19, 20, 17, 51, 32, 33, 34, 35, 36, 37, 17, 18, 19, 20, 17, 38, 42, 43, 44, 45, 51, 32, 33, 34, 35, 36, 37, 17, 18, 19, 20, 17, 38, 42, 43, 44, 45, 46, 13, 47, 48, 17, 18, 19, 20, 17, 51, 32, 33, 34, 35, 36, 37, 17, 18, 19, 20, 17, 38, 42, 43, 44, 45, 46, 13, 47, 48, 17, 18, 19, 20, 17, 51, 32, 33, 34, 35, 36, 37, 17, 18, 19, 20, 17, 38, 42, 43, 44, 45, 46, 13, 47, 50, 17, 18, 19, 20, 17, 51, 32, 33, 34, 35, 36, 37, 17, 18, 19, 20, 17, 38, 42, 43, 44, 45, 46, 13, 47, 48, 17, 18, 19, 20, 17, 51, 32, 33, 34, 35, 36, 37, 17, 18, 19, 20, 17, 38, 42, 43, 44, 45, 46, 13, 47, 50, 17, 18, 19, 20, 17, 51, 32, 33, 34, 35, 36, 37, 17, 18, 19, 20, 17, 38, 42, 43, 44, 45, 46, 13, 47, 50, 17, 18, 19, 20, 17, 51, 32, 33, 34, 35, 38, 42, 43, 44, 45, 46, 13, 47, 50, 17, 18, 19, 20, 17, 51, 32, 33, 34, 35, 38, 42, 43, 44, 45, 46, 13, 47, 50, 17, 18, 19, 20, 17, 51, 32, 33, 34, 35, 36, 37, 17, 18, 19, 20, 17, 38, 42, 43, 44, 45, 46, 13, 47, 50, 17, 18, 19, 20, 17, 51, 32, 33, 34, 35, 36, 37, 17, 18, 19, 20, 17, 38, 42, 43, 44, 45, 46, 13, 47, 50, 17, 18, 19, 20, 17, 51, 42, 43, 44, 45, 46, 13, 47, 50, 17, 18, 19, 20, 17, 51, 32, 33, 34, 35, 36, 37, 17, 18, 19, 20, 17, 38, 42, 43, 44, 45, 46, 13, 47, 48, 17, 18, 19, 20, 17, 51, 32, 33, 34, 35, 38, 42, 43, 44, 45, 51, 32, 33, 34, 35, 36, 37, 17, 18, 19, 20, 17, 38, 42, 43, 44, 45, 46, 13, 47, 50, 17, 18, 19, 20, 17, 51, 32, 33, 34, 35, 36, 37, 17, 18, 19, 20, 17, 38, 42, 43, 44, 45, 46, 13, 47, 48, 17, 18, 19, 20, 17, 51, 32, 33, 34, 35, 36, 37, 17, 18, 19, 20, 17, 38, 42, 43, 44, 45, 51, 32, 33, 34, 35, 36, 37, 17, 18, 19, 20, 17, 38, 42, 43, 44, 45, 46, 13, 47, 48, 17, 18, 19, 20, 17, 51, 32, 33, 34, 35, 36, 37, 17, 18, 19, 20, 17, 38, 42, 43, 44, 45, 46, 13, 47, 48, 17, 18, 19, 20, 17, 51, 32, 33, 34, 35, 36, 37, 17, 18, 19, 20, 17, 38, 32, 33, 34, 35, 36, 37, 17, 18, 19, 20, 17, 38, 42, 43, 44, 45, 46, 13, 47, 48, 17, 18, 19, 20, 17, 51, 42, 43, 44, 45, 46, 13, 47, 48, 17, 18, 19, 20, 17, 51, 32, 33, 34, 35, 36, 37, 17, 18, 19, 20, 17, 38, 42, 43, 44, 45, 46, 13, 47, 50, 17, 18, 19, 20, 17, 51, 32, 33, 34, 35, 38, 42, 43, 44, 45, 51, 32, 33, 34, 35, 36, 37, 17, 18, 19, 20, 17, 38, 42, 43, 44, 45, 51, 32, 33, 34, 35, 36, 37, 17, 18, 19, 20, 17, 38, 42, 43, 44, 45, 46, 13, 47, 50, 17, 18, 19, 20, 17, 51, 32, 33, 34, 35, 36, 37, 17, 18, 19, 20, 17, 38, 42, 43, 44, 45, 46, 13, 47, 50, 17, 18, 19, 20, 17, 51, 32, 33, 34, 35, 36, 37, 17, 18, 19, 20, 17, 38, 42, 43, 44, 45, 46, 13, 47, 50, 17, 18, 19, 20, 17, 51, 32, 33, 34, 35, 38, 42, 43, 44, 45, 46, 13, 47, 50, 17, 18, 19, 20, 17, 51, 32, 33, 34, 35, 36, 37, 17, 18, 19, 20, 17, 38, 42, 43, 44, 45, 46, 13, 47, 50, 17, 18, 19, 20, 17, 51, 32, 33, 34, 35, 38, 42, 43, 44, 45, 46, 13, 47, 48, 17, 18, 19, 20, 17, 51, 32, 33, 34, 35, 36, 37, 17, 18, 19, 20, 17, 38, 42, 43, 44, 45, 46, 13, 47, 50, 17, 18, 19, 20, 17, 51, 32, 33, 34, 35, 36, 37, 17, 18, 19, 20, 17, 38, 42, 43, 44, 45, 46, 13, 47, 50, 17, 18, 19, 20, 17, 51, 32, 33, 34, 35, 36, 37, 17, 18, 19, 20, 17, 38, 42, 43, 44, 45, 46, 13, 47, 50, 17, 18, 19, 20, 17, 51, 32, 33, 34, 35, 36, 37, 17, 18, 19, 20, 17, 38, 42, 43, 44, 45, 46, 13, 47, 50, 17, 18, 19, 20, 17, 51, 32, 33, 34, 35, 36, 37, 17, 18, 19, 20, 17, 38, 42, 43, 44, 45, 46, 13, 47, 50, 17, 18, 19, 20, 17, 51, 32, 33, 34, 35, 36, 37, 17, 18, 19, 20, 17, 38, 42, 43, 44, 45, 46, 13, 47, 48, 17, 18, 19, 20, 17, 51, 32, 33, 34, 35, 38, 42, 43, 44, 45, 46, 13, 47, 48, 17, 18, 19, 20, 17, 51, 32, 33, 34, 35, 36, 37, 17, 18, 19, 20, 17, 38, 42, 43, 44, 45, 46, 13, 47, 48, 17, 18, 19, 20, 17, 51, 32, 33, 34, 35, 36, 37, 17, 18, 19, 20, 17, 38, 42, 43, 44, 45, 46, 13, 47, 48, 17, 18, 19, 20, 17, 51, 32, 33, 34, 35, 36, 37, 17, 18, 19, 20, 17, 38, 42, 43, 44, 45, 46, 13, 47, 50, 17, 18, 19, 20, 17, 51, 32, 33, 34, 35, 36, 37, 17, 18, 19, 20, 17, 38, 42, 43, 44, 45, 46, 13, 47, 50, 17, 18, 19, 20, 17, 51, 32, 33, 34, 35, 36, 37, 17, 18, 19, 20, 17, 38, 42, 43, 44, 45, 46, 13, 47, 48, 17, 18, 19, 20, 17, 51, 32, 33, 34, 35, 38, 42, 43, 44, 45, 46, 13, 47, 50, 17, 18, 19, 20, 17, 51, 32, 33, 34, 35, 36, 37, 17, 18, 19, 20, 17, 38, 42, 43, 44, 45, 46, 13, 47, 50, 17, 18, 19, 20, 17, 51, 32, 33, 34, 35, 38, 42, 43, 44, 45, 46, 13, 47, 48, 17, 18, 19, 20, 17, 51, 32, 33, 34, 35, 38, 42, 43, 44, 45, 46, 13, 47, 50, 17, 18, 19, 20, 17, 51, 32, 33, 34, 35, 36, 37, 17, 18, 19, 20, 17, 38, 42, 43, 44, 45, 46, 13, 47, 50, 17, 18, 19, 20, 17, 51, 32, 33, 34, 35, 36, 37, 17, 18, 19, 20, 17, 38, 42, 43, 44, 45, 46, 13, 47, 50, 17, 18, 19, 20, 17, 51, 32, 33, 34, 35, 36, 37, 17, 18, 19, 20, 17, 38, 42, 43, 44, 45, 46, 13, 47, 48, 17, 18, 19, 20, 17, 51, 32, 33, 34, 35, 36, 37, 17, 18, 19, 20, 17, 38, 42, 43, 44, 45, 46, 13, 47, 48, 17, 18, 19, 20, 17, 51, 32, 33, 34, 35, 36, 37, 17, 18, 19, 20, 17, 38, 82, 79, 80, 54, 24, 25, 26, 27, 26, 25, 26, 27, 26, 25, 26, 27, 26, 25, 26, 27, 26, 25, 26, 27, 26, 25, 28, 55, 56, 55, 56, 55, 56, 55, 56, 55, 56, 55, 57, 81, 42, 43, 44, 45, 46, 13, 47, 48, 17, 18, 19, 20, 17, 51, 32, 33, 34, 35, 36, 37, 17, 18, 19, 20, 17, 38, 42, 43, 44, 45, 46, 13, 47, 50, 17, 18, 19, 20, 17, 51, 32, 33, 34, 35, 36, 37, 17, 18, 19, 20, 17, 38, 42, 43, 44, 45, 51, 32, 33, 34, 35, 36, 37, 17, 18, 19, 20, 17, 38, 42, 43, 44, 45, 46, 13, 47, 50, 17, 18, 19, 20, 17, 51, 32, 33, 34, 35, 36, 37, 17, 18, 19, 20, 17, 38, 42, 43, 44, 45, 46, 13, 47, 48, 17, 18, 19, 20, 17, 51, 32, 33, 34, 35, 36, 37, 17, 18, 19, 20, 17, 38, 42, 43, 44, 45, 46, 13, 47, 48, 17, 18, 19, 20, 17, 51, 32, 33, 34, 35, 36, 37, 17, 18, 19, 20, 17, 38, 42, 43, 44, 45, 46, 13, 47, 50, 17, 18, 19, 20, 17, 51, 32, 33, 34, 35, 38, 42, 43, 44, 45, 51, 32, 33, 34, 35, 36, 37, 17, 18, 19, 20, 17, 38, 42, 43, 44, 45, 46, 13, 47, 50, 17, 18, 19, 20, 17, 51, 32, 33, 34, 35, 36, 37, 17, 18, 19, 20, 17, 38, 42, 43, 44, 45, 46, 13, 47, 50, 17, 18, 19, 20, 17, 51, 32, 33, 34, 35, 38, 42, 43, 44, 45, 46, 13, 47, 48, 17, 18, 19, 20, 17, 51, 32, 33, 34, 35, 36, 37, 17, 18, 19, 20, 17, 38, 42, 43, 44, 45, 51, 32, 33, 34, 35, 38, 42, 43, 44, 45, 46, 13, 47, 48, 17, 18, 19, 20, 17, 51, 32, 33, 34, 35, 38, 42, 43, 44, 45, 46, 13, 47, 48, 17, 18, 19, 20, 17, 51, 32, 33, 34, 35, 36, 37, 17, 18, 19, 20, 17, 38, 42, 43, 44, 45, 51, 32, 33, 34, 35, 36, 37, 17, 18, 19, 20, 17, 38, 42, 43, 44, 45, 51, 32, 33, 34, 35, 36, 37, 17, 18, 19, 20, 17, 38, 42, 43, 44, 45, 46, 13, 47, 48, 17, 18, 19, 20, 17, 51, 32, 33, 34, 35, 36, 37, 17, 18, 19, 20, 17, 38, 42, 43, 44, 45, 51, 32, 33, 34, 35, 36, 37, 17, 18, 19, 20, 17, 38, 42, 43, 44, 45, 51, 32, 33, 34, 35, 36, 37, 17, 18, 19, 20, 17, 38, 42, 43, 44, 45, 46, 13, 47, 48, 17, 18, 19, 20, 17, 51, 32, 33, 34, 35, 38, 42, 43, 44, 45, 46, 13, 47, 48, 17, 18, 19, 20, 17, 51, 32, 33, 34, 35, 36, 37, 17, 18, 19, 20, 17, 38, 42, 43, 44, 45, 46, 13, 47, 48, 17, 18, 19, 20, 17, 51, 32, 33, 34, 35, 36, 37, 17, 18, 19, 20, 17, 38, 42, 43, 44, 45, 51, 32, 33, 34, 35, 36, 37, 17, 18, 19, 20, 17, 38, 42, 43, 44, 45, 46, 13, 47, 48, 17, 18, 19, 20, 17, 51, 32, 33, 34, 35, 36, 37, 17, 18, 19, 20, 17, 38, 42, 43, 44, 45, 46, 13, 47, 48, 17, 18, 19, 20, 17, 51, 32, 33, 34, 35, 36, 37, 17, 18, 19, 20, 17, 38, 42, 43, 44, 45, 46, 13, 47, 48, 17, 18, 19, 20, 17, 51, 32, 33, 34, 35, 36, 37, 17, 18, 19, 20, 17, 38, 42, 43, 44, 45, 46, 13, 47, 48, 17, 18, 19, 20, 17, 51, 32, 33, 34, 35, 36, 37, 17, 18, 19, 20, 17, 38, 42, 43, 44, 45, 46, 13, 47, 48, 17, 18, 19, 20, 17, 51, 32, 33, 34, 35, 38, 32, 33, 34, 35, 36, 37, 17, 18, 19, 20, 17, 38, 42, 43, 44, 45, 46, 13, 47, 50, 17, 18, 19, 20, 17, 51, 32, 33, 34, 35, 36, 37, 17, 18, 19, 20, 17, 38, 42, 43, 44, 45, 46, 13, 47, 50, 17, 18, 19, 20, 17, 51, 32, 33, 34, 35, 38, 42, 43, 44, 45, 46, 13, 47, 50, 17, 18, 19, 20, 17, 51, 32, 33, 34, 35, 36, 37, 17, 18, 19, 20, 17, 38, 42, 43, 44, 45, 46, 13, 47, 50, 17, 18, 19, 20, 17, 51, 32, 33, 34, 35, 36, 37, 17, 18, 19, 20, 17, 38, 42, 43, 44, 45, 51, 32, 33, 34, 35, 36, 37, 17, 18, 19, 20, 17, 38, 42, 43, 44, 45, 51, 32, 33, 34, 35, 36, 37, 17, 18, 19, 20, 17, 38, 42, 43, 44, 45, 46, 13, 47, 50, 17, 18, 19, 20, 17, 51, 32, 33, 34, 35, 36, 37, 17, 18, 19, 20, 17, 38, 42, 43, 44, 45, 51, 32, 33, 34, 35, 36, 37, 17, 18, 19, 20, 17, 38, 42, 43, 44, 45, 51, 32, 33, 34, 35, 38, 42, 43, 44, 45, 46, 13, 47, 50, 17, 18, 19, 20, 17, 51, 32, 33, 34, 35, 38, 42, 43, 44, 45, 46, 13, 47, 48, 17, 18, 19, 20, 17, 51, 32, 33, 34, 35, 36, 37, 17, 18, 19, 20, 17, 38, 42, 43, 44, 45, 51, 32, 33, 34, 35, 36, 37, 17, 18, 19, 20, 17, 38, 42, 43, 44, 45, 46, 13, 47, 48, 17, 18, 19, 20, 17, 51, 32, 33, 34, 35, 38, 42, 43, 44, 45, 46, 13, 47, 48, 17, 18, 19, 20, 17, 51, 32, 33, 34, 35, 36, 37, 17, 18, 19, 20, 17, 38, 42, 43, 44, 45, 46, 13, 47, 48, 17, 18, 19, 20, 17, 51, 32, 33, 34, 35, 38, 42, 43, 44, 45, 46, 13, 47, 50, 17, 18, 19, 20, 17, 51, 32, 33, 34, 35, 36, 37, 17, 18, 19, 20, 17, 38, 42, 43, 44, 45, 51, 32, 33, 34, 35, 36, 37, 17, 18, 19, 20, 17, 38, 42, 43, 44, 45, 46, 13, 47, 48, 17, 18, 19, 20, 17, 51, 32, 33, 34, 35, 36, 37, 17, 18, 19, 20, 17, 38, 42, 43, 44, 45, 51, 32, 33, 34, 35, 36, 37, 17, 18, 19, 20, 17, 38, 42, 43, 44, 45, 51, 32, 33, 34, 35, 36, 37, 17, 18, 19, 20, 17, 38, 42, 43, 44, 45, 51, 32, 33, 34, 35, 36, 37, 17, 18, 19, 20, 17, 38, 42, 43, 44, 45, 46, 13, 47, 50, 17, 18, 19, 20, 17, 51, 32, 33, 34, 35, 36, 37, 17, 18, 19, 20, 17, 38, 42, 43, 44, 45, 46, 13, 47, 48, 17, 18, 19, 20, 17, 51, 32, 33, 34, 35, 36, 37, 17, 18, 19, 20, 17, 38, 42, 43, 44, 45, 46, 13, 47, 48, 17, 18, 19, 20, 17, 51, 32, 33, 34, 35, 36, 37, 17, 18, 19, 20, 17, 38, 42, 43, 44, 45, 51, 32, 33, 34, 35, 38, 42, 43, 44, 45, 46, 13, 47, 48, 17, 18, 19, 20, 17, 51, 32, 33, 34, 35, 36, 37, 17, 18, 19, 20, 17, 38, 42, 43, 44, 45, 46, 13, 47, 48, 17, 18, 19, 20, 17, 51, 32, 33, 34, 35, 36, 37, 17, 18, 19, 20, 17, 38, 42, 43, 44, 45, 46, 13, 47, 48, 17, 18, 19, 20, 17, 51, 32, 33, 34, 35, 36, 37, 17, 18, 19, 20, 17, 38, 42, 43, 44, 45, 46, 13, 47, 50, 17, 18, 19, 20, 17, 51, 32, 33, 34, 35, 36, 37, 17, 18, 19, 20, 17, 38, 42, 43, 44, 45, 46, 13, 47, 48, 17, 18, 19, 20, 17, 51, 32, 33, 34, 35, 36, 37, 17, 18, 19, 20, 17, 38, 42, 43, 44, 45, 46, 13, 47, 50, 17, 18, 19, 20, 17, 51, 32, 33, 34, 35, 38, 42, 43, 44, 45, 46, 13, 47, 48, 17, 18, 19, 20, 17, 51, 32, 33, 34, 35, 36, 37, 17, 18, 19, 20, 17, 38, 42, 43, 44, 45, 46, 13, 47, 48, 17, 18, 19, 20, 17, 51, 32, 33, 34, 35, 36, 37, 17, 18, 19, 20, 17, 38, 42, 43, 44, 45, 51, 32, 33, 34, 35, 36, 37, 17, 18, 19, 20, 17, 38, 42, 43, 44, 45, 46, 13, 47, 50, 17, 18, 19, 20, 17, 51, 32, 33, 34, 35, 36, 37, 17, 18, 19, 20, 17, 38, 42, 43, 44, 45, 46, 13, 47, 50, 17, 18, 19, 20, 17, 51, 32, 33, 34, 35, 36, 37, 17, 18, 19, 20, 17, 38, 42, 43, 44, 45, 46, 13, 47, 48, 17, 18, 19, 20, 17, 51, 32, 33, 34, 35, 36, 37, 17, 18, 19, 20, 17, 38, 42, 43, 44, 45, 46, 13, 47, 50, 17, 18, 19, 20, 17, 51, 32, 33, 34, 35, 36, 37, 17, 18, 19, 20, 17, 38, 42, 43, 44, 45, 46, 13, 47, 50, 17, 18, 19, 20, 17, 51, 32, 33, 34, 35, 36, 37, 17, 18, 19, 20, 17, 38, 42, 43, 44, 45, 46, 13, 47, 50, 17, 18, 19, 20, 17, 51, 32, 33, 34, 35, 36, 37, 17, 18, 19, 20, 17, 38, 42, 43, 44, 45, 51, 32, 33, 34, 35, 38, 42, 43, 44, 45, 46, 13, 47, 48, 17, 18, 19, 20, 17, 51, 32, 33, 34, 35, 36, 37, 17, 18, 19, 20, 17, 38, 42, 43, 44, 45, 46, 13, 47, 48, 17, 18, 19, 20, 17, 51, 32, 33, 34, 35, 36, 37, 17, 18, 19, 20, 17, 38, 42, 43, 44, 45, 46, 13, 47, 50, 17, 18, 19, 20, 17, 51, 32, 33, 34, 35, 36, 37, 17, 18, 19, 20, 17, 38, 42, 43, 44, 45, 46, 13, 47, 50, 17, 18, 19, 20, 17, 51, 32, 33, 34, 35, 38, 42, 43, 44, 45, 46, 13, 47, 50, 17, 18, 19, 20, 17, 51, 32, 33, 34, 35, 36, 37, 17, 18, 19, 20, 17, 38, 42, 43, 44, 45, 46, 13, 47, 50, 17, 18, 19, 20, 17, 51, 32, 33, 34, 35, 36, 37, 17, 18, 19, 20, 17, 38, 42, 43, 44, 45, 46, 13, 47, 48, 17, 18, 19, 20, 17, 51, 32, 33, 34, 35, 36, 37, 17, 18, 19, 20, 17, 38, 42, 43, 44, 45, 46, 13, 47, 48, 17, 18, 19, 20, 17, 51, 32, 33, 34, 35, 36, 37, 17, 18, 19, 20, 17, 38, 42, 43, 44, 45, 46, 13, 47, 50, 17, 18, 19, 20, 17, 51, 32, 33, 34, 35, 36, 37, 17, 18, 19, 20, 17, 38, 42, 43, 44, 45, 46, 13, 47, 48, 17, 18, 19, 20, 17, 51, 32, 33, 34, 35, 36, 37, 17, 18, 19, 20, 17, 38, 42, 43, 44, 45, 46, 13, 47, 50, 17, 18, 19, 20, 17, 51, 32, 33, 34, 35, 38, 42, 43, 44, 45, 46, 13, 47, 50, 17, 18, 19, 20, 17, 51, 32, 33, 34, 35, 36, 37, 17, 18, 19, 20, 17, 38, 42, 43, 44, 45, 51, 32, 33, 34, 35, 36, 37, 17, 18, 19, 20, 17, 38, 42, 43, 44, 45, 46, 13, 47, 48, 17, 18, 19, 20, 17, 51, 32, 33, 34, 35, 36, 37, 17, 18, 19, 20, 17, 38, 42, 43, 44, 45, 46, 13, 47, 48, 17, 18, 19, 20, 17, 51, 32, 33, 34, 35, 38, 42, 43, 44, 45, 51, 32, 33, 34, 35, 38, 42, 43, 44, 45, 46, 13, 47, 48, 17, 18, 19, 20, 17, 51, 32, 33, 34, 35, 36, 37, 17, 18, 19, 20, 17, 38, 42, 43, 44, 45, 46, 13, 47, 48, 17, 18, 19, 20, 17, 51, 32, 33, 34, 35, 36, 37, 17, 18, 19, 20, 17, 38, 42, 43, 44, 45, 46, 13, 47, 50, 17, 18, 19, 20, 17, 51, 32, 33, 34, 35, 38, 42, 43, 44, 45, 46, 13, 47, 48, 17, 18, 19, 20, 17, 51, 32, 33, 34, 35, 36, 37, 17, 18, 19, 20, 17, 38, 42, 43, 44, 45, 46, 13, 47, 48, 17, 18, 19, 20, 17, 51, 32, 33, 34, 35, 38, 42, 43, 44, 45, 46, 13, 47, 50, 17, 18, 19, 20, 17, 51, 32, 33, 34, 35, 38, 42, 43, 44, 45, 51, 32, 33, 34, 35, 38, 42, 43, 44, 45, 46, 13, 47, 50, 17, 18, 19, 20, 17, 51, 32, 33, 34, 35, 36, 37, 17, 18, 19, 20, 17, 38, 42, 43, 44, 45, 46, 13, 47, 48, 17, 18, 19, 20, 17, 51, 32, 33, 34, 35, 36, 37, 17, 18, 19, 20, 17, 38, 42, 43, 44, 45, 46, 13, 47, 48, 17, 18, 19, 20, 17, 51, 32, 33, 34, 35, 36, 37, 17, 18, 19, 20, 17, 38, 42, 43, 44, 45, 46, 13, 47, 48, 17, 18, 19, 20, 17, 51, 82, 79, 80, 54, 24, 25, 26, 27, 26, 25, 26, 27, 26, 25, 26, 27, 26, 25, 26, 27, 26, 25, 26, 27, 26, 25, 28, 55, 56, 55, 56, 55, 56, 55, 56, 55, 56, 55, 57, 81, 42, 43, 44, 45, 51, 32, 33, 34, 35, 36, 37, 17, 18, 19, 20, 17, 38, 42, 43, 44, 45, 46, 13, 47, 50, 17, 18, 19, 20, 17, 51, 32, 33, 34, 35, 36, 37, 17, 18, 19, 20, 17, 38, 42, 43, 44, 45, 46, 13, 47, 48, 17, 18, 19, 20, 17, 51, 32, 33, 34, 35, 36, 37, 17, 18, 19, 20, 17, 38, 42, 43, 44, 45, 46, 13, 47, 48, 17, 18, 19, 20, 17, 51, 32, 33, 34, 35, 36, 37, 17, 18, 19, 20, 17, 38, 42, 43, 44, 45, 46, 13, 47, 48, 17, 18, 19, 20, 17, 51, 32, 33, 34, 35, 36, 37, 17, 18, 19, 20, 17, 38, 42, 43, 44, 45, 46, 13, 47, 50, 17, 18, 19, 20, 17, 51, 32, 33, 34, 35, 36, 37, 17, 18, 19, 20, 17, 38, 42, 43, 44, 45, 46, 13, 47, 48, 17, 18, 19, 20, 17, 51, 32, 33, 34, 35, 36, 37, 17, 18, 19, 20, 17, 38, 42, 43, 44, 45, 51, 32, 33, 34, 35, 36, 37, 17, 18, 19, 20, 17, 38, 42, 43, 44, 45, 46, 13, 47, 50, 17, 18, 19, 20, 17, 51, 32, 33, 34, 35, 36, 37, 17, 18, 19, 20, 17, 38, 42, 43, 44, 45, 46, 13, 47, 50, 17, 18, 19, 20, 17, 51, 32, 33, 34, 35, 36, 37, 17, 18, 19, 20, 17, 38, 42, 43, 44, 45, 51, 32, 33, 34, 35, 36, 37, 17, 18, 19, 20, 17, 38, 42, 43, 44, 45, 46, 13, 47, 48, 17, 18, 19, 20, 17, 51, 32, 33, 34, 35, 36, 37, 17, 18, 19, 20, 17, 38, 42, 43, 44, 45, 46, 13, 47, 48, 17, 18, 19, 20, 17, 51, 32, 33, 34, 35, 36, 37, 17, 18, 19, 20, 17, 38, 42, 43, 44, 45, 46, 13, 47, 50, 17, 18, 19, 20, 17, 51, 32, 33, 34, 35, 36, 37, 17, 18, 19, 20, 17, 38, 42, 43, 44, 45, 46, 13, 47, 50, 17, 18, 19, 20, 17, 51, 32, 33, 34, 35, 38, 42, 43, 44, 45, 46, 13, 47, 50, 17, 18, 19, 20, 17, 51, 32, 33, 34, 35, 36, 37, 17, 18, 19, 20, 17, 38, 42, 43, 44, 45, 46, 13, 47, 48, 17, 18, 19, 20, 17, 51, 32, 33, 34, 35, 36, 37, 17, 18, 19, 20, 17, 38, 42, 43, 44, 45, 46, 13, 47, 50, 17, 18, 19, 20, 17, 51, 32, 33, 34, 35, 38, 42, 43, 44, 45, 46, 13, 47, 50, 17, 18, 19, 20, 17, 51, 32, 33, 34, 35, 36, 37, 17, 18, 19, 20, 17, 38, 42, 43, 44, 45, 46, 13, 47, 48, 17, 18, 19, 20, 17, 51, 32, 33, 34, 35, 38, 42, 43, 44, 45, 46, 13, 47, 50, 17, 18, 19, 20, 17, 51, 32, 33, 34, 35, 38, 42, 43, 44, 45, 46, 13, 47, 50, 17, 18, 19, 20, 17, 51, 32, 33, 34, 35, 38, 42, 43, 44, 45, 46, 13, 47, 50, 17, 18, 19, 20, 17, 51, 32, 33, 34, 35, 36, 37, 17, 18, 19, 20, 17, 38, 42, 43, 44, 45, 46, 13, 47, 50, 17, 18, 19, 20, 17, 51, 32, 33, 34, 35, 38, 42, 43, 44, 45, 51, 32, 33, 34, 35, 38, 42, 43, 44, 45, 46, 13, 47, 48, 17, 18, 19, 20, 17, 51, 32, 33, 34, 35, 36, 37, 17, 18, 19, 20, 17, 38, 42, 43, 44, 45, 46, 13, 47, 48, 17, 18, 19, 20, 17, 51, 32, 33, 34, 35, 36, 37, 17, 18, 19, 20, 17, 38, 42, 43, 44, 45, 46, 13, 47, 50, 17, 18, 19, 20, 17, 51, 32, 33, 34, 35, 36, 37, 17, 18, 19, 20, 17, 38, 32, 33, 34, 35, 38, 42, 43, 44, 45, 46, 13, 47, 48, 17, 18, 19, 20, 17, 51, 32, 33, 34, 35, 36, 37, 17, 18, 19, 20, 17, 38, 42, 43, 44, 45, 51, 32, 33, 34, 35, 36, 37, 17, 18, 19, 20, 17, 38, 42, 43, 44, 45, 46, 13, 47, 50, 17, 18, 19, 20, 17, 51, 32, 33, 34, 35, 36, 37, 17, 18, 19, 20, 17, 38, 42, 43, 44, 45, 46, 13, 47, 50, 17, 18, 19, 20, 17, 51, 32, 33, 34, 35, 36, 37, 17, 18, 19, 20, 17, 38, 42, 43, 44, 45, 46, 13, 47, 48, 17, 18, 19, 20, 17, 51, 32, 33, 34, 35, 36, 37, 17, 18, 19, 20, 17, 38, 42, 43, 44, 45, 51, 32, 33, 34, 35, 38, 42, 43, 44, 45, 46, 13, 47, 50, 17, 18, 19, 20, 17, 51, 32, 33, 34, 35, 36, 37, 17, 18, 19, 20, 17, 38, 42, 43, 44, 45, 46, 13, 47, 50, 17, 18, 19, 20, 17, 51, 32, 33, 34, 35, 36, 37, 17, 18, 19, 20, 17, 38, 42, 43, 44, 45, 46, 13, 47, 48, 17, 18, 19, 20, 17, 51, 32, 33, 34, 35, 36, 37, 17, 18, 19, 20, 17, 38, 42, 43, 44, 45, 46, 13, 47, 48, 17, 18, 19, 20, 17, 51, 32, 33, 34, 35, 36, 37, 17, 18, 19, 20, 17, 38, 42, 43, 44, 45, 46, 13, 47, 50, 17, 18, 19, 20, 17, 51, 32, 33, 34, 35, 36, 37, 17, 18, 19, 20, 17, 38, 42, 43, 44, 45, 46, 13, 47, 48, 17, 18, 19, 20, 17, 51, 32, 33, 34, 35, 36, 37, 17, 18, 19, 20, 17, 38, 42, 43, 44, 45, 46, 13, 47, 50, 17, 18, 19, 20, 17, 51, 32, 33, 34, 35, 38, 42, 43, 44, 45, 46, 13, 47, 48, 17, 18, 19, 20, 17, 51, 32, 33, 34, 35, 36, 37, 17, 18, 19, 20, 17, 38, 42, 43, 44, 45, 46, 13, 47, 50, 17, 18, 19, 20, 17, 51, 32, 33, 34, 35, 36, 37, 17, 18, 19, 20, 17, 38, 42, 43, 44, 45, 51, 32, 33, 34, 35, 36, 37, 17, 18, 19, 20, 17, 38, 42, 43, 44, 45, 46, 13, 47, 48, 17, 18, 19, 20, 17, 51, 32, 33, 34, 35, 36, 37, 17, 18, 19, 20, 17, 38, 42, 43, 44, 45, 51, 32, 33, 34, 35, 36, 37, 17, 18, 19, 20, 17, 38, 42, 43, 44, 45, 46, 13, 47, 48, 17, 18, 19, 20, 17, 51, 32, 33, 34, 35, 36, 37, 17, 18, 19, 20, 17, 38, 42, 43, 44, 45, 46, 13, 47, 50, 17, 18, 19, 20, 17, 51, 32, 33, 34, 35, 36, 37, 17, 18, 19, 20, 17, 38, 42, 43, 44, 45, 46, 13, 47, 50, 17, 18, 19, 20, 17, 51, 32, 33, 34, 35, 36, 37, 17, 18, 19, 20, 17, 38, 42, 43, 44, 45, 46, 13, 47, 48, 17, 18, 19, 20, 17, 51, 32, 33, 34, 35, 36, 37, 17, 18, 19, 20, 17, 38, 42, 43, 44, 45, 51, 32, 33, 34, 35, 36, 37, 17, 18, 19, 20, 17, 38, 42, 43, 44, 45, 46, 13, 47, 48, 17, 18, 19, 20, 17, 51, 32, 33, 34, 35, 36, 37, 17, 18, 19, 20, 17, 38, 42, 43, 44, 45, 46, 13, 47, 48, 17, 18, 19, 20, 17, 51, 32, 33, 34, 35, 36, 37, 17, 18, 19, 20, 17, 38, 42, 43, 44, 45, 51, 32, 33, 34, 35, 36, 37, 17, 18, 19, 20, 17, 38, 42, 43, 44, 45, 46, 13, 47, 50, 17, 18, 19, 20, 17, 51, 32, 33, 34, 35, 36, 37, 17, 18, 19, 20, 17, 38, 42, 43, 44, 45, 46, 13, 47, 48, 17, 18, 19, 20, 17, 51, 32, 33, 34, 35, 36, 37, 17, 18, 19, 20, 17, 38, 42, 43, 44, 45, 46, 13, 47, 48, 17, 18, 19, 20, 17, 51, 32, 33, 34, 35, 36, 37, 17, 18, 19, 20, 17, 38, 42, 43, 44, 45, 51, 32, 33, 34, 35, 36, 37, 17, 18, 19, 20, 17, 38, 42, 43, 44, 45, 46, 13, 47, 50, 17, 18, 19, 20, 17, 51, 32, 33, 34, 35, 36, 37, 17, 18, 19, 20, 17, 38, 42, 43, 44, 45, 46, 13, 47, 50, 17, 18, 19, 20, 17, 51, 32, 33, 34, 35, 38, 42, 43, 44, 45, 46, 13, 47, 48, 17, 18, 19, 20, 17, 51, 32, 33, 34, 35, 38, 42, 43, 44, 45, 46, 13, 47, 50, 17, 18, 19, 20, 17, 51, 32, 33, 34, 35, 38, 42, 43, 44, 45, 51, 32, 33, 34, 35, 36, 37, 17, 18, 19, 20, 17, 38, 42, 43, 44, 45, 46, 13, 47, 48, 17, 18, 19, 20, 17, 51, 32, 33, 34, 35, 36, 37, 17, 18, 19, 20, 17, 38, 42, 43, 44, 45, 51, 32, 33, 34, 35, 36, 37, 17, 18, 19, 20, 17, 38, 42, 43, 44, 45, 51, 32, 33, 34, 35, 36, 37, 17, 18, 19, 20, 17, 38, 42, 43, 44, 45, 46, 13, 47, 50, 17, 18, 19, 20, 17, 51, 42, 43, 44, 45, 46, 13, 47, 48, 17, 18, 19, 20, 17, 51, 32, 33, 34, 35, 36, 37, 17, 18, 19, 20, 17, 38, 42, 43, 44, 45, 51, 32, 33, 34, 35, 38, 42, 43, 44, 45, 51, 32, 33, 34, 35, 36, 37, 17, 18, 19, 20, 17, 38, 42, 43, 44, 45, 46, 13, 47, 50, 17, 18, 19, 20, 17, 51, 32, 33, 34, 35, 36, 37, 17, 18, 19, 20, 17, 38, 42, 43, 44, 45, 46, 13, 47, 48, 17, 18, 19, 20, 17, 51, 32, 33, 34, 35, 36, 37, 17, 18, 19, 20, 17, 38, 42, 43, 44, 45, 51, 32, 33, 34, 35, 36, 37, 17, 18, 19, 20, 17, 38, 42, 43, 44, 45, 46, 13, 47, 48, 17, 18, 19, 20, 17, 51, 32, 33, 34, 35, 38, 42, 43, 44, 45, 51, 32, 33, 34, 35, 36, 37, 17, 18, 19, 20, 17, 38, 42, 43, 44, 45, 46, 13, 47, 48, 17, 18, 19, 20, 17, 51, 32, 33, 34, 35, 38, 42, 43, 44, 45, 46, 13, 47, 48, 17, 18, 19, 20, 17, 51, 32, 33, 34, 35, 36, 37, 17, 18, 19, 20, 17, 38, 42, 43, 44, 45, 46, 13, 47, 50, 17, 18, 19, 20, 17, 51, 32, 33, 34, 35, 36, 37, 17, 18, 19, 20, 17, 38, 42, 43, 44, 45, 51, 32, 33, 34, 35, 36, 37, 17, 18, 19, 20, 17, 38, 42, 43, 44, 45, 51, 32, 33, 34, 35, 36, 37, 17, 18, 19, 20, 17, 38, 42, 43, 44, 45, 46, 13, 47, 48, 17, 18, 19, 20, 17, 51, 32, 33, 34, 35, 36, 37, 17, 18, 19, 20, 17, 38, 42, 43, 44, 45, 46, 13, 47, 48, 17, 18, 19, 20, 17, 51, 32, 33, 34, 35, 36, 37, 17, 18, 19, 20, 17, 38, 42, 43, 44, 45, 46, 13, 47, 48, 17, 18, 19, 20, 17, 51, 32, 33, 34, 35, 36, 37, 17, 18, 19, 20, 17, 38, 42, 43, 44, 45, 51, 32, 33, 34, 35, 38, 42, 43, 44, 45, 46, 13, 47, 48, 17, 18, 19, 20, 17, 51, 32, 33, 34, 35, 36, 37, 17, 18, 19, 20, 17, 38, 42, 43, 44, 45, 46, 13, 47, 50, 17, 18, 19, 20, 17, 51, 32, 33, 34, 35, 36, 37, 17, 18, 19, 20, 17, 38, 42, 43, 44, 45, 46, 13, 47, 50, 17, 18, 19, 20, 17, 51, 32, 33, 34, 35, 36, 37, 17, 18, 19, 20, 17, 38, 42, 43, 44, 45, 51, 32, 33, 34, 35, 36, 37, 17, 18, 19, 20, 17, 38, 42, 43, 44, 45, 51, 32, 33, 34, 35, 36, 37, 17, 18, 19, 20, 17, 38, 42, 43, 44, 45, 46, 13, 47, 48, 17, 18, 19, 20, 17, 51, 32, 33, 34, 35, 36, 37, 17, 18, 19, 20, 17, 38, 42, 43, 44, 45, 51, 32, 33, 34, 35, 36, 37, 17, 18, 19, 20, 17, 38, 42, 43, 44, 45, 46, 13, 47, 48, 17, 18, 19, 20, 17, 51, 32, 33, 34, 35, 36, 37, 17, 18, 19, 20, 17, 38, 42, 43, 44, 45, 46, 13, 47, 50, 17, 18, 19, 20, 17, 51, 32, 33, 34, 35, 36, 37, 17, 18, 19, 20, 17, 38, 42, 43, 44, 45, 51, 32, 33, 34, 35, 36, 37, 17, 18, 19, 20, 17, 38, 42, 43, 44, 45, 46, 13, 47, 48, 17, 18, 19, 20, 17, 51, 32, 33, 34, 35, 36, 37, 17, 18, 19, 20, 17, 38, 42, 43, 44, 45, 46, 13, 47, 48, 17, 18, 19, 20, 17, 51, 32, 33, 34, 35, 36, 37, 17, 18, 19, 20, 17, 38, 82, 79, 80, 54, 24, 25, 26, 27, 26, 25, 26, 27, 26, 25, 26, 27, 26, 25, 26, 27, 26, 25, 26, 27, 26, 25, 28, 55, 56, 55, 56, 55, 56, 55, 56, 55, 56, 55, 57, 81, 42, 43, 44, 45, 46, 13, 47, 48, 17, 18, 19, 20, 17, 51, 32, 33, 34, 35, 38, 42, 43, 44, 45, 46, 13, 47, 48, 17, 18, 19, 20, 17, 51, 32, 33, 34, 35, 38, 32, 33, 34, 35, 36, 37, 17, 18, 19, 20, 17, 38, 42, 43, 44, 45, 46, 13, 47, 48, 17, 18, 19, 20, 17, 51, 32, 33, 34, 35, 36, 37, 17, 18, 19, 20, 17, 38, 42, 43, 44, 45, 51, 32, 33, 34, 35, 36, 37, 17, 18, 19, 20, 17, 38, 42, 43, 44, 45, 46, 13, 47, 48, 17, 18, 19, 20, 17, 51, 32, 33, 34, 35, 36, 37, 17, 18, 19, 20, 17, 38, 42, 43, 44, 45, 46, 13, 47, 50, 17, 18, 19, 20, 17, 51, 32, 33, 34, 35, 36, 37, 17, 18, 19, 20, 17, 38, 42, 43, 44, 45, 46, 13, 47, 50, 17, 18, 19, 20, 17, 51, 32, 33, 34, 35, 36, 37, 17, 18, 19, 20, 17, 38, 42, 43, 44, 45, 46, 13, 47, 48, 17, 18, 19, 20, 17, 51, 32, 33, 34, 35, 36, 37, 17, 18, 19, 20, 17, 38, 42, 43, 44, 45, 46, 13, 47, 50, 17, 18, 19, 20, 17, 51, 32, 33, 34, 35, 36, 37, 17, 18, 19, 20, 17, 38, 42, 43, 44, 45, 46, 13, 47, 48, 17, 18, 19, 20, 17, 51, 32, 33, 34, 35, 38, 42, 43, 44, 45, 46, 13, 47, 48, 17, 18, 19, 20, 17, 51, 32, 33, 34, 35, 36, 37, 17, 18, 19, 20, 17, 38, 42, 43, 44, 45, 46, 13, 47, 50, 17, 18, 19, 20, 17, 51, 32, 33, 34, 35, 36, 37, 17, 18, 19, 20, 17, 38, 42, 43, 44, 45, 46, 13, 47, 48, 17, 18, 19, 20, 17, 51, 32, 33, 34, 35, 36, 37, 17, 18, 19, 20, 17, 38, 42, 43, 44, 45, 46, 13, 47, 50, 17, 18, 19, 20, 17, 51, 32, 33, 34, 35, 36, 37, 17, 18, 19, 20, 17, 38, 42, 43, 44, 45, 46, 13, 47, 48, 17, 18, 19, 20, 17, 51, 32, 33, 34, 35, 36, 37, 17, 18, 19, 20, 17, 38, 42, 43, 44, 45, 46, 13, 47, 48, 17, 18, 19, 20, 17, 51, 32, 33, 34, 35, 36, 37, 17, 18, 19, 20, 17, 38, 42, 43, 44, 45, 46, 13, 47, 48, 17, 18, 19, 20, 17, 51, 32, 33, 34, 35, 36, 37, 17, 18, 19, 20, 17, 38, 42, 43, 44, 45, 46, 13, 47, 50, 17, 18, 19, 20, 17, 51, 32, 33, 34, 35, 36, 37, 17, 18, 19, 20, 17, 38, 42, 43, 44, 45, 46, 13, 47, 50, 17, 18, 19, 20, 17, 51, 32, 33, 34, 35, 36, 37, 17, 18, 19, 20, 17, 38, 42, 43, 44, 45, 46, 13, 47, 48, 17, 18, 19, 20, 17, 51, 32, 33, 34, 35, 36, 37, 17, 18, 19, 20, 17, 38, 42, 43, 44, 45, 51, 32, 33, 34, 35, 38, 42, 43, 44, 45, 46, 13, 47, 48, 17, 18, 19, 20, 17, 51, 32, 33, 34, 35, 36, 37, 17, 18, 19, 20, 17, 38, 42, 43, 44, 45, 46, 13, 47, 50, 17, 18, 19, 20, 17, 51, 32, 33, 34, 35, 36, 37, 17, 18, 19, 20, 17, 38, 42, 43, 44, 45, 46, 13, 47, 50, 17, 18, 19, 20, 17, 51, 32, 33, 34, 35, 36, 37, 17, 18, 19, 20, 17, 38, 42, 43, 44, 45, 46, 13, 47, 48, 17, 18, 19, 20, 17, 51, 32, 33, 34, 35, 36, 37, 17, 18, 19, 20, 17, 38, 42, 43, 44, 45, 46, 13, 47, 50, 17, 18, 19, 20, 17, 51, 32, 33, 34, 35, 36, 37, 17, 18, 19, 20, 17, 38, 42, 43, 44, 45, 46, 13, 47, 48, 17, 18, 19, 20, 17, 51, 32, 33, 34, 35, 36, 37, 17, 18, 19, 20, 17, 38, 42, 43, 44, 45, 46, 13, 47, 50, 17, 18, 19, 20, 17, 51, 32, 33, 34, 35, 36, 37, 17, 18, 19, 20, 17, 38, 42, 43, 44, 45, 46, 13, 47, 48, 17, 18, 19, 20, 17, 51, 32, 33, 34, 35, 36, 37, 17, 18, 19, 20, 17, 38, 42, 43, 44, 45, 46, 13, 47, 48, 17, 18, 19, 20, 17, 51, 42, 43, 44, 45, 46, 13, 47, 50, 17, 18, 19, 20, 17, 51, 32, 33, 34, 35, 36, 37, 17, 18, 19, 20, 17, 38, 42, 43, 44, 45, 46, 13, 47, 48, 17, 18, 19, 20, 17, 51, 32, 33, 34, 35, 36, 37, 17, 18, 19, 20, 17, 38, 42, 43, 44, 45, 46, 13, 47, 48, 17, 18, 19, 20, 17, 51, 32, 33, 34, 35, 36, 37, 17, 18, 19, 20, 17, 38, 42, 43, 44, 45, 51, 32, 33, 34, 35, 36, 37, 17, 18, 19, 20, 17, 38, 42, 43, 44, 45, 46, 13, 47, 50, 17, 18, 19, 20, 17, 51, 32, 33, 34, 35, 36, 37, 17, 18, 19, 20, 17, 38, 42, 43, 44, 45, 46, 13, 47, 48, 17, 18, 19, 20, 17, 51, 32, 33, 34, 35, 36, 37, 17, 18, 19, 20, 17, 38, 42, 43, 44, 45, 46, 13, 47, 50, 17, 18, 19, 20, 17, 51, 32, 33, 34, 35, 36, 37, 17, 18, 19, 20, 17, 38, 42, 43, 44, 45, 51, 32, 33, 34, 35, 36, 37, 17, 18, 19, 20, 17, 38, 42, 43, 44, 45, 46, 13, 47, 48, 17, 18, 19, 20, 17, 51, 32, 33, 34, 35, 36, 37, 17, 18, 19, 20, 17, 38, 42, 43, 44, 45, 46, 13, 47, 48, 17, 18, 19, 20, 17, 51, 32, 33, 34, 35, 36, 37, 17, 18, 19, 20, 17, 38, 42, 43, 44, 45, 46, 13, 47, 48, 17, 18, 19, 20, 17, 51, 32, 33, 34, 35, 38, 42, 43, 44, 45, 46, 13, 47, 48, 17, 18, 19, 20, 17, 51, 32, 33, 34, 35, 36, 37, 17, 18, 19, 20, 17, 38, 42, 43, 44, 45, 46, 13, 47, 50, 17, 18, 19, 20, 17, 51, 32, 33, 34, 35, 36, 37, 17, 18, 19, 20, 17, 38, 42, 43, 44, 45, 51, 32, 33, 34, 35, 36, 37, 17, 18, 19, 20, 17, 38, 42, 43, 44, 45, 46, 13, 47, 48, 17, 18, 19, 20, 17, 51, 32, 33, 34, 35, 38, 42, 43, 44, 45, 46, 13, 47, 50, 17, 18, 19, 20, 17, 51, 32, 33, 34, 35, 36, 37, 17, 18, 19, 20, 17, 38, 42, 43, 44, 45, 46, 13, 47, 50, 17, 18, 19, 20, 17, 51, 32, 33, 34, 35, 36, 37, 17, 18, 19, 20, 17, 38, 42, 43, 44, 45, 46, 13, 47, 50, 17, 18, 19, 20, 17, 51, 32, 33, 34, 35, 36, 37, 17, 18, 19, 20, 17, 38, 42, 43, 44, 45, 46, 13, 47, 48, 17, 18, 19, 20, 17, 51, 32, 33, 34, 35, 36, 37, 17, 18, 19, 20, 17, 38, 42, 43, 44, 45, 46, 13, 47, 50, 17, 18, 19, 20, 17, 51, 32, 33, 34, 35, 36, 37, 17, 18, 19, 20, 17, 38, 42, 43, 44, 45, 51, 32, 33, 34, 35, 36, 37, 17, 18, 19, 20, 17, 38, 42, 43, 44, 45, 46, 13, 47, 48, 17, 18, 19, 20, 17, 51, 32, 33, 34, 35, 36, 37, 17, 18, 19, 20, 17, 38, 42, 43, 44, 45, 46, 13, 47, 48, 17, 18, 19, 20, 17, 51, 32, 33, 34, 35, 36, 37, 17, 18, 19, 20, 17, 38, 42, 43, 44, 45, 46, 13, 47, 48, 17, 18, 19, 20, 17, 51, 32, 33, 34, 35, 36, 37, 17, 18, 19, 20, 17, 38, 42, 43, 44, 45, 46, 13, 47, 48, 17, 18, 19, 20, 17, 51, 32, 33, 34, 35, 36, 37, 17, 18, 19, 20, 17, 38, 42, 43, 44, 45, 51, 32, 33, 34, 35, 36, 37, 17, 18, 19, 20, 17, 38, 42, 43, 44, 45, 51, 32, 33, 34, 35, 36, 37, 17, 18, 19, 20, 17, 38, 42, 43, 44, 45, 46, 13, 47, 48, 17, 18, 19, 20, 17, 51, 32, 33, 34, 35, 36, 37, 17, 18, 19, 20, 17, 38, 42, 43, 44, 45, 46, 13, 47, 48, 17, 18, 19, 20, 17, 51, 32, 33, 34, 35, 38, 42, 43, 44, 45, 46, 13, 47, 50, 17, 18, 19, 20, 17, 51, 32, 33, 34, 35, 36, 37, 17, 18, 19, 20, 17, 38, 42, 43, 44, 45, 46, 13, 47, 48, 17, 18, 19, 20, 17, 51, 32, 33, 34, 35, 38, 42, 43, 44, 45, 51, 32, 33, 34, 35, 36, 37, 17, 18, 19, 20, 17, 38, 42, 43, 44, 45, 46, 13, 47, 48, 17, 18, 19, 20, 17, 51, 32, 33, 34, 35, 38, 42, 43, 44, 45, 46, 13, 47, 50, 17, 18, 19, 20, 17, 51, 32, 33, 34, 35, 36, 37, 17, 18, 19, 20, 17, 38, 42, 43, 44, 45, 46, 13, 47, 48, 17, 18, 19, 20, 17, 51, 32, 33, 34, 35, 36, 37, 17, 18, 19, 20, 17, 38, 42, 43, 44, 45, 46, 13, 47, 48, 17, 18, 19, 20, 17, 51, 32, 33, 34, 35, 36, 37, 17, 18, 19, 20, 17, 38, 42, 43, 44, 45, 51, 32, 33, 34, 35, 36, 37, 17, 18, 19, 20, 17, 38, 42, 43, 44, 45, 46, 13, 47, 48, 17, 18, 19, 20, 17, 51, 32, 33, 34, 35, 36, 37, 17, 18, 19, 20, 17, 38, 42, 43, 44, 45, 51, 32, 33, 34, 35, 36, 37, 17, 18, 19, 20, 17, 38, 42, 43, 44, 45, 46, 13, 47, 50, 17, 18, 19, 20, 17, 51, 32, 33, 34, 35, 38, 42, 43, 44, 45, 46, 13, 47, 48, 17, 18, 19, 20, 17, 51, 32, 33, 34, 35, 36, 37, 17, 18, 19, 20, 17, 38, 42, 43, 44, 45, 46, 13, 47, 50, 17, 18, 19, 20, 17, 51, 32, 33, 34, 35, 38, 42, 43, 44, 45, 46, 13, 47, 50, 17, 18, 19, 20, 17, 51, 32, 33, 34, 35, 38, 42, 43, 44, 45, 51, 32, 33, 34, 35, 36, 37, 17, 18, 19, 20, 17, 38, 42, 43, 44, 45, 46, 13, 47, 48, 17, 18, 19, 20, 17, 51, 32, 33, 34, 35, 36, 37, 17, 18, 19, 20, 17, 38, 42, 43, 44, 45, 46, 13, 47, 48, 17, 18, 19, 20, 17, 51, 32, 33, 34, 35, 38, 42, 43, 44, 45, 46, 13, 47, 48, 17, 18, 19, 20, 17, 51, 32, 33, 34, 35, 36, 37, 17, 18, 19, 20, 17, 38, 42, 43, 44, 45, 46, 13, 47, 48, 17, 18, 19, 20, 17, 51, 32, 33, 34, 35, 38, 42, 43, 44, 45, 46, 13, 47, 50, 17, 18, 19, 20, 17, 51, 32, 33, 34, 35, 36, 37, 17, 18, 19, 20, 17, 38, 42, 43, 44, 45, 46, 13, 47, 48, 17, 18, 19, 20, 17, 51, 32, 33, 34, 35, 36, 37, 17, 18, 19, 20, 17, 38, 42, 43, 44, 45, 46, 13, 47, 50, 17, 18, 19, 20, 17, 51, 32, 33, 34, 35, 36, 37, 17, 18, 19, 20, 17, 38, 42, 43, 44, 45, 46, 13, 47, 50, 17, 18, 19, 20, 17, 51, 32, 33, 34, 35, 36, 37, 17, 18, 19, 20, 17, 38, 42, 43, 44, 45, 46, 13, 47, 48, 17, 18, 19, 20, 17, 51, 32, 33, 34, 35, 36, 37, 17, 18, 19, 20, 17, 38, 42, 43, 44, 45, 46, 13, 47, 48, 17, 18, 19, 20, 17, 51, 32, 33, 34, 35, 38, 42, 43, 44, 45, 46, 13, 47, 50, 17, 18, 19, 20, 17, 51, 32, 33, 34, 35, 36, 37, 17, 18, 19, 20, 17, 38, 42, 43, 44, 45, 46, 13, 47, 50, 17, 18, 19, 20, 17, 51, 32, 33, 34, 35, 36, 37, 17, 18, 19, 20, 17, 38, 42, 43, 44, 45, 46, 13, 47, 48, 17, 18, 19, 20, 17, 51, 32, 33, 34, 35, 38, 42, 43, 44, 45, 46, 13, 47, 50, 17, 18, 19, 20, 17, 51, 32, 33, 34, 35, 36, 37, 17, 18, 19, 20, 17, 38, 42, 43, 44, 45, 46, 13, 47, 48, 17, 18, 19, 20, 17, 51, 32, 33, 34, 35, 36, 37, 17, 18, 19, 20, 17, 38, 42, 43, 44, 45, 46, 13, 47, 48, 17, 18, 19, 20, 17, 51, 32, 33, 34, 35, 38, 42, 43, 44, 45, 46, 13, 47, 48, 17, 18, 19, 20, 17, 51, 32, 33, 34, 35, 36, 37, 17, 18, 19, 20, 17, 38, 42, 43, 44, 45, 46, 13, 47, 50, 17, 18, 19, 20, 17, 51, 32, 33, 34, 35, 36, 37, 17, 18, 19, 20, 17, 38, 42, 43, 44, 45, 46, 13, 47, 50, 17, 18, 19, 20, 17, 51, 32, 33, 34, 35, 36, 37, 17, 18, 19, 20, 17, 38, 42, 43, 44, 45, 46, 13, 47, 50, 17, 18, 19, 20, 17, 51, 32, 33, 34, 35, 38, 42, 43, 44, 45, 51, 32, 33, 34, 35, 36, 37, 17, 18, 19, 20, 17, 38, 42, 43, 44, 45, 46, 13, 47, 48, 17, 18, 19, 20, 17, 51, 32, 33, 34, 35, 38, 82, 79, 80, 54, 24, 25, 26, 27, 26, 25, 26, 27, 26, 25, 26, 27, 26, 25, 26, 27, 26, 25, 26, 27, 26, 25, 28, 55, 56, 55, 56, 55, 56, 55, 56, 55, 56, 55, 57, 81, 42, 43, 44, 45, 46, 13, 47, 48, 17, 18, 19, 20, 17, 51, 32, 33, 34, 35, 36, 37, 17, 18, 19, 20, 17, 38, 42, 43, 44, 45, 46, 13, 47, 48, 17, 18, 19, 20, 17, 51, 32, 33, 34, 35, 36, 37, 17, 18, 19, 20, 17, 38, 42, 43, 44, 45, 46, 13, 47, 50, 17, 18, 19, 20, 17, 51, 32, 33, 34, 35, 36, 37, 17, 18, 19, 20, 17, 38, 42, 43, 44, 45, 51, 32, 33, 34, 35, 36, 37, 17, 18, 19, 20, 17, 38, 42, 43, 44, 45, 51, 32, 33, 34, 35, 38, 32, 33, 34, 35, 36, 37, 17, 18, 19, 20, 17, 38, 42, 43, 44, 45, 46, 13, 47, 48, 17, 18, 19, 20, 17, 51, 32, 33, 34, 35, 36, 37, 17, 18, 19, 20, 17, 38, 42, 43, 44, 45, 51, 32, 33, 34, 35, 38, 42, 43, 44, 45, 46, 13, 47, 48, 17, 18, 19, 20, 17, 51, 32, 33, 34, 35, 36, 37, 17, 18, 19, 20, 17, 38, 42, 43, 44, 45, 46, 13, 47, 50, 17, 18, 19, 20, 17, 51, 32, 33, 34, 35, 36, 37, 17, 18, 19, 20, 17, 38, 42, 43, 44, 45, 51, 32, 33, 34, 35, 36, 37, 17, 18, 19, 20, 17, 38, 42, 43, 44, 45, 46, 13, 47, 48, 17, 18, 19, 20, 17, 51, 32, 33, 34, 35, 36, 37, 17, 18, 19, 20, 17, 38, 42, 43, 44, 45, 46, 13, 47, 48, 17, 18, 19, 20, 17, 51, 32, 33, 34, 35, 36, 37, 17, 18, 19, 20, 17, 38, 42, 43, 44, 45, 51, 32, 33, 34, 35, 36, 37, 17, 18, 19, 20, 17, 38, 42, 43, 44, 45, 51, 32, 33, 34, 35, 36, 37, 17, 18, 19, 20, 17, 38, 42, 43, 44, 45, 46, 13, 47, 48, 17, 18, 19, 20, 17, 51, 32, 33, 34, 35, 38, 42, 43, 44, 45, 46, 13, 47, 48, 17, 18, 19, 20, 17, 51, 32, 33, 34, 35, 36, 37, 17, 18, 19, 20, 17, 38, 42, 43, 44, 45, 46, 13, 47, 48, 17, 18, 19, 20, 17, 51, 32, 33, 34, 35, 36, 37, 17, 18, 19, 20, 17, 38, 42, 43, 44, 45, 51, 32, 33, 34, 35, 36, 37, 17, 18, 19, 20, 17, 38, 42, 43, 44, 45, 46, 13, 47, 50, 17, 18, 19, 20, 17, 51, 32, 33, 34, 35, 36, 37, 17, 18, 19, 20, 17, 38, 42, 43, 44, 45, 46, 13, 47, 50, 17, 18, 19, 20, 17, 51, 32, 33, 34, 35, 36, 37, 17, 18, 19, 20, 17, 38, 42, 43, 44, 45, 46, 13, 47, 48, 17, 18, 19, 20, 17, 51, 32, 33, 34, 35, 36, 37, 17, 18, 19, 20, 17, 38, 42, 43, 44, 45, 46, 13, 47, 48, 17, 18, 19, 20, 17, 51, 32, 33, 34, 35, 36, 37, 17, 18, 19, 20, 17, 38, 42, 43, 44, 45, 51, 32, 33, 34, 35, 36, 37, 17, 18, 19, 20, 17, 38, 42, 43, 44, 45, 51, 32, 33, 34, 35, 36, 37, 17, 18, 19, 20, 17, 38, 42, 43, 44, 45, 51, 32, 33, 34, 35, 36, 37, 17, 18, 19, 20, 17, 38, 42, 43, 44, 45, 46, 13, 47, 48, 17, 18, 19, 20, 17, 51, 32, 33, 34, 35, 36, 37, 17, 18, 19, 20, 17, 38, 42, 43, 44, 45, 46, 13, 47, 48, 17, 18, 19, 20, 17, 51, 32, 33, 34, 35, 36, 37, 17, 18, 19, 20, 17, 38, 42, 43, 44, 45, 46, 13, 47, 48, 17, 18, 19, 20, 17, 51, 32, 33, 34, 35, 36, 37, 17, 18, 19, 20, 17, 38, 42, 43, 44, 45, 46, 13, 47, 50, 17, 18, 19, 20, 17, 51, 32, 33, 34, 35, 36, 37, 17, 18, 19, 20, 17, 38, 42, 43, 44, 45, 51, 32, 33, 34, 35, 36, 37, 17, 18, 19, 20, 17, 38, 42, 43, 44, 45, 51, 32, 33, 34, 35, 38, 42, 43, 44, 45, 46, 13, 47, 48, 17, 18, 19, 20, 17, 51, 32, 33, 34, 35, 36, 37, 17, 18, 19, 20, 17, 38, 42, 43, 44, 45, 46, 13, 47, 50, 17, 18, 19, 20, 17, 51, 32, 33, 34, 35, 36, 37, 17, 18, 19, 20, 17, 38, 42, 43, 44, 45, 46, 13, 47, 48, 17, 18, 19, 20, 17, 51, 32, 33, 34, 35, 36, 37, 17, 18, 19, 20, 17, 38, 42, 43, 44, 45, 46, 13, 47, 50, 17, 18, 19, 20, 17, 51, 32, 33, 34, 35, 36, 37, 17, 18, 19, 20, 17, 38, 42, 43, 44, 45, 51, 32, 33, 34, 35, 36, 37, 17, 18, 19, 20, 17, 38, 42, 43, 44, 45, 46, 13, 47, 48, 17, 18, 19, 20, 17, 51, 32, 33, 34, 35, 36, 37, 17, 18, 19, 20, 17, 38, 42, 43, 44, 45, 51, 42, 43, 44, 45, 51, 32, 33, 34, 35, 38, 32, 33, 34, 35, 36, 37, 17, 18, 19, 20, 17, 38, 42, 43, 44, 45, 46, 13, 47, 50, 17, 18, 19, 20, 17, 51, 32, 33, 34, 35, 36, 37, 17, 18, 19, 20, 17, 38, 42, 43, 44, 45, 46, 13, 47, 48, 17, 18, 19, 20, 17, 51, 32, 33, 34, 35, 38, 42, 43, 44, 45, 51, 32, 33, 34, 35, 36, 37, 17, 18, 19, 20, 17, 38, 42, 43, 44, 45, 46, 13, 47, 50, 17, 18, 19, 20, 17, 51, 32, 33, 34, 35, 36, 37, 17, 18, 19, 20, 17, 38, 42, 43, 44, 45, 46, 13, 47, 50, 17, 18, 19, 20, 17, 51, 32, 33, 34, 35, 36, 37, 17, 18, 19, 20, 17, 38, 42, 43, 44, 45, 46, 13, 47, 50, 17, 18, 19, 20, 17, 51, 32, 33, 34, 35, 38, 42, 43, 44, 45, 46, 13, 47, 50, 17, 18, 19, 20, 17, 51, 32, 33, 34, 35, 36, 37, 17, 18, 19, 20, 17, 38, 42, 43, 44, 45, 46, 13, 47, 48, 17, 18, 19, 20, 17, 51, 32, 33, 34, 35, 36, 37, 17, 18, 19, 20, 17, 38, 42, 43, 44, 45, 46, 13, 47, 48, 17, 18, 19, 20, 17, 51, 32, 33, 34, 35, 36, 37, 17, 18, 19, 20, 17, 38, 42, 43, 44, 45, 46, 13, 47, 50, 17, 18, 19, 20, 17, 51, 32, 33, 34, 35, 38, 42, 43, 44, 45, 46, 13, 47, 50, 17, 18, 19, 20, 17, 51, 32, 33, 34, 35, 38, 42, 43, 44, 45, 51, 32, 33, 34, 35, 36, 37, 17, 18, 19, 20, 17, 38, 42, 43, 44, 45, 51, 32, 33, 34, 35, 36, 37, 17, 18, 19, 20, 17, 38, 42, 43, 44, 45, 46, 13, 47, 48, 17, 18, 19, 20, 17, 51, 32, 33, 34, 35, 36, 37, 17, 18, 19, 20, 17, 38, 42, 43, 44, 45, 46, 13, 47, 48, 17, 18, 19, 20, 17, 51, 32, 33, 34, 35, 36, 37, 17, 18, 19, 20, 17, 38, 42, 43, 44, 45, 51, 32, 33, 34, 35, 38, 42, 43, 44, 45, 46, 13, 47, 48, 17, 18, 19, 20, 17, 51, 32, 33, 34, 35, 38, 42, 43, 44, 45, 51, 32, 33, 34, 35, 36, 37, 17, 18, 19, 20, 17, 38, 42, 43, 44, 45, 46, 13, 47, 48, 17, 18, 19, 20, 17, 51, 32, 33, 34, 35, 38, 42, 43, 44, 45, 46, 13, 47, 50, 17, 18, 19, 20, 17, 51, 32, 33, 34, 35, 36, 37, 17, 18, 19, 20, 17, 38, 42, 43, 44, 45, 46, 13, 47, 48, 17, 18, 19, 20, 17, 51, 32, 33, 34, 35, 36, 37, 17, 18, 19, 20, 17, 38, 42, 43, 44, 45, 46, 13, 47, 48, 17, 18, 19, 20, 17, 51, 32, 33, 34, 35, 36, 37, 17, 18, 19, 20, 17, 38, 42, 43, 44, 45, 46, 13, 47, 48, 17, 18, 19, 20, 17, 51, 42, 43, 44, 45, 51, 32, 33, 34, 35, 36, 37, 17, 18, 19, 20, 17, 38, 42, 43, 44, 45, 51, 32, 33, 34, 35, 38, 42, 43, 44, 45, 51, 32, 33, 34, 35, 36, 37, 17, 18, 19, 20, 17, 38, 42, 43, 44, 45, 46, 13, 47, 50, 17, 18, 19, 20, 17, 51, 32, 33, 34, 35, 36, 37, 17, 18, 19, 20, 17, 38, 42, 43, 44, 45, 51, 32, 33, 34, 35, 36, 37, 17, 18, 19, 20, 17, 38, 42, 43, 44, 45, 51, 32, 33, 34, 35, 36, 37, 17, 18, 19, 20, 17, 38, 42, 43, 44, 45, 46, 13, 47, 50, 17, 18, 19, 20, 17, 51, 32, 33, 34, 35, 36, 37, 17, 18, 19, 20, 17, 38, 42, 43, 44, 45, 46, 13, 47, 48, 17, 18, 19, 20, 17, 51, 32, 33, 34, 35, 36, 37, 17, 18, 19, 20, 17, 38, 42, 43, 44, 45, 46, 13, 47, 50, 17, 18, 19, 20, 17, 51, 32, 33, 34, 35, 36, 37, 17, 18, 19, 20, 17, 38, 42, 43, 44, 45, 46, 13, 47, 50, 17, 18, 19, 20, 17, 51, 32, 33, 34, 35, 36, 37, 17, 18, 19, 20, 17, 38, 42, 43, 44, 45, 46, 13, 47, 48, 17, 18, 19, 20, 17, 51, 32, 33, 34, 35, 38, 42, 43, 44, 45, 46, 13, 47, 48, 17, 18, 19, 20, 17, 51, 32, 33, 34, 35, 36, 37, 17, 18, 19, 20, 17, 38, 42, 43, 44, 45, 46, 13, 47, 48, 17, 18, 19, 20, 17, 51, 32, 33, 34, 35, 36, 37, 17, 18, 19, 20, 17, 38, 42, 43, 44, 45, 51, 32, 33, 34, 35, 38, 42, 43, 44, 45, 51, 32, 33, 34, 35, 36, 37, 17, 18, 19, 20, 17, 38, 42, 43, 44, 45, 51, 32, 33, 34, 35, 36, 37, 17, 18, 19, 20, 17, 38, 42, 43, 44, 45, 46, 13, 47, 50, 17, 18, 19, 20, 17, 51, 32, 33, 34, 35, 38, 42, 43, 44, 45, 46, 13, 47, 48, 17, 18, 19, 20, 17, 51, 32, 33, 34, 35, 38, 42, 43, 44, 45, 46, 13, 47, 48, 17, 18, 19, 20, 17, 51, 32, 33, 34, 35, 36, 37, 17, 18, 19, 20, 17, 38, 42, 43, 44, 45, 46, 13, 47, 50, 17, 18, 19, 20, 17, 51, 32, 33, 34, 35, 38, 42, 43, 44, 45, 46, 13, 47, 50, 17, 18, 19, 20, 17, 51, 32, 33, 34, 35, 36, 37, 17, 18, 19, 20, 17, 38, 42, 43, 44, 45, 46, 13, 47, 48, 17, 18, 19, 20, 17, 51, 32, 33, 34, 35, 36, 37, 17, 18, 19, 20, 17, 38, 42, 43, 44, 45, 46, 13, 47, 48, 17, 18, 19, 20, 17, 51, 32, 33, 34, 35, 36, 37, 17, 18, 19, 20, 17, 38, 42, 43, 44, 45, 46, 13, 47, 48, 17, 18, 19, 20, 17, 51, 32, 33, 34, 35, 36, 37, 17, 18, 19, 20, 17, 38, 42, 43, 44, 45, 46, 13, 47, 48, 17, 18, 19, 20, 17, 51, 32, 33, 34, 35, 36, 37, 17, 18, 19, 20, 17, 38, 42, 43, 44, 45, 46, 13, 47, 48, 17, 18, 19, 20, 17, 51, 32, 33, 34, 35, 36, 37, 17, 18, 19, 20, 17, 38, 42, 43, 44, 45, 46, 13, 47, 50, 17, 18, 19, 20, 17, 51, 32, 33, 34, 35, 36, 37, 17, 18, 19, 20, 17, 38, 42, 43, 44, 45, 46, 13, 47, 50, 17, 18, 19, 20, 17, 51, 32, 33, 34, 35, 38, 42, 43, 44, 45, 46, 13, 47, 48, 17, 18, 19, 20, 17, 51, 32, 33, 34, 35, 36, 37, 17, 18, 19, 20, 17, 38, 42, 43, 44, 45, 46, 13, 47, 50, 17, 18, 19, 20, 17, 51, 32, 33, 34, 35, 36, 37, 17, 18, 19, 20, 17, 38, 42, 43, 44, 45, 46, 13, 47, 48, 17, 18, 19, 20, 17, 51, 32, 33, 34, 35, 36, 37, 17, 18, 19, 20, 17, 38, 42, 43, 44, 45, 46, 13, 47, 48, 17, 18, 19, 20, 17, 51, 32, 33, 34, 35, 36, 37, 17, 18, 19, 20, 17, 38, 42, 43, 44, 45, 46, 13, 47, 48, 17, 18, 19, 20, 17, 51, 32, 33, 34, 35, 38, 42, 43, 44, 45, 46, 13, 47, 50, 17, 18, 19, 20, 17, 51, 32, 33, 34, 35, 36, 37, 17, 18, 19, 20, 17, 38, 82, 79, 80, 54, 24, 25, 26, 27, 26, 25, 26, 27, 26, 25, 26, 27, 26, 25, 26, 27, 26, 25, 26, 27, 26, 25, 28, 55, 56, 55, 56, 55, 56, 55, 56, 55, 56, 55, 57, 81, 42, 43, 44, 45, 46, 13, 47, 50, 17, 18, 19, 20, 17, 51, 32, 33, 34, 35, 36, 37, 17, 18, 19, 20, 17, 38, 42, 43, 44, 45, 46, 13, 47, 50, 17, 18, 19, 20, 17, 51, 32, 33, 34, 35, 36, 37, 17, 18, 19, 20, 17, 38, 42, 43, 44, 45, 51, 32, 33, 34, 35, 36, 37, 17, 18, 19, 20, 17, 38, 42, 43, 44, 45, 51, 32, 33, 34, 35, 36, 37, 17, 18, 19, 20, 17, 38, 42, 43, 44, 45, 46, 13, 47, 48, 17, 18, 19, 20, 17, 51, 32, 33, 34, 35, 36, 37, 17, 18, 19, 20, 17, 38, 42, 43, 44, 45, 46, 13, 47, 50, 17, 18, 19, 20, 17, 51, 32, 33, 34, 35, 36, 37, 17, 18, 19, 20, 17, 38, 42, 43, 44, 45, 46, 13, 47, 48, 17, 18, 19, 20, 17, 51, 32, 33, 34, 35, 36, 37, 17, 18, 19, 20, 17, 38, 42, 43, 44, 45, 46, 13, 47, 50, 17, 18, 19, 20, 17, 51, 32, 33, 34, 35, 36, 37, 17, 18, 19, 20, 17, 38, 42, 43, 44, 45, 46, 13, 47, 48, 17, 18, 19, 20, 17, 51, 32, 33, 34, 35, 36, 37, 17, 18, 19, 20, 17, 38, 42, 43, 44, 45, 51, 32, 33, 34, 35, 38, 42, 43, 44, 45, 51, 32, 33, 34, 35, 36, 37, 17, 18, 19, 20, 17, 38, 42, 43, 44, 45, 51, 32, 33, 34, 35, 36, 37, 17, 18, 19, 20, 17, 38, 42, 43, 44, 45, 46, 13, 47, 48, 17, 18, 19, 20, 17, 51, 32, 33, 34, 35, 36, 37, 17, 18, 19, 20, 17, 38, 42, 43, 44, 45, 46, 13, 47, 48, 17, 18, 19, 20, 17, 51, 32, 33, 34, 35, 36, 37, 17, 18, 19, 20, 17, 38, 42, 43, 44, 45, 46, 13, 47, 50, 17, 18, 19, 20, 17, 51, 32, 33, 34, 35, 36, 37, 17, 18, 19, 20, 17, 38, 42, 43, 44, 45, 46, 13, 47, 48, 17, 18, 19, 20, 17, 51, 32, 33, 34, 35, 38, 42, 43, 44, 45, 46, 13, 47, 48, 17, 18, 19, 20, 17, 51, 32, 33, 34, 35, 36, 37, 17, 18, 19, 20, 17, 38, 42, 43, 44, 45, 46, 13, 47, 48, 17, 18, 19, 20, 17, 51, 32, 33, 34, 35, 36, 37, 17, 18, 19, 20, 17, 38, 42, 43, 44, 45, 46, 13, 47, 50, 17, 18, 19, 20, 17, 51, 32, 33, 34, 35, 36, 37, 17, 18, 19, 20, 17, 38, 42, 43, 44, 45, 46, 13, 47, 48, 17, 18, 19, 20, 17, 51, 32, 33, 34, 35, 38, 42, 43, 44, 45, 46, 13, 47, 50, 17, 18, 19, 20, 17, 51, 32, 33, 34, 35, 36, 37, 17, 18, 19, 20, 17, 38, 42, 43, 44, 45, 51, 32, 33, 34, 35, 36, 37, 17, 18, 19, 20, 17, 38, 42, 43, 44, 45, 46, 13, 47, 48, 17, 18, 19, 20, 17, 51, 32, 33, 34, 35, 36, 37, 17, 18, 19, 20, 17, 38, 42, 43, 44, 45, 46, 13, 47, 48, 17, 18, 19, 20, 17, 51, 32, 33, 34, 35, 38, 42, 43, 44, 45, 46, 13, 47, 48, 17, 18, 19, 20, 17, 51, 32, 33, 34, 35, 36, 37, 17, 18, 19, 20, 17, 38, 42, 43, 44, 45, 46, 13, 47, 50, 17, 18, 19, 20, 17, 51, 32, 33, 34, 35, 36, 37, 17, 18, 19, 20, 17, 38, 42, 43, 44, 45, 46, 13, 47, 50, 17, 18, 19, 20, 17, 51, 32, 33, 34, 35, 36, 37, 17, 18, 19, 20, 17, 38, 42, 43, 44, 45, 46, 13, 47, 48, 17, 18, 19, 20, 17, 51, 32, 33, 34, 35, 36, 37, 17, 18, 19, 20, 17, 38, 42, 43, 44, 45, 46, 13, 47, 48, 17, 18, 19, 20, 17, 51, 32, 33, 34, 35, 36, 37, 17, 18, 19, 20, 17, 38, 42, 43, 44, 45, 46, 13, 47, 50, 17, 18, 19, 20, 17, 51, 32, 33, 34, 35, 36, 37, 17, 18, 19, 20, 17, 38, 42, 43, 44, 45, 46, 13, 47, 50, 17, 18, 19, 20, 17, 51, 32, 33, 34, 35, 36, 37, 17, 18, 19, 20, 17, 38, 42, 43, 44, 45, 46, 13, 47, 48, 17, 18, 19, 20, 17, 51, 32, 33, 34, 35, 38, 42, 43, 44, 45, 46, 13, 47, 48, 17, 18, 19, 20, 17, 51, 32, 33, 34, 35, 36, 37, 17, 18, 19, 20, 17, 38, 42, 43, 44, 45, 51, 32, 33, 34, 35, 36, 37, 17, 18, 19, 20, 17, 38, 42, 43, 44, 45, 46, 13, 47, 48, 17, 18, 19, 20, 17, 51, 32, 33, 34, 35, 36, 37, 17, 18, 19, 20, 17, 38, 42, 43, 44, 45, 46, 13, 47, 48, 17, 18, 19, 20, 17, 51, 32, 33, 34, 35, 36, 37, 17, 18, 19, 20, 17, 38, 42, 43, 44, 45, 46, 13, 47, 48, 17, 18, 19, 20, 17, 51, 32, 33, 34, 35, 38, 42, 43, 44, 45, 51, 32, 33, 34, 35, 36, 37, 17, 18, 19, 20, 17, 38, 42, 43, 44, 45, 46, 13, 47, 48, 17, 18, 19, 20, 17, 51, 32, 33, 34, 35, 36, 37, 17, 18, 19, 20, 17, 38, 42, 43, 44, 45, 51, 32, 33, 34, 35, 36, 37, 17, 18, 19, 20, 17, 38, 42, 43, 44, 45, 46, 13, 47, 48, 17, 18, 19, 20, 17, 51, 32, 33, 34, 35, 36, 37, 17, 18, 19, 20, 17, 38, 42, 43, 44, 45, 46, 13, 47, 50, 17, 18, 19, 20, 17, 51, 32, 33, 34, 35, 36, 37, 17, 18, 19, 20, 17, 38, 42, 43, 44, 45, 46, 13, 47, 50, 17, 18, 19, 20, 17, 51, 32, 33, 34, 35, 36, 37, 17, 18, 19, 20, 17, 38, 42, 43, 44, 45, 46, 13, 47, 48, 17, 18, 19, 20, 17, 51, 32, 33, 34, 35, 36, 37, 17, 18, 19, 20, 17, 38, 42, 43, 44, 45, 46, 13, 47, 48, 17, 18, 19, 20, 17, 51, 32, 33, 34, 35, 36, 37, 17, 18, 19, 20, 17, 38, 42, 43, 44, 45, 46, 13, 47, 48, 17, 18, 19, 20, 17, 51, 32, 33, 34, 35, 38, 42, 43, 44, 45, 51, 32, 33, 34, 35, 36, 37, 17, 18, 19, 20, 17, 38, 42, 43, 44, 45, 51, 32, 33, 34, 35, 36, 37, 17, 18, 19, 20, 17, 38, 42, 43, 44, 45, 46, 13, 47, 50, 17, 18, 19, 20, 17, 51, 32, 33, 34, 35, 36, 37, 17, 18, 19, 20, 17, 38, 42, 43, 44, 45, 46, 13, 47, 48, 17, 18, 19, 20, 17, 51, 32, 33, 34, 35, 36, 37, 17, 18, 19, 20, 17, 38, 42, 43, 44, 45, 46, 13, 47, 50, 17, 18, 19, 20, 17, 51, 32, 33, 34, 35, 36, 37, 17, 18, 19, 20, 17, 38, 42, 43, 44, 45, 46, 13, 47, 50, 17, 18, 19, 20, 17, 51, 32, 33, 34, 35, 36, 37, 17, 18, 19, 20, 17, 38, 42, 43, 44, 45, 46, 13, 47, 50, 17, 18, 19, 20, 17, 51, 32, 33, 34, 35, 38, 42, 43, 44, 45, 46, 13, 47, 50, 17, 18, 19, 20, 17, 51, 32, 33, 34, 35, 36, 37, 17, 18, 19, 20, 17, 38, 42, 43, 44, 45, 51, 32, 33, 34, 35, 38, 42, 43, 44, 45, 46, 13, 47, 48, 17, 18, 19, 20, 17, 51, 32, 33, 34, 35, 36, 37, 17, 18, 19, 20, 17, 38, 42, 43, 44, 45, 46, 13, 47, 48, 17, 18, 19, 20, 17, 51, 32, 33, 34, 35, 36, 37, 17, 18, 19, 20, 17, 38, 42, 43, 44, 45, 46, 13, 47, 50, 17, 18, 19, 20, 17, 51, 32, 33, 34, 35, 36, 37, 17, 18, 19, 20, 17, 38, 42, 43, 44, 45, 46, 13, 47, 50, 17, 18, 19, 20, 17, 51, 32, 33, 34, 35, 36, 37, 17, 18, 19, 20, 17, 38, 42, 43, 44, 45, 46, 13, 47, 48, 17, 18, 19, 20, 17, 51, 32, 33, 34, 35, 36, 37, 17, 18, 19, 20, 17, 38, 42, 43, 44, 45, 46, 13, 47, 48, 17, 18, 19, 20, 17, 51, 32, 33, 34, 35, 36, 37, 17, 18, 19, 20, 17, 38, 42, 43, 44, 45, 46, 13, 47, 48, 17, 18, 19, 20, 17, 51, 32, 33, 34, 35, 36, 37, 17, 18, 19, 20, 17, 38, 42, 43, 44, 45, 46, 13, 47, 50, 17, 18, 19, 20, 17, 51, 32, 33, 34, 35, 36, 37, 17, 18, 19, 20, 17, 38, 42, 43, 44, 45, 46, 13, 47, 48, 17, 18, 19, 20, 17, 51, 32, 33, 34, 35, 36, 37, 17, 18, 19, 20, 17, 38, 42, 43, 44, 45, 46, 13, 47, 48, 17, 18, 19, 20, 17, 51, 32, 33, 34, 35, 36, 37, 17, 18, 19, 20, 17, 38, 32, 33, 34, 35, 36, 37, 17, 18, 19, 20, 17, 38, 42, 43, 44, 45, 46, 13, 47, 48, 17, 18, 19, 20, 17, 51, 32, 33, 34, 35, 36, 37, 17, 18, 19, 20, 17, 38, 42, 43, 44, 45, 46, 13, 47, 48, 17, 18, 19, 20, 17, 51, 32, 33, 34, 35, 36, 37, 17, 18, 19, 20, 17, 38, 42, 43, 44, 45, 46, 13, 47, 48, 17, 18, 19, 20, 17, 51, 32, 33, 34, 35, 36, 37, 17, 18, 19, 20, 17, 38, 42, 43, 44, 45, 46, 13, 47, 50, 17, 18, 19, 20, 17, 51, 32, 33, 34, 35, 36, 37, 17, 18, 19, 20, 17, 38, 42, 43, 44, 45, 46, 13, 47, 50, 17, 18, 19, 20, 17, 51, 32, 33, 34, 35, 36, 37, 17, 18, 19, 20, 17, 38, 42, 43, 44, 45, 46, 13, 47, 48, 17, 18, 19, 20, 17, 51, 32, 33, 34, 35, 38, 42, 43, 44, 45, 46, 13, 47, 48, 17, 18, 19, 20, 17, 51, 32, 33, 34, 35, 36, 37, 17, 18, 19, 20, 17, 38, 42, 43, 44, 45, 46, 13, 47, 48, 17, 18, 19, 20, 17, 51, 32, 33, 34, 35, 36, 37, 17, 18, 19, 20, 17, 38, 42, 43, 44, 45, 46, 13, 47, 48, 17, 18, 19, 20, 17, 51, 32, 33, 34, 35, 36, 37, 17, 18, 19, 20, 17, 38, 42, 43, 44, 45, 46, 13, 47, 48, 17, 18, 19, 20, 17, 51, 32, 33, 34, 35, 36, 37, 17, 18, 19, 20, 17, 38, 42, 43, 44, 45, 46, 13, 47, 50, 17, 18, 19, 20, 17, 51, 32, 33, 34, 35, 36, 37, 17, 18, 19, 20, 17, 38, 42, 43, 44, 45, 46, 13, 47, 50, 17, 18, 19, 20, 17, 51, 32, 33, 34, 35, 36, 37, 17, 18, 19, 20, 17, 38, 42, 43, 44, 45, 46, 13, 47, 50, 17, 18, 19, 20, 17, 51, 32, 33, 34, 35, 36, 37, 17, 18, 19, 20, 17, 38, 42, 43, 44, 45, 46, 13, 47, 50, 17, 18, 19, 20, 17, 51, 32, 33, 34, 35, 36, 37, 17, 18, 19, 20, 17, 38, 42, 43, 44, 45, 46, 13, 47, 50, 17, 18, 19, 20, 17, 51, 32, 33, 34, 35, 36, 37, 17, 18, 19, 20, 17, 38, 42, 43, 44, 45, 46, 13, 47, 48, 17, 18, 19, 20, 17, 51, 32, 33, 34, 35, 36, 37, 17, 18, 19, 20, 17, 38, 42, 43, 44, 45, 46, 13, 47, 50, 17, 18, 19, 20, 17, 51, 32, 33, 34, 35, 36, 37, 17, 18, 19, 20, 17, 38, 42, 43, 44, 45, 46, 13, 47, 48, 17, 18, 19, 20, 17, 51, 32, 33, 34, 35, 36, 37, 17, 18, 19, 20, 17, 38, 42, 43, 44, 45, 46, 13, 47, 50, 17, 18, 19, 20, 17, 51, 32, 33, 34, 35, 38, 42, 43, 44, 45, 46, 13, 47, 50, 17, 18, 19, 20, 17, 51, 32, 33, 34, 35, 36, 37, 17, 18, 19, 20, 17, 38, 42, 43, 44, 45, 46, 13, 47, 48, 17, 18, 19, 20, 17, 51, 32, 33, 34, 35, 36, 37, 17, 18, 19, 20, 17, 38, 42, 43, 44, 45, 46, 13, 47, 50, 17, 18, 19, 20, 17, 51, 32, 33, 34, 35, 36, 37, 17, 18, 19, 20, 17, 38, 42, 43, 44, 45, 46, 13, 47, 48, 17, 18, 19, 20, 17, 51, 32, 33, 34, 35, 36, 37, 17, 18, 19, 20, 17, 38, 42, 43, 44, 45, 51, 32, 33, 34, 35, 38, 42, 43, 44, 45, 46, 13, 47, 48, 17, 18, 19, 20, 17, 51, 32, 33, 34, 35, 36, 37, 17, 18, 19, 20, 17, 38, 42, 43, 44, 45, 46, 13, 47, 48, 17, 18, 19, 20, 17, 51, 32, 33, 34, 35, 36, 37, 17, 18, 19, 20, 17, 38, 42, 43, 44, 45, 46, 13, 47, 48, 17, 18, 19, 20, 17, 51, 32, 33, 34, 35, 38, 42, 43, 44, 45, 46, 13, 47, 50, 17, 18, 19, 20, 17, 51, 32, 33, 34, 35, 36, 37, 17, 18, 19, 20, 17, 38, 42, 43, 44, 45, 46, 13, 47, 50, 17, 18, 19, 20, 17, 51, 32, 33, 34, 35, 36, 37, 17, 18, 19, 20, 17, 38, 42, 43, 44, 45, 46, 13, 47, 50, 17, 18, 19, 20, 17, 51, 32, 33, 34, 35, 36, 37, 17, 18, 19, 20, 17, 38, 42, 43, 44, 45, 46, 13, 47, 50, 17, 18, 19, 20, 17, 51, 82, 79, 83, 88, 32, 89, 42, )]",False,0.00017215160818293977
atomic-updates,Concurrency_prepared,"[61, 64, 67, 68, 71, 72, 78, 54, 24, 25, 26, 27, 25, 26, 27, 25, 26, 27, 25, 26, 27, 25, 26, 27, 25, 26, 27, 25, 26, 27, 25, 26, 27, 55, 56, 55, 56, 55, 56, 55, 56, 55, 56, 55, 56, 55, 56, 55, 56, 55, 56, 55, 56, 57, 80, 78, 54, 24, 25, 26, 27, 25, 26, 27, 25, 26, 27, 25, 26, 27, 25, 26, 27, 25, 26, 27, 25, 26, 27, 25, 26, 27, 55, 56, 55, 56, 55, 56, 55, 56, 55, 56, 55, 56, 55, 56, 55, 56, 55, 56, 55, 56, 57, 80, 78, 54, 24, 25, 26, 27, 25, 26, 27, 25, 26, 27, 25, 26, 27, 25, 26, 27, 25, 26, 27, 25, 26, 27, 55, 56, 55, 56, 55, 56, 55, 56, 55, 56, 55, 56, 55, 56, 55, 56, 55, 56, 55, 56, 57, 80, 78, 54, 24, 25, 26, 27, 25, 26, 27, 25, 26, 27, 25, 26, 27, 25, 26, 27, 25, 26, 27, 25, 26, 27, 55, 56, 55, 56, 55, 56, 55, 56, 55, 56, 55, 56, 55, 56, 55, 56, 55, 56, 55, 56, 57, 80, 78, 54, 24, 25, 26, 27, 25, 26, 27, 25, 26, 27, 25, 26, 27, 25, 26, 27, 25, 26, 27, 25, 26, 27, 55, 56, 55, 56, 55, 56, 55, 56, 55, 56, 55, 56, 55, 56, 55, 56, 55, 56, 55, 56, 57, 80, 78, 54, 24, 25, 26, 27, 25, 26, 27, 25, 26, 27, 25, 26, 27, 25, 26, 27, 25, 26, 27, 25, 26, 27, 55, 56, 55, 56, 55, 56, 55, 56, 55, 56, 55, 56, 55, 56, 55, 56, 55, 56, 55, 56, 57, 80, 78, 54, 24, 25, 26, 27, 25, 26, 27, 25, 26, 27, 25, 26, 27, 25, 26, 27, 25, 26, 27, 25, 26, 27, 55, 56, 55, 56, 55, 56, 55, 56, 55, 56, 55, 56, 55, 56, 55, 56, 55, 56, 55, 56, 57, 82, (, 87, 88, )]","[61, 7, 8, 10, 64, 67, (, 68, 31, 32, 33, 34, 35, 36, 37, 17, 18, 19, 20, 17, 38, 71, 72, 41, 42, 43, 44, 45, 51, 74, 75, 77, 78, 79, 54, 24, 25, 26, 27, 26, 25, 26, 27, 26, 25, 26, 27, 26, 25, 26, 27, 26, 25, 26, 27, 26, 25, 26, 27, 26, 25, 26, 27, 26, 25, 26, 27, 26, 25, 26, 27, 26, 25, 26, 27, 26, 25, 28, 55, 56, 55, 56, 55, 56, 55, 56, 55, 56, 55, 56, 55, 56, 55, 56, 55, 56, 55, 56, 55, 57, 80, 32, 33, 34, 35, 36, 37, 17, 18, 19, 20, 17, 38, 42, 43, 44, 45, 46, 13, 47, 48, 17, 18, 19, 20, 17, 51, 32, 33, 34, 35, 36, 37, 17, 18, 19, 20, 17, 38, 42, 43, 44, 45, 46, 13, 47, 48, 17, 18, 19, 20, 17, 51, 32, 33, 34, 35, 36, 37, 17, 18, 19, 20, 17, 38, 42, 43, 44, 45, 46, 13, 47, 48, 17, 18, 19, 20, 17, 51, 32, 33, 34, 35, 36, 37, 17, 18, 19, 20, 17, 38, 42, 43, 44, 45, 46, 13, 47, 50, 17, 18, 19, 20, 17, 51, 32, 33, 34, 35, 36, 37, 17, 18, 19, 20, 17, 38, 42, 43, 44, 45, 46, 13, 47, 50, 17, 18, 19, 20, 17, 51, 32, 33, 34, 35, 38, 42, 43, 44, 45, 46, 13, 47, 48, 17, 18, 19, 20, 17, 51, 32, 33, 34, 35, 36, 37, 17, 18, 19, 20, 17, 38, 42, 43, 44, 45, 46, 13, 47, 50, 17, 18, 19, 20, 17, 51, 32, 33, 34, 35, 36, 37, 17, 18, 19, 20, 17, 38, 42, 43, 44, 45, 46, 13, 47, 48, 17, 18, 19, 20, 17, 51, 32, 33, 34, 35, 38, 42, 43, 44, 45, 46, 13, 47, 50, 17, 18, 19, 20, 17, 51, 32, 33, 34, 35, 36, 37, 17, 18, 19, 20, 17, 38, 42, 43, 44, 45, 46, 13, 47, 50, 17, 18, 19, 20, 17, 51, 32, 33, 34, 35, 38, 42, 43, 44, 45, 46, 13, 47, 48, 17, 18, 19, 20, 17, 51, 32, 33, 34, 35, 36, 37, 17, 18, 19, 20, 17, 38, 42, 43, 44, 45, 46, 13, 47, 50, 17, 18, 19, 20, 17, 51, 32, 33, 34, 35, 36, 37, 17, 18, 19, 20, 17, 38, 42, 43, 44, 45, 46, 13, 47, 50, 17, 18, 19, 20, 17, 51, 32, 33, 34, 35, 36, 37, 17, 18, 19, 20, 17, 38, 42, 43, 44, 45, 46, 13, 47, 48, 17, 18, 19, 20, 17, 51, 32, 33, 34, 35, 38, 42, 43, 44, 45, 51, 32, 33, 34, 35, 36, 37, 17, 18, 19, 20, 17, 38, 42, 43, 44, 45, 51, 42, 43, 44, 45, 51, 32, 33, 34, 35, 36, 37, 17, 18, 19, 20, 17, 38, 42, 43, 44, 45, 46, 13, 47, 50, 17, 18, 19, 20, 17, 51, 32, 33, 34, 35, 38, 32, 33, 34, 35, 36, 37, 17, 18, 19, 20, 17, 38, 42, 43, 44, 45, 46, 13, 47, 50, 17, 18, 19, 20, 17, 51, 42, 43, 44, 45, 46, 13, 47, 50, 17, 18, 19, 20, 17, 51, 32, 33, 34, 35, 36, 37, 17, 18, 19, 20, 17, 38, 42, 43, 44, 45, 46, 13, 47, 50, 17, 18, 19, 20, 17, 51, 32, 33, 34, 35, 36, 37, 17, 18, 19, 20, 17, 38, 42, 43, 44, 45, 51, 32, 33, 34, 35, 36, 37, 17, 18, 19, 20, 17, 38, 42, 43, 44, 45, 46, 13, 47, 50, 17, 18, 19, 20, 17, 51, 32, 33, 34, 35, 36, 37, 17, 18, 19, 20, 17, 38, 42, 43, 44, 45, 46, 13, 47, 50, 17, 18, 19, 20, 17, 51, 32, 33, 34, 35, 36, 37, 17, 18, 19, 20, 17, 38, 32, 33, 34, 35, 36, 37, 17, 18, 19, 20, 17, 38, 42, 43, 44, 45, 46, 13, 47, 50, 17, 18, 19, 20, 17, 51, 42, 43, 44, 45, 46, 13, 47, 48, 17, 18, 19, 20, 17, 51, 32, 33, 34, 35, 36, 37, 17, 18, 19, 20, 17, 38, 42, 43, 44, 45, 46, 13, 47, 48, 17, 18, 19, 20, 17, 51, 32, 33, 34, 35, 36, 37, 17, 18, 19, 20, 17, 38, 32, 33, 34, 35, 36, 37, 17, 18, 19, 20, 17, 38, 42, 43, 44, 45, 46, 13, 47, 50, 17, 18, 19, 20, 17, 51, 32, 33, 34, 35, 38, 42, 43, 44, 45, 46, 13, 47, 48, 17, 18, 19, 20, 17, 51, 32, 33, 34, 35, 36, 37, 17, 18, 19, 20, 17, 38, 42, 43, 44, 45, 46, 13, 47, 48, 17, 18, 19, 20, 17, 51, 42, 43, 44, 45, 46, 13, 47, 48, 17, 18, 19, 20, 17, 51, 32, 33, 34, 35, 38, 32, 33, 34, 35, 36, 37, 17, 18, 19, 20, 17, 38, 42, 43, 44, 45, 51, 32, 33, 34, 35, 36, 37, 17, 18, 19, 20, 17, 38, 42, 43, 44, 45, 46, 13, 47, 50, 17, 18, 19, 20, 17, 51, 32, 33, 34, 35, 36, 37, 17, 18, 19, 20, 17, 38, 42, 43, 44, 45, 46, 13, 47, 48, 17, 18, 19, 20, 17, 51, 42, 43, 44, 45, 51, 32, 33, 34, 35, 36, 37, 17, 18, 19, 20, 17, 38, 42, 43, 44, 45, 46, 13, 47, 50, 17, 18, 19, 20, 17, 51, 32, 33, 34, 35, 36, 37, 17, 18, 19, 20, 17, 38, 42, 43, 44, 45, 46, 13, 47, 50, 17, 18, 19, 20, 17, 51, 32, 33, 34, 35, 36, 37, 17, 18, 19, 20, 17, 38, 42, 43, 44, 45, 46, 13, 47, 50, 17, 18, 19, 20, 17, 51, 32, 33, 34, 35, 36, 37, 17, 18, 19, 20, 17, 38, 32, 33, 34, 35, 36, 37, 17, 18, 19, 20, 17, 38, 42, 43, 44, 45, 46, 13, 47, 50, 17, 18, 19, 20, 17, 51, 42, 43, 44, 45, 51, 32, 33, 34, 35, 36, 37, 17, 18, 19, 20, 17, 38, 42, 43, 44, 45, 46, 13, 47, 48, 17, 18, 19, 20, 17, 51, 32, 33, 34, 35, 36, 37, 17, 18, 19, 20, 17, 38, 32, 33, 34, 35, 36, 37, 17, 18, 19, 20, 17, 38, 42, 43, 44, 45, 46, 13, 47, 48, 17, 18, 19, 20, 17, 51, 42, 43, 44, 45, 46, 13, 47, 50, 17, 18, 19, 20, 17, 51, 32, 33, 34, 35, 36, 37, 17, 18, 19, 20, 17, 38, 42, 43, 44, 45, 46, 13, 47, 48, 17, 18, 19, 20, 17, 51, 32, 33, 34, 35, 36, 37, 17, 18, 19, 20, 17, 38, 42, 43, 44, 45, 46, 13, 47, 48, 17, 18, 19, 20, 17, 51, 32, 33, 34, 35, 36, 37, 17, 18, 19, 20, 17, 38, 42, 43, 44, 45, 46, 13, 47, 48, 17, 18, 19, 20, 17, 51, 32, 33, 34, 35, 36, 37, 17, 18, 19, 20, 17, 38, 42, 43, 44, 45, 46, 13, 47, 48, 17, 18, 19, 20, 17, 51, 32, 33, 34, 35, 36, 37, 17, 18, 19, 20, 17, 38, 42, 43, 44, 45, 46, 13, 47, 48, 17, 18, 19, 20, 17, 51, 32, 33, 34, 35, 36, 37, 17, 18, 19, 20, 17, 38, 42, 43, 44, 45, 46, 13, 47, 50, 17, 18, 19, 20, 17, 51, 32, 33, 34, 35, 36, 37, 17, 18, 19, 20, 17, 38, 42, 43, 44, 45, 46, 13, 47, 48, 17, 18, 19, 20, 17, 51, 32, 33, 34, 35, 38, 42, 43, 44, 45, 46, 13, 47, 50, 17, 18, 19, 20, 17, 51, 32, 33, 34, 35, 36, 37, 17, 18, 19, 20, 17, 38, 42, 43, 44, 45, 51, 32, 33, 34, 35, 36, 37, 17, 18, 19, 20, 17, 38, 42, 43, 44, 45, 46, 13, 47, 48, 17, 18, 19, 20, 17, 51, 32, 33, 34, 35, 36, 37, 17, 18, 19, 20, 17, 38, 42, 43, 44, 45, 46, 13, 47, 48, 17, 18, 19, 20, 17, 51, 32, 33, 34, 35, 36, 37, 17, 18, 19, 20, 17, 38, 42, 43, 44, 45, 46, 13, 47, 50, 17, 18, 19, 20, 17, 51, 32, 33, 34, 35, 36, 37, 17, 18, 19, 20, 17, 38, 42, 43, 44, 45, 46, 13, 47, 48, 17, 18, 19, 20, 17, 51, 32, 33, 34, 35, 36, 37, 17, 18, 19, 20, 17, 38, 42, 43, 44, 45, 51, 32, 33, 34, 35, 36, 37, 17, 18, 19, 20, 17, 38, 42, 43, 44, 45, 46, 13, 47, 50, 17, 18, 19, 20, 17, 51, 32, 33, 34, 35, 36, 37, 17, 18, 19, 20, 17, 38, 42, 43, 44, 45, 46, 13, 47, 48, 17, 18, 19, 20, 17, 51, 32, 33, 34, 35, 36, 37, 17, 18, 19, 20, 17, 38, 42, 43, 44, 45, 46, 13, 47, 48, 17, 18, 19, 20, 17, 51, 32, 33, 34, 35, 36, 37, 17, 18, 19, 20, 17, 38, 42, 43, 44, 45, 51, 32, 33, 34, 35, 36, 37, 17, 18, 19, 20, 17, 38, 42, 43, 44, 45, 46, 13, 47, 48, 17, 18, 19, 20, 17, 51, 32, 33, 34, 35, 36, 37, 17, 18, 19, 20, 17, 38, 42, 43, 44, 45, 46, 13, 47, 48, 17, 18, 19, 20, 17, 51, 32, 33, 34, 35, 36, 37, 17, 18, 19, 20, 17, 38, 42, 43, 44, 45, 46, 13, 47, 48, 17, 18, 19, 20, 17, 51, 32, 33, 34, 35, 36, 37, 17, 18, 19, 20, 17, 38, 42, 43, 44, 45, 46, 13, 47, 48, 17, 18, 19, 20, 17, 51, 32, 33, 34, 35, 36, 37, 17, 18, 19, 20, 17, 38, 42, 43, 44, 45, 46, 13, 47, 48, 17, 18, 19, 20, 17, 51, 32, 33, 34, 35, 36, 37, 17, 18, 19, 20, 17, 38, 42, 43, 44, 45, 46, 13, 47, 50, 17, 18, 19, 20, 17, 51, 32, 33, 34, 35, 36, 37, 17, 18, 19, 20, 17, 38, 42, 43, 44, 45, 46, 13, 47, 50, 17, 18, 19, 20, 17, 51, 32, 33, 34, 35, 38, 42, 43, 44, 45, 51, 32, 33, 34, 35, 36, 37, 17, 18, 19, 20, 17, 38, 42, 43, 44, 45, 46, 13, 47, 50, 17, 18, 19, 20, 17, 51, 32, 33, 34, 35, 38, 42, 43, 44, 45, 46, 13, 47, 50, 17, 18, 19, 20, 17, 51, 32, 33, 34, 35, 36, 37, 17, 18, 19, 20, 17, 38, 42, 43, 44, 45, 46, 13, 47, 48, 17, 18, 19, 20, 17, 51, 32, 33, 34, 35, 36, 37, 17, 18, 19, 20, 17, 38, 42, 43, 44, 45, 46, 13, 47, 50, 17, 18, 19, 20, 17, 51, 32, 33, 34, 35, 36, 37, 17, 18, 19, 20, 17, 38, 42, 43, 44, 45, 46, 13, 47, 50, 17, 18, 19, 20, 17, 51, 32, 33, 34, 35, 36, 37, 17, 18, 19, 20, 17, 38, 42, 43, 44, 45, 51, 32, 33, 34, 35, 36, 37, 17, 18, 19, 20, 17, 38, 42, 43, 44, 45, 46, 13, 47, 50, 17, 18, 19, 20, 17, 51, 32, 33, 34, 35, 36, 37, 17, 18, 19, 20, 17, 38, 42, 43, 44, 45, 46, 13, 47, 50, 17, 18, 19, 20, 17, 51, 32, 33, 34, 35, 36, 37, 17, 18, 19, 20, 17, 38, 42, 43, 44, 45, 46, 13, 47, 48, 17, 18, 19, 20, 17, 51, 32, 33, 34, 35, 36, 37, 17, 18, 19, 20, 17, 38, 42, 43, 44, 45, 46, 13, 47, 48, 17, 18, 19, 20, 17, 51, 32, 33, 34, 35, 36, 37, 17, 18, 19, 20, 17, 38, 42, 43, 44, 45, 46, 13, 47, 48, 17, 18, 19, 20, 17, 51, 32, 33, 34, 35, 38, 42, 43, 44, 45, 46, 13, 47, 50, 17, 18, 19, 20, 17, 51, 32, 33, 34, 35, 36, 37, 17, 18, 19, 20, 17, 38, 42, 43, 44, 45, 46, 13, 47, 48, 17, 18, 19, 20, 17, 51, 32, 33, 34, 35, 36, 37, 17, 18, 19, 20, 17, 38, 42, 43, 44, 45, 46, 13, 47, 50, 17, 18, 19, 20, 17, 51, 32, 33, 34, 35, 38, 42, 43, 44, 45, 46, 13, 47, 48, 17, 18, 19, 20, 17, 51, 32, 33, 34, 35, 36, 37, 17, 18, 19, 20, 17, 38, 42, 43, 44, 45, 46, 13, 47, 48, 17, 18, 19, 20, 17, 51, 32, 33, 34, 35, 36, 37, 17, 18, 19, 20, 17, 38, 42, 43, 44, 45, 46, 13, 47, 50, 17, 18, 19, 20, 17, 51, 32, 33, 34, 35, 36, 37, 17, 18, 19, 20, 17, 38, 42, 43, 44, 45, 46, 13, 47, 48, 17, 18, 19, 20, 17, 51, 32, 33, 34, 35, 36, 37, 17, 18, 19, 20, 17, 38, 42, 43, 44, 45, 46, 13, 47, 50, 17, 18, 19, 20, 17, 51, 32, 33, 34, 35, 38, 42, 43, 44, 45, 46, 13, 47, 50, 17, 18, 19, 20, 17, 51, 32, 33, 34, 35, 36, 37, 17, 18, 19, 20, 17, 38, 42, 43, 44, 45, 46, 13, 47, 50, 17, 18, 19, 20, 17, 51, 32, 33, 34, 35, 38, 42, 43, 44, 45, 46, 13, 47, 50, 17, 18, 19, 20, 17, 51, 32, 33, 34, 35, 36, 37, 17, 18, 19, 20, 17, 38, 42, 43, 44, 45, 46, 13, 47, 50, 17, 18, 19, 20, 17, 51, 32, 33, 34, 35, 36, 37, 17, 18, 19, 20, 17, 38, 42, 43, 44, 45, 46, 13, 47, 48, 17, 18, 19, 20, 17, 51, 32, 33, 34, 35, 36, 37, 17, 18, 19, 20, 17, 38, 42, 43, 44, 45, 46, 13, 47, 48, 17, 18, 19, 20, 17, 51, 32, 33, 34, 35, 36, 37, 17, 18, 19, 20, 17, 38, 42, 43, 44, 45, 46, 13, 47, 48, 17, 18, 19, 20, 17, 51, 32, 33, 34, 35, 36, 37, 17, 18, 19, 20, 17, 38, 81, 78, 79, 54, 24, 25, 26, 27, 26, 25, 26, 27, 26, 25, 26, 27, 26, 25, 26, 27, 26, 25, 26, 27, 26, 25, 26, 27, 26, 25, 26, 27, 26, 25, 26, 27, 26, 25, 26, 27, 26, 25, 26, 27, 26, 25, 28, 55, 56, 55, 56, 55, 56, 55, 56, 55, 56, 55, 56, 55, 56, 55, 56, 55, 56, 55, 56, 55, 57, 80, 42, 43, 44, 45, 46, 13, 47, 50, 17, 18, 19, 20, 17, 51, 32, 33, 34, 35, 36, 37, 17, 18, 19, 20, 17, 38, 42, 43, 44, 45, 46, 13, 47, 50, 17, 18, 19, 20, 17, 51, 32, 33, 34, 35, 36, 37, 17, 18, 19, 20, 17, 38, 42, 43, 44, 45, 46, 13, 47, 48, 17, 18, 19, 20, 17, 51, 32, 33, 34, 35, 38, 42, 43, 44, 45, 46, 13, 47, 50, 17, 18, 19, 20, 17, 51, 32, 33, 34, 35, 36, 37, 17, 18, 19, 20, 17, 38, 42, 43, 44, 45, 46, 13, 47, 48, 17, 18, 19, 20, 17, 51, 32, 33, 34, 35, 36, 37, 17, 18, 19, 20, 17, 38, 42, 43, 44, 45, 46, 13, 47, 50, 17, 18, 19, 20, 17, 51, 32, 33, 34, 35, 36, 37, 17, 18, 19, 20, 17, 38, 42, 43, 44, 45, 46, 13, 47, 50, 17, 18, 19, 20, 17, 51, 32, 33, 34, 35, 36, 37, 17, 18, 19, 20, 17, 38, 42, 43, 44, 45, 46, 13, 47, 50, 17, 18, 19, 20, 17, 51, 32, 33, 34, 35, 36, 37, 17, 18, 19, 20, 17, 38, 42, 43, 44, 45, 46, 13, 47, 48, 17, 18, 19, 20, 17, 51, 32, 33, 34, 35, 36, 37, 17, 18, 19, 20, 17, 38, 42, 43, 44, 45, 46, 13, 47, 48, 17, 18, 19, 20, 17, 51, 32, 33, 34, 35, 36, 37, 17, 18, 19, 20, 17, 38, 42, 43, 44, 45, 46, 13, 47, 50, 17, 18, 19, 20, 17, 51, 32, 33, 34, 35, 36, 37, 17, 18, 19, 20, 17, 38, 42, 43, 44, 45, 46, 13, 47, 48, 17, 18, 19, 20, 17, 51, 32, 33, 34, 35, 38, 42, 43, 44, 45, 46, 13, 47, 48, 17, 18, 19, 20, 17, 51, 32, 33, 34, 35, 36, 37, 17, 18, 19, 20, 17, 38, 42, 43, 44, 45, 46, 13, 47, 50, 17, 18, 19, 20, 17, 51, 32, 33, 34, 35, 36, 37, 17, 18, 19, 20, 17, 38, 42, 43, 44, 45, 46, 13, 47, 50, 17, 18, 19, 20, 17, 51, 32, 33, 34, 35, 36, 37, 17, 18, 19, 20, 17, 38, 42, 43, 44, 45, 46, 13, 47, 50, 17, 18, 19, 20, 17, 51, 32, 33, 34, 35, 38, 32, 33, 34, 35, 36, 37, 17, 18, 19, 20, 17, 38, 42, 43, 44, 45, 46, 13, 47, 48, 17, 18, 19, 20, 17, 51, 42, 43, 44, 45, 46, 13, 47, 50, 17, 18, 19, 20, 17, 51, 32, 33, 34, 35, 36, 37, 17, 18, 19, 20, 17, 38, 42, 43, 44, 45, 46, 13, 47, 50, 17, 18, 19, 20, 17, 51, 32, 33, 34, 35, 36, 37, 17, 18, 19, 20, 17, 38, 42, 43, 44, 45, 46, 13, 47, 50, 17, 18, 19, 20, 17, 51, 32, 33, 34, 35, 36, 37, 17, 18, 19, 20, 17, 38, 42, 43, 44, 45, 46, 13, 47, 48, 17, 18, 19, 20, 17, 51, 32, 33, 34, 35, 38, 42, 43, 44, 45, 46, 13, 47, 48, 17, 18, 19, 20, 17, 51, 32, 33, 34, 35, 36, 37, 17, 18, 19, 20, 17, 38, 42, 43, 44, 45, 46, 13, 47, 50, 17, 18, 19, 20, 17, 51, 32, 33, 34, 35, 36, 37, 17, 18, 19, 20, 17, 38, 42, 43, 44, 45, 46, 13, 47, 48, 17, 18, 19, 20, 17, 51, 32, 33, 34, 35, 36, 37, 17, 18, 19, 20, 17, 38, 42, 43, 44, 45, 46, 13, 47, 50, 17, 18, 19, 20, 17, 51, 32, 33, 34, 35, 36, 37, 17, 18, 19, 20, 17, 38, 42, 43, 44, 45, 51, 32, 33, 34, 35, 36, 37, 17, 18, 19, 20, 17, 38, 42, 43, 44, 45, 46, 13, 47, 50, 17, 18, 19, 20, 17, 51, 32, 33, 34, 35, 36, 37, 17, 18, 19, 20, 17, 38, 42, 43, 44, 45, 46, 13, 47, 48, 17, 18, 19, 20, 17, 51, 32, 33, 34, 35, 36, 37, 17, 18, 19, 20, 17, 38, 42, 43, 44, 45, 46, 13, 47, 50, 17, 18, 19, 20, 17, 51, 32, 33, 34, 35, 36, 37, 17, 18, 19, 20, 17, 38, 42, 43, 44, 45, 51, 32, 33, 34, 35, 36, 37, 17, 18, 19, 20, 17, 38, 42, 43, 44, 45, 46, 13, 47, 48, 17, 18, 19, 20, 17, 51, 32, 33, 34, 35, 36, 37, 17, 18, 19, 20, 17, 38, 32, 33, 34, 35, 36, 37, 17, 18, 19, 20, 17, 38, 42, 43, 44, 45, 46, 13, 47, 48, 17, 18, 19, 20, 17, 51, 32, 33, 34, 35, 36, 37, 17, 18, 19, 20, 17, 38, 42, 43, 44, 45, 46, 13, 47, 48, 17, 18, 19, 20, 17, 51, 32, 33, 34, 35, 36, 37, 17, 18, 19, 20, 17, 38, 42, 43, 44, 45, 46, 13, 47, 48, 17, 18, 19, 20, 17, 51, 32, 33, 34, 35, 36, 37, 17, 18, 19, 20, 17, 38, 42, 43, 44, 45, 46, 13, 47, 50, 17, 18, 19, 20, 17, 51, 32, 33, 34, 35, 36, 37, 17, 18, 19, 20, 17, 38, 42, 43, 44, 45, 46, 13, 47, 48, 17, 18, 19, 20, 17, 51, 32, 33, 34, 35, 36, 37, 17, 18, 19, 20, 17, 38, 42, 43, 44, 45, 46, 13, 47, 48, 17, 18, 19, 20, 17, 51, 32, 33, 34, 35, 36, 37, 17, 18, 19, 20, 17, 38, 42, 43, 44, 45, 46, 13, 47, 50, 17, 18, 19, 20, 17, 51, 32, 33, 34, 35, 36, 37, 17, 18, 19, 20, 17, 38, 42, 43, 44, 45, 46, 13, 47, 50, 17, 18, 19, 20, 17, 51, 32, 33, 34, 35, 36, 37, 17, 18, 19, 20, 17, 38, 42, 43, 44, 45, 46, 13, 47, 48, 17, 18, 19, 20, 17, 51, 32, 33, 34, 35, 36, 37, 17, 18, 19, 20, 17, 38, 42, 43, 44, 45, 46, 13, 47, 48, 17, 18, 19, 20, 17, 51, 32, 33, 34, 35, 36, 37, 17, 18, 19, 20, 17, 38, 42, 43, 44, 45, 46, 13, 47, 50, 17, 18, 19, 20, 17, 51, 42, 43, 44, 45, 46, 13, 47, 50, 17, 18, 19, 20, 17, 51, 32, 33, 34, 35, 36, 37, 17, 18, 19, 20, 17, 38, 42, 43, 44, 45, 46, 13, 47, 50, 17, 18, 19, 20, 17, 51, 32, 33, 34, 35, 38, 42, 43, 44, 45, 46, 13, 47, 48, 17, 18, 19, 20, 17, 51, 32, 33, 34, 35, 36, 37, 17, 18, 19, 20, 17, 38, 42, 43, 44, 45, 46, 13, 47, 50, 17, 18, 19, 20, 17, 51, 32, 33, 34, 35, 36, 37, 17, 18, 19, 20, 17, 38, 42, 43, 44, 45, 46, 13, 47, 48, 17, 18, 19, 20, 17, 51, 32, 33, 34, 35, 36, 37, 17, 18, 19, 20, 17, 38, 42, 43, 44, 45, 46, 13, 47, 48, 17, 18, 19, 20, 17, 51, 32, 33, 34, 35, 36, 37, 17, 18, 19, 20, 17, 38, 42, 43, 44, 45, 46, 13, 47, 50, 17, 18, 19, 20, 17, 51, 32, 33, 34, 35, 36, 37, 17, 18, 19, 20, 17, 38, 42, 43, 44, 45, 46, 13, 47, 48, 17, 18, 19, 20, 17, 51, 32, 33, 34, 35, 36, 37, 17, 18, 19, 20, 17, 38, 42, 43, 44, 45, 46, 13, 47, 48, 17, 18, 19, 20, 17, 51, 32, 33, 34, 35, 36, 37, 17, 18, 19, 20, 17, 38, 42, 43, 44, 45, 46, 13, 47, 48, 17, 18, 19, 20, 17, 51, 32, 33, 34, 35, 38, 42, 43, 44, 45, 46, 13, 47, 48, 17, 18, 19, 20, 17, 51, 32, 33, 34, 35, 36, 37, 17, 18, 19, 20, 17, 38, 42, 43, 44, 45, 46, 13, 47, 48, 17, 18, 19, 20, 17, 51, 32, 33, 34, 35, 36, 37, 17, 18, 19, 20, 17, 38, 42, 43, 44, 45, 46, 13, 47, 50, 17, 18, 19, 20, 17, 51, 32, 33, 34, 35, 36, 37, 17, 18, 19, 20, 17, 38, 42, 43, 44, 45, 46, 13, 47, 48, 17, 18, 19, 20, 17, 51, 32, 33, 34, 35, 36, 37, 17, 18, 19, 20, 17, 38, 42, 43, 44, 45, 46, 13, 47, 48, 17, 18, 19, 20, 17, 51, 32, 33, 34, 35, 36, 37, 17, 18, 19, 20, 17, 38, 42, 43, 44, 45, 46, 13, 47, 48, 17, 18, 19, 20, 17, 51, 32, 33, 34, 35, 38, 42, 43, 44, 45, 51, 32, 33, 34, 35, 36, 37, 17, 18, 19, 20, 17, 38, 42, 43, 44, 45, 51, 32, 33, 34, 35, 36, 37, 17, 18, 19, 20, 17, 38, 42, 43, 44, 45, 46, 13, 47, 50, 17, 18, 19, 20, 17, 51, 32, 33, 34, 35, 36, 37, 17, 18, 19, 20, 17, 38, 42, 43, 44, 45, 46, 13, 47, 48, 17, 18, 19, 20, 17, 51, 32, 33, 34, 35, 36, 37, 17, 18, 19, 20, 17, 38, 42, 43, 44, 45, 46, 13, 47, 48, 17, 18, 19, 20, 17, 51, 32, 33, 34, 35, 36, 37, 17, 18, 19, 20, 17, 38, 42, 43, 44, 45, 46, 13, 47, 48, 17, 18, 19, 20, 17, 51, 32, 33, 34, 35, 36, 37, 17, 18, 19, 20, 17, 38, 42, 43, 44, 45, 46, 13, 47, 48, 17, 18, 19, 20, 17, 51, 32, 33, 34, 35, 36, 37, 17, 18, 19, 20, 17, 38, 42, 43, 44, 45, 51, 32, 33, 34, 35, 36, 37, 17, 18, 19, 20, 17, 38, 42, 43, 44, 45, 46, 13, 47, 48, 17, 18, 19, 20, 17, 51, 32, 33, 34, 35, 36, 37, 17, 18, 19, 20, 17, 38, 42, 43, 44, 45, 51, 32, 33, 34, 35, 36, 37, 17, 18, 19, 20, 17, 38, 42, 43, 44, 45, 46, 13, 47, 48, 17, 18, 19, 20, 17, 51, 32, 33, 34, 35, 38, 42, 43, 44, 45, 46, 13, 47, 48, 17, 18, 19, 20, 17, 51, 32, 33, 34, 35, 36, 37, 17, 18, 19, 20, 17, 38, 42, 43, 44, 45, 46, 13, 47, 48, 17, 18, 19, 20, 17, 51, 32, 33, 34, 35, 36, 37, 17, 18, 19, 20, 17, 38, 42, 43, 44, 45, 46, 13, 47, 50, 17, 18, 19, 20, 17, 51, 32, 33, 34, 35, 36, 37, 17, 18, 19, 20, 17, 38, 42, 43, 44, 45, 46, 13, 47, 50, 17, 18, 19, 20, 17, 51, 32, 33, 34, 35, 38, 42, 43, 44, 45, 46, 13, 47, 48, 17, 18, 19, 20, 17, 51, 32, 33, 34, 35, 36, 37, 17, 18, 19, 20, 17, 38, 42, 43, 44, 45, 46, 13, 47, 50, 17, 18, 19, 20, 17, 51, 32, 33, 34, 35, 36, 37, 17, 18, 19, 20, 17, 38, 42, 43, 44, 45, 46, 13, 47, 50, 17, 18, 19, 20, 17, 51, 32, 33, 34, 35, 36, 37, 17, 18, 19, 20, 17, 38, 42, 43, 44, 45, 46, 13, 47, 50, 17, 18, 19, 20, 17, 51, 32, 33, 34, 35, 38, 42, 43, 44, 45, 46, 13, 47, 48, 17, 18, 19, 20, 17, 51, 32, 33, 34, 35, 36, 37, 17, 18, 19, 20, 17, 38, 42, 43, 44, 45, 51, 32, 33, 34, 35, 36, 37, 17, 18, 19, 20, 17, 38, 42, 43, 44, 45, 51, 32, 33, 34, 35, 36, 37, 17, 18, 19, 20, 17, 38, 42, 43, 44, 45, 46, 13, 47, 48, 17, 18, 19, 20, 17, 51, 32, 33, 34, 35, 36, 37, 17, 18, 19, 20, 17, 38, 42, 43, 44, 45, 46, 13, 47, 50, 17, 18, 19, 20, 17, 51, 32, 33, 34, 35, 36, 37, 17, 18, 19, 20, 17, 38, 42, 43, 44, 45, 46, 13, 47, 50, 17, 18, 19, 20, 17, 51, 32, 33, 34, 35, 36, 37, 17, 18, 19, 20, 17, 38, 42, 43, 44, 45, 46, 13, 47, 48, 17, 18, 19, 20, 17, 51, 32, 33, 34, 35, 36, 37, 17, 18, 19, 20, 17, 38, 42, 43, 44, 45, 46, 13, 47, 48, 17, 18, 19, 20, 17, 51, 32, 33, 34, 35, 36, 37, 17, 18, 19, 20, 17, 38, 42, 43, 44, 45, 46, 13, 47, 50, 17, 18, 19, 20, 17, 51, 32, 33, 34, 35, 36, 37, 17, 18, 19, 20, 17, 38, 42, 43, 44, 45, 51, 32, 33, 34, 35, 36, 37, 17, 18, 19, 20, 17, 38, 42, 43, 44, 45, 51, 32, 33, 34, 35, 36, 37, 17, 18, 19, 20, 17, 38, 42, 43, 44, 45, 46, 13, 47, 50, 17, 18, 19, 20, 17, 51, 32, 33, 34, 35, 38, 42, 43, 44, 45, 46, 13, 47, 48, 17, 18, 19, 20, 17, 51, 32, 33, 34, 35, 36, 37, 17, 18, 19, 20, 17, 38, 42, 43, 44, 45, 46, 13, 47, 50, 17, 18, 19, 20, 17, 51, 32, 33, 34, 35, 36, 37, 17, 18, 19, 20, 17, 38, 42, 43, 44, 45, 46, 13, 47, 48, 17, 18, 19, 20, 17, 51, 32, 33, 34, 35, 36, 37, 17, 18, 19, 20, 17, 38, 42, 43, 44, 45, 46, 13, 47, 48, 17, 18, 19, 20, 17, 51, 32, 33, 34, 35, 36, 37, 17, 18, 19, 20, 17, 38, 42, 43, 44, 45, 46, 13, 47, 48, 17, 18, 19, 20, 17, 51, 32, 33, 34, 35, 36, 37, 17, 18, 19, 20, 17, 38, 42, 43, 44, 45, 46, 13, 47, 48, 17, 18, 19, 20, 17, 51, 32, 33, 34, 35, 36, 37, 17, 18, 19, 20, 17, 38, 42, 43, 44, 45, 46, 13, 47, 48, 17, 18, 19, 20, 17, 51, 32, 33, 34, 35, 36, 37, 17, 18, 19, 20, 17, 38, 42, 43, 44, 45, 46, 13, 47, 48, 17, 18, 19, 20, 17, 51, 81, 78, 79, 54, 24, 25, 26, 27, 26, 25, 26, 27, 26, 25, 26, 27, 26, 25, 26, 27, 26, 25, 26, 27, 26, 25, 26, 27, 26, 25, 26, 27, 26, 25, 26, 27, 26, 25, 26, 27, 26, 25, 26, 27, 26, 25, 28, 55, 56, 32, 33, 34, 35, 36, 37, 17, 18, 19, 20, 17, 38, 55, 56, 55, 56, 55, 56, 55, 56, 55, 56, 55, 56, 55, 56, 55, 56, 55, 56, 55, 57, 80, 42, 43, 44, 45, 46, 13, 47, 50, 17, 18, 19, 20, 17, 51, 32, 33, 34, 35, 36, 37, 17, 18, 19, 20, 17, 38, 42, 43, 44, 45, 46, 13, 47, 48, 17, 18, 19, 20, 17, 51, 32, 33, 34, 35, 38, 42, 43, 44, 45, 46, 13, 47, 48, 17, 18, 19, 20, 17, 51, 32, 33, 34, 35, 38, 42, 43, 44, 45, 46, 13, 47, 48, 17, 18, 19, 20, 17, 51, 32, 33, 34, 35, 36, 37, 17, 18, 19, 20, 17, 38, 42, 43, 44, 45, 46, 13, 47, 48, 17, 18, 19, 20, 17, 51, 32, 33, 34, 35, 38, 42, 43, 44, 45, 46, 13, 47, 48, 17, 18, 19, 20, 17, 51, 32, 33, 34, 35, 36, 37, 17, 18, 19, 20, 17, 38, 42, 43, 44, 45, 46, 13, 47, 48, 17, 18, 19, 20, 17, 51, 32, 33, 34, 35, 38, 42, 43, 44, 45, 46, 13, 47, 48, 17, 18, 19, 20, 17, 51, 32, 33, 34, 35, 36, 37, 17, 18, 19, 20, 17, 38, 42, 43, 44, 45, 46, 13, 47, 50, 17, 18, 19, 20, 17, 51, 32, 33, 34, 35, 38, 42, 43, 44, 45, 46, 13, 47, 50, 17, 18, 19, 20, 17, 51, 32, 33, 34, 35, 36, 37, 17, 18, 19, 20, 17, 38, 42, 43, 44, 45, 46, 13, 47, 50, 17, 18, 19, 20, 17, 51, 32, 33, 34, 35, 36, 37, 17, 18, 19, 20, 17, 38, 42, 43, 44, 45, 46, 13, 47, 48, 17, 18, 19, 20, 17, 51, 32, 33, 34, 35, 36, 37, 17, 18, 19, 20, 17, 38, 42, 43, 44, 45, 46, 13, 47, 48, 17, 18, 19, 20, 17, 51, 32, 33, 34, 35, 38, 42, 43, 44, 45, 46, 13, 47, 48, 17, 18, 19, 20, 17, 51, 32, 33, 34, 35, 36, 37, 17, 18, 19, 20, 17, 38, 42, 43, 44, 45, 46, 13, 47, 48, 17, 18, 19, 20, 17, 51, 32, 33, 34, 35, 36, 37, 17, 18, 19, 20, 17, 38, 42, 43, 44, 45, 46, 13, 47, 48, 17, 18, 19, 20, 17, 51, 32, 33, 34, 35, 36, 37, 17, 18, 19, 20, 17, 38, 42, 43, 44, 45, 46, 13, 47, 48, 17, 18, 19, 20, 17, 51, 32, 33, 34, 35, 36, 37, 17, 18, 19, 20, 17, 38, 42, 43, 44, 45, 46, 13, 47, 48, 17, 18, 19, 20, 17, 51, 32, 33, 34, 35, 36, 37, 17, 18, 19, 20, 17, 38, 42, 43, 44, 45, 46, 13, 47, 50, 17, 18, 19, 20, 17, 51, 32, 33, 34, 35, 36, 37, 17, 18, 19, 20, 17, 38, 42, 43, 44, 45, 46, 13, 47, 50, 17, 18, 19, 20, 17, 51, 32, 33, 34, 35, 36, 37, 17, 18, 19, 20, 17, 38, 42, 43, 44, 45, 46, 13, 47, 50, 17, 18, 19, 20, 17, 51, 32, 33, 34, 35, 36, 37, 17, 18, 19, 20, 17, 38, 42, 43, 44, 45, 51, 32, 33, 34, 35, 36, 37, 17, 18, 19, 20, 17, 38, 42, 43, 44, 45, 46, 13, 47, 48, 17, 18, 19, 20, 17, 51, 32, 33, 34, 35, 36, 37, 17, 18, 19, 20, 17, 38, 42, 43, 44, 45, 46, 13, 47, 48, 17, 18, 19, 20, 17, 51, 32, 33, 34, 35, 36, 37, 17, 18, 19, 20, 17, 38, 42, 43, 44, 45, 46, 13, 47, 50, 17, 18, 19, 20, 17, 51, 32, 33, 34, 35, 38, 42, 43, 44, 45, 46, 13, 47, 48, 17, 18, 19, 20, 17, 51, 32, 33, 34, 35, 36, 37, 17, 18, 19, 20, 17, 38, 42, 43, 44, 45, 46, 13, 47, 48, 17, 18, 19, 20, 17, 51, 32, 33, 34, 35, 36, 37, 17, 18, 19, 20, 17, 38, 42, 43, 44, 45, 46, 13, 47, 48, 17, 18, 19, 20, 17, 51, 32, 33, 34, 35, 36, 37, 17, 18, 19, 20, 17, 38, 42, 43, 44, 45, 46, 13, 47, 50, 17, 18, 19, 20, 17, 51, 32, 33, 34, 35, 36, 37, 17, 18, 19, 20, 17, 38, 42, 43, 44, 45, 46, 13, 47, 50, 17, 18, 19, 20, 17, 51, 32, 33, 34, 35, 36, 37, 17, 18, 19, 20, 17, 38, 42, 43, 44, 45, 46, 13, 47, 48, 17, 18, 19, 20, 17, 51, 32, 33, 34, 35, 36, 37, 17, 18, 19, 20, 17, 38, 42, 43, 44, 45, 46, 13, 47, 50, 17, 18, 19, 20, 17, 51, 32, 33, 34, 35, 36, 37, 17, 18, 19, 20, 17, 38, 42, 43, 44, 45, 46, 13, 47, 48, 17, 18, 19, 20, 17, 51, 32, 33, 34, 35, 36, 37, 17, 18, 19, 20, 17, 38, 42, 43, 44, 45, 46, 13, 47, 48, 17, 18, 19, 20, 17, 51, 32, 33, 34, 35, 36, 37, 17, 18, 19, 20, 17, 38, 42, 43, 44, 45, 46, 13, 47, 48, 17, 18, 19, 20, 17, 51, 32, 33, 34, 35, 36, 37, 17, 18, 19, 20, 17, 38, 42, 43, 44, 45, 46, 13, 47, 48, 17, 18, 19, 20, 17, 51, 32, 33, 34, 35, 38, 42, 43, 44, 45, 46, 13, 47, 50, 17, 18, 19, 20, 17, 51, 32, 33, 34, 35, 36, 37, 17, 18, 19, 20, 17, 38, 42, 43, 44, 45, 46, 13, 47, 48, 17, 18, 19, 20, 17, 51, 32, 33, 34, 35, 36, 37, 17, 18, 19, 20, 17, 38, 42, 43, 44, 45, 46, 13, 47, 48, 17, 18, 19, 20, 17, 51, 32, 33, 34, 35, 38, 42, 43, 44, 45, 46, 13, 47, 50, 17, 18, 19, 20, 17, 51, 32, 33, 34, 35, 36, 37, 17, 18, 19, 20, 17, 38, 42, 43, 44, 45, 46, 13, 47, 50, 17, 18, 19, 20, 17, 51, 32, 33, 34, 35, 36, 37, 17, 18, 19, 20, 17, 38, 42, 43, 44, 45, 46, 13, 47, 50, 17, 18, 19, 20, 17, 51, 32, 33, 34, 35, 38, 42, 43, 44, 45, 46, 13, 47, 48, 17, 18, 19, 20, 17, 51, 32, 33, 34, 35, 36, 37, 17, 18, 19, 20, 17, 38, 32, 33, 34, 35, 38, 42, 43, 44, 45, 46, 13, 47, 48, 17, 18, 19, 20, 17, 51, 32, 33, 34, 35, 36, 37, 17, 18, 19, 20, 17, 38, 42, 43, 44, 45, 46, 13, 47, 50, 17, 18, 19, 20, 17, 51, 32, 33, 34, 35, 36, 37, 17, 18, 19, 20, 17, 38, 42, 43, 44, 45, 46, 13, 47, 50, 17, 18, 19, 20, 17, 51, 42, 43, 44, 45, 46, 13, 47, 50, 17, 18, 19, 20, 17, 51, 32, 33, 34, 35, 36, 37, 17, 18, 19, 20, 17, 38, 42, 43, 44, 45, 46, 13, 47, 50, 17, 18, 19, 20, 17, 51, 32, 33, 34, 35, 38, 42, 43, 44, 45, 46, 13, 47, 50, 17, 18, 19, 20, 17, 51, 32, 33, 34, 35, 36, 37, 17, 18, 19, 20, 17, 38, 42, 43, 44, 45, 46, 13, 47, 48, 17, 18, 19, 20, 17, 51, 32, 33, 34, 35, 36, 37, 17, 18, 19, 20, 17, 38, 42, 43, 44, 45, 46, 13, 47, 50, 17, 18, 19, 20, 17, 51, 32, 33, 34, 35, 36, 37, 17, 18, 19, 20, 17, 38, 32, 33, 34, 35, 36, 37, 17, 18, 19, 20, 17, 38, 42, 43, 44, 45, 51, 32, 33, 34, 35, 36, 37, 17, 18, 19, 20, 17, 38, 42, 43, 44, 45, 51, 32, 33, 34, 35, 36, 37, 17, 18, 19, 20, 17, 38, 42, 43, 44, 45, 46, 13, 47, 48, 17, 18, 19, 20, 17, 51, 32, 33, 34, 35, 38, 42, 43, 44, 45, 46, 13, 47, 48, 17, 18, 19, 20, 17, 51, 32, 33, 34, 35, 36, 37, 17, 18, 19, 20, 17, 38, 42, 43, 44, 45, 46, 13, 47, 50, 17, 18, 19, 20, 17, 51, 32, 33, 34, 35, 36, 37, 17, 18, 19, 20, 17, 38, 42, 43, 44, 45, 46, 13, 47, 48, 17, 18, 19, 20, 17, 51, 32, 33, 34, 35, 36, 37, 17, 18, 19, 20, 17, 38, 42, 43, 44, 45, 46, 13, 47, 48, 17, 18, 19, 20, 17, 51, 32, 33, 34, 35, 36, 37, 17, 18, 19, 20, 17, 38, 42, 43, 44, 45, 46, 13, 47, 48, 17, 18, 19, 20, 17, 51, 32, 33, 34, 35, 36, 37, 17, 18, 19, 20, 17, 38, 42, 43, 44, 45, 46, 13, 47, 50, 17, 18, 19, 20, 17, 51, 32, 33, 34, 35, 36, 37, 17, 18, 19, 20, 17, 38, 42, 43, 44, 45, 46, 13, 47, 50, 17, 18, 19, 20, 17, 51, 32, 33, 34, 35, 38, 42, 43, 44, 45, 46, 13, 47, 50, 17, 18, 19, 20, 17, 51, 32, 33, 34, 35, 36, 37, 17, 18, 19, 20, 17, 38, 42, 43, 44, 45, 46, 13, 47, 50, 17, 18, 19, 20, 17, 51, 32, 33, 34, 35, 36, 37, 17, 18, 19, 20, 17, 38, 42, 43, 44, 45, 46, 13, 47, 48, 17, 18, 19, 20, 17, 51, 32, 33, 34, 35, 36, 37, 17, 18, 19, 20, 17, 38, 42, 43, 44, 45, 46, 13, 47, 50, 17, 18, 19, 20, 17, 51, 32, 33, 34, 35, 36, 37, 17, 18, 19, 20, 17, 38, 42, 43, 44, 45, 46, 13, 47, 48, 17, 18, 19, 20, 17, 51, 32, 33, 34, 35, 36, 37, 17, 18, 19, 20, 17, 38, 42, 43, 44, 45, 46, 13, 47, 48, 17, 18, 19, 20, 17, 51, 32, 33, 34, 35, 36, 37, 17, 18, 19, 20, 17, 38, 42, 43, 44, 45, 46, 13, 47, 50, 17, 18, 19, 20, 17, 51, 32, 33, 34, 35, 36, 37, 17, 18, 19, 20, 17, 38, 42, 43, 44, 45, 46, 13, 47, 50, 17, 18, 19, 20, 17, 51, 32, 33, 34, 35, 36, 37, 17, 18, 19, 20, 17, 38, 42, 43, 44, 45, 46, 13, 47, 50, 17, 18, 19, 20, 17, 51, 32, 33, 34, 35, 36, 37, 17, 18, 19, 20, 17, 38, 42, 43, 44, 45, 46, 13, 47, 48, 17, 18, 19, 20, 17, 51, 32, 33, 34, 35, 38, 42, 43, 44, 45, 46, 13, 47, 48, 17, 18, 19, 20, 17, 51, 32, 33, 34, 35, 36, 37, 17, 18, 19, 20, 17, 38, 42, 43, 44, 45, 46, 13, 47, 50, 17, 18, 19, 20, 17, 51, 32, 33, 34, 35, 36, 37, 17, 18, 19, 20, 17, 38, 42, 43, 44, 45, 46, 13, 47, 50, 17, 18, 19, 20, 17, 51, 32, 33, 34, 35, 36, 37, 17, 18, 19, 20, 17, 38, 42, 43, 44, 45, 46, 13, 47, 48, 17, 18, 19, 20, 17, 51, 32, 33, 34, 35, 36, 37, 17, 18, 19, 20, 17, 38, 42, 43, 44, 45, 46, 13, 47, 48, 17, 18, 19, 20, 17, 51, 32, 33, 34, 35, 36, 37, 17, 18, 19, 20, 17, 38, 42, 43, 44, 45, 46, 13, 47, 50, 17, 18, 19, 20, 17, 51, 32, 33, 34, 35, 36, 37, 17, 18, 19, 20, 17, 38, 42, 43, 44, 45, 46, 13, 47, 50, 17, 18, 19, 20, 17, 51, 32, 33, 34, 35, 36, 37, 17, 18, 19, 20, 17, 38, 42, 43, 44, 45, 46, 13, 47, 48, 17, 18, 19, 20, 17, 51, 32, 33, 34, 35, 36, 37, 17, 18, 19, 20, 17, 38, 42, 43, 44, 45, 46, 13, 47, 50, 17, 18, 19, 20, 17, 51, 32, 33, 34, 35, 36, 37, 17, 18, 19, 20, 17, 38, 42, 43, 44, 45, 46, 13, 47, 48, 17, 18, 19, 20, 17, 51, 32, 33, 34, 35, 36, 37, 17, 18, 19, 20, 17, 38, 42, 43, 44, 45, 46, 13, 47, 48, 17, 18, 19, 20, 17, 51, 32, 33, 34, 35, 36, 37, 17, 18, 19, 20, 17, 38, 42, 43, 44, 45, 46, 13, 47, 48, 17, 18, 19, 20, 17, 51, 32, 33, 34, 35, 36, 37, 17, 18, 19, 20, 17, 38, 42, 43, 44, 45, 46, 13, 47, 48, 17, 18, 19, 20, 17, 51, 32, 33, 34, 35, 36, 37, 17, 18, 19, 20, 17, 38, 42, 43, 44, 45, 46, 13, 47, 48, 17, 18, 19, 20, 17, 51, 32, 33, 34, 35, 36, 37, 17, 18, 19, 20, 17, 38, 42, 43, 44, 45, 46, 13, 47, 48, 17, 18, 19, 20, 17, 51, 32, 33, 34, 35, 36, 37, 17, 18, 19, 20, 17, 38, 42, 43, 44, 45, 46, 13, 47, 48, 17, 18, 19, 20, 17, 51, 32, 33, 34, 35, 36, 37, 17, 18, 19, 20, 17, 38, 42, 43, 44, 45, 46, 13, 47, 50, 17, 18, 19, 20, 17, 51, 32, 33, 34, 35, 36, 37, 17, 18, 19, 20, 17, 38, 42, 43, 44, 45, 46, 13, 47, 50, 17, 18, 19, 20, 17, 51, 32, 33, 34, 35, 36, 37, 17, 18, 19, 20, 17, 38, 42, 43, 44, 45, 46, 13, 47, 48, 17, 18, 19, 20, 17, 51, 32, 33, 34, 35, 36, 37, 17, 18, 19, 20, 17, 38, 42, 43, 44, 45, 46, 13, 47, 48, 17, 18, 19, 20, 17, 51, 32, 33, 34, 35, 36, 37, 17, 18, 19, 20, 17, 38, 42, 43, 44, 45, 46, 13, 47, 48, 17, 18, 19, 20, 17, 51, 32, 33, 34, 35, 36, 37, 17, 18, 19, 20, 17, 38, 42, 43, 44, 45, 46, 13, 47, 48, 17, 18, 19, 20, 17, 51, 32, 33, 34, 35, 36, 37, 17, 18, 19, 20, 17, 38, 42, 43, 44, 45, 46, 13, 47, 50, 17, 18, 19, 20, 17, 51, 32, 33, 34, 35, 36, 37, 17, 18, 19, 20, 17, 38, 42, 43, 44, 45, 46, 13, 47, 50, 17, 18, 19, 20, 17, 51, 81, 78, 79, 54, 24, 25, 26, 27, 26, 25, 26, 27, 26, 25, 26, 27, 26, 25, 26, 27, 26, 25, 26, 27, 26, 25, 26, 27, 26, 25, 26, 27, 26, 25, 26, 27, 26, 25, 26, 27, 26, 25, 26, 27, 26, 25, 28, 55, 56, 55, 56, 55, 56, 55, 56, 55, 56, 55, 56, 55, 56, 55, 56, 55, 56, 55, 56, 55, 57, 80, 32, 33, 34, 35, 36, 37, 17, 18, 19, 20, 17, 38, 42, 43, 44, 45, 46, 13, 47, 50, 17, 18, 19, 20, 17, 51, 32, 33, 34, 35, 38, 42, 43, 44, 45, 46, 13, 47, 48, 17, 18, 19, 20, 17, 51, 32, 33, 34, 35, 36, 37, 17, 18, 19, 20, 17, 38, 42, 43, 44, 45, 46, 13, 47, 50, 17, 18, 19, 20, 17, 51, 32, 33, 34, 35, 36, 37, 17, 18, 19, 20, 17, 38, 42, 43, 44, 45, 46, 13, 47, 48, 17, 18, 19, 20, 17, 51, 32, 33, 34, 35, 38, 42, 43, 44, 45, 46, 13, 47, 48, 17, 18, 19, 20, 17, 51, 32, 33, 34, 35, 36, 37, 17, 18, 19, 20, 17, 38, 42, 43, 44, 45, 46, 13, 47, 48, 17, 18, 19, 20, 17, 51, 32, 33, 34, 35, 36, 37, 17, 18, 19, 20, 17, 38, 42, 43, 44, 45, 46, 13, 47, 50, 17, 18, 19, 20, 17, 51, 32, 33, 34, 35, 36, 37, 17, 18, 19, 20, 17, 38, 42, 43, 44, 45, 46, 13, 47, 48, 17, 18, 19, 20, 17, 51, 32, 33, 34, 35, 36, 37, 17, 18, 19, 20, 17, 38, 42, 43, 44, 45, 51, 32, 33, 34, 35, 36, 37, 17, 18, 19, 20, 17, 38, 42, 43, 44, 45, 46, 13, 47, 50, 17, 18, 19, 20, 17, 51, 32, 33, 34, 35, 36, 37, 17, 18, 19, 20, 17, 38, 42, 43, 44, 45, 46, 13, 47, 48, 17, 18, 19, 20, 17, 51, 32, 33, 34, 35, 36, 37, 17, 18, 19, 20, 17, 38, 42, 43, 44, 45, 46, 13, 47, 50, 17, 18, 19, 20, 17, 51, 32, 33, 34, 35, 38, 42, 43, 44, 45, 46, 13, 47, 50, 17, 18, 19, 20, 17, 51, 32, 33, 34, 35, 36, 37, 17, 18, 19, 20, 17, 38, 42, 43, 44, 45, 46, 13, 47, 48, 17, 18, 19, 20, 17, 51, 32, 33, 34, 35, 36, 37, 17, 18, 19, 20, 17, 38, 42, 43, 44, 45, 46, 13, 47, 48, 17, 18, 19, 20, 17, 51, 32, 33, 34, 35, 36, 37, 17, 18, 19, 20, 17, 38, 42, 43, 44, 45, 46, 13, 47, 48, 17, 18, 19, 20, 17, 51, 32, 33, 34, 35, 36, 37, 17, 18, 19, 20, 17, 38, 42, 43, 44, 45, 46, 13, 47, 48, 17, 18, 19, 20, 17, 51, 32, 33, 34, 35, 36, 37, 17, 18, 19, 20, 17, 38, 42, 43, 44, 45, 46, 13, 47, 48, 17, 18, 19, 20, 17, 51, 32, 33, 34, 35, 36, 37, 17, 18, 19, 20, 17, 38, 42, 43, 44, 45, 51, 32, 33, 34, 35, 36, 37, 17, 18, 19, 20, 17, 38, 42, 43, 44, 45, 46, 13, 47, 50, 17, 18, 19, 20, 17, 51, 32, 33, 34, 35, 36, 37, 17, 18, 19, 20, 17, 38, 42, 43, 44, 45, 51, 42, 43, 44, 45, 46, 13, 47, 50, 17, 18, 19, 20, 17, 51, 32, 33, 34, 35, 36, 37, 17, 18, 19, 20, 17, 38, 42, 43, 44, 45, 46, 13, 47, 48, 17, 18, 19, 20, 17, 51, 32, 33, 34, 35, 36, 37, 17, 18, 19, 20, 17, 38, 42, 43, 44, 45, 46, 13, 47, 48, 17, 18, 19, 20, 17, 51, 32, 33, 34, 35, 36, 37, 17, 18, 19, 20, 17, 38, 42, 43, 44, 45, 46, 13, 47, 48, 17, 18, 19, 20, 17, 51, 32, 33, 34, 35, 36, 37, 17, 18, 19, 20, 17, 38, 42, 43, 44, 45, 46, 13, 47, 50, 17, 18, 19, 20, 17, 51, 32, 33, 34, 35, 36, 37, 17, 18, 19, 20, 17, 38, 42, 43, 44, 45, 46, 13, 47, 50, 17, 18, 19, 20, 17, 51, 32, 33, 34, 35, 36, 37, 17, 18, 19, 20, 17, 38, 42, 43, 44, 45, 46, 13, 47, 48, 17, 18, 19, 20, 17, 51, 32, 33, 34, 35, 36, 37, 17, 18, 19, 20, 17, 38, 42, 43, 44, 45, 46, 13, 47, 48, 17, 18, 19, 20, 17, 51, 32, 33, 34, 35, 36, 37, 17, 18, 19, 20, 17, 38, 42, 43, 44, 45, 46, 13, 47, 48, 17, 18, 19, 20, 17, 51, 32, 33, 34, 35, 36, 37, 17, 18, 19, 20, 17, 38, 42, 43, 44, 45, 46, 13, 47, 48, 17, 18, 19, 20, 17, 51, 32, 33, 34, 35, 36, 37, 17, 18, 19, 20, 17, 38, 42, 43, 44, 45, 51, 32, 33, 34, 35, 36, 37, 17, 18, 19, 20, 17, 38, 42, 43, 44, 45, 46, 13, 47, 50, 17, 18, 19, 20, 17, 51, 32, 33, 34, 35, 36, 37, 17, 18, 19, 20, 17, 38, 42, 43, 44, 45, 46, 13, 47, 48, 17, 18, 19, 20, 17, 51, 32, 33, 34, 35, 36, 37, 17, 18, 19, 20, 17, 38, 42, 43, 44, 45, 51, 32, 33, 34, 35, 36, 37, 17, 18, 19, 20, 17, 38, 42, 43, 44, 45, 46, 13, 47, 50, 17, 18, 19, 20, 17, 51, 32, 33, 34, 35, 36, 37, 17, 18, 19, 20, 17, 38, 42, 43, 44, 45, 46, 13, 47, 50, 17, 18, 19, 20, 17, 51, 32, 33, 34, 35, 36, 37, 17, 18, 19, 20, 17, 38, 42, 43, 44, 45, 46, 13, 47, 48, 17, 18, 19, 20, 17, 51, 32, 33, 34, 35, 36, 37, 17, 18, 19, 20, 17, 38, 42, 43, 44, 45, 46, 13, 47, 50, 17, 18, 19, 20, 17, 51, 32, 33, 34, 35, 36, 37, 17, 18, 19, 20, 17, 38, 42, 43, 44, 45, 46, 13, 47, 48, 17, 18, 19, 20, 17, 51, 32, 33, 34, 35, 36, 37, 17, 18, 19, 20, 17, 38, 42, 43, 44, 45, 51, 32, 33, 34, 35, 36, 37, 17, 18, 19, 20, 17, 38, 42, 43, 44, 45, 51, 32, 33, 34, 35, 36, 37, 17, 18, 19, 20, 17, 38, 42, 43, 44, 45, 46, 13, 47, 48, 17, 18, 19, 20, 17, 51, 32, 33, 34, 35, 36, 37, 17, 18, 19, 20, 17, 38, 42, 43, 44, 45, 46, 13, 47, 48, 17, 18, 19, 20, 17, 51, 32, 33, 34, 35, 36, 37, 17, 18, 19, 20, 17, 38, 42, 43, 44, 45, 46, 13, 47, 48, 17, 18, 19, 20, 17, 51, 32, 33, 34, 35, 36, 37, 17, 18, 19, 20, 17, 38, 42, 43, 44, 45, 46, 13, 47, 48, 17, 18, 19, 20, 17, 51, 32, 33, 34, 35, 36, 37, 17, 18, 19, 20, 17, 38, 42, 43, 44, 45, 46, 13, 47, 48, 17, 18, 19, 20, 17, 51, 32, 33, 34, 35, 36, 37, 17, 18, 19, 20, 17, 38, 42, 43, 44, 45, 46, 13, 47, 48, 17, 18, 19, 20, 17, 51, 32, 33, 34, 35, 36, 37, 17, 18, 19, 20, 17, 38, 42, 43, 44, 45, 46, 13, 47, 48, 17, 18, 19, 20, 17, 51, 32, 33, 34, 35, 36, 37, 17, 18, 19, 20, 17, 38, 42, 43, 44, 45, 46, 13, 47, 50, 17, 18, 19, 20, 17, 51, 32, 33, 34, 35, 36, 37, 17, 18, 19, 20, 17, 38, 42, 43, 44, 45, 46, 13, 47, 48, 17, 18, 19, 20, 17, 51, 32, 33, 34, 35, 36, 37, 17, 18, 19, 20, 17, 38, 42, 43, 44, 45, 46, 13, 47, 48, 17, 18, 19, 20, 17, 51, 32, 33, 34, 35, 36, 37, 17, 18, 19, 20, 17, 38, 42, 43, 44, 45, 46, 13, 47, 48, 17, 18, 19, 20, 17, 51, 32, 33, 34, 35, 36, 37, 17, 18, 19, 20, 17, 38, 42, 43, 44, 45, 46, 13, 47, 48, 17, 18, 19, 20, 17, 51, 32, 33, 34, 35, 36, 37, 17, 18, 19, 20, 17, 38, 42, 43, 44, 45, 46, 13, 47, 48, 17, 18, 19, 20, 17, 51, 32, 33, 34, 35, 36, 37, 17, 18, 19, 20, 17, 38, 42, 43, 44, 45, 46, 13, 47, 48, 17, 18, 19, 20, 17, 51, 32, 33, 34, 35, 36, 37, 17, 18, 19, 20, 17, 38, 42, 43, 44, 45, 46, 13, 47, 48, 17, 18, 19, 20, 17, 51, 32, 33, 34, 35, 36, 37, 17, 18, 19, 20, 17, 38, 42, 43, 44, 45, 46, 13, 47, 50, 17, 18, 19, 20, 17, 51, 32, 33, 34, 35, 36, 37, 17, 18, 19, 20, 17, 38, 42, 43, 44, 45, 46, 13, 47, 50, 17, 18, 19, 20, 17, 51, 32, 33, 34, 35, 36, 37, 17, 18, 19, 20, 17, 38, 42, 43, 44, 45, 46, 13, 47, 48, 17, 18, 19, 20, 17, 51, 32, 33, 34, 35, 36, 37, 17, 18, 19, 20, 17, 38, 42, 43, 44, 45, 46, 13, 47, 48, 17, 18, 19, 20, 17, 51, 32, 33, 34, 35, 36, 37, 17, 18, 19, 20, 17, 38, 42, 43, 44, 45, 51, 32, 33, 34, 35, 36, 37, 17, 18, 19, 20, 17, 38, 42, 43, 44, 45, 46, 13, 47, 50, 17, 18, 19, 20, 17, 51, 32, 33, 34, 35, 36, 37, 17, 18, 19, 20, 17, 38, 42, 43, 44, 45, 46, 13, 47, 50, 17, 18, 19, 20, 17, 51, 32, 33, 34, 35, 36, 37, 17, 18, 19, 20, 17, 38, 42, 43, 44, 45, 46, 13, 47, 50, 17, 18, 19, 20, 17, 51, 32, 33, 34, 35, 36, 37, 17, 18, 19, 20, 17, 38, 42, 43, 44, 45, 46, 13, 47, 48, 17, 18, 19, 20, 17, 51, 32, 33, 34, 35, 36, 37, 17, 18, 19, 20, 17, 38, 42, 43, 44, 45, 46, 13, 47, 48, 17, 18, 19, 20, 17, 51, 32, 33, 34, 35, 36, 37, 17, 18, 19, 20, 17, 38, 42, 43, 44, 45, 46, 13, 47, 48, 17, 18, 19, 20, 17, 51, 32, 33, 34, 35, 36, 37, 17, 18, 19, 20, 17, 38, 42, 43, 44, 45, 46, 13, 47, 48, 17, 18, 19, 20, 17, 51, 32, 33, 34, 35, 38, 42, 43, 44, 45, 51, 32, 33, 34, 35, 36, 37, 17, 18, 19, 20, 17, 38, 42, 43, 44, 45, 46, 13, 47, 50, 17, 18, 19, 20, 17, 51, 32, 33, 34, 35, 36, 37, 17, 18, 19, 20, 17, 38, 42, 43, 44, 45, 46, 13, 47, 48, 17, 18, 19, 20, 17, 51, 32, 33, 34, 35, 36, 37, 17, 18, 19, 20, 17, 38, 42, 43, 44, 45, 46, 13, 47, 48, 17, 18, 19, 20, 17, 51, 32, 33, 34, 35, 36, 37, 17, 18, 19, 20, 17, 38, 42, 43, 44, 45, 46, 13, 47, 48, 17, 18, 19, 20, 17, 51, 32, 33, 34, 35, 36, 37, 17, 18, 19, 20, 17, 38, 42, 43, 44, 45, 46, 13, 47, 48, 17, 18, 19, 20, 17, 51, 32, 33, 34, 35, 36, 37, 17, 18, 19, 20, 17, 38, 42, 43, 44, 45, 46, 13, 47, 48, 17, 18, 19, 20, 17, 51, 32, 33, 34, 35, 36, 37, 17, 18, 19, 20, 17, 38, 42, 43, 44, 45, 46, 13, 47, 48, 17, 18, 19, 20, 17, 51, 32, 33, 34, 35, 38, 42, 43, 44, 45, 46, 13, 47, 48, 17, 18, 19, 20, 17, 51, 32, 33, 34, 35, 36, 37, 17, 18, 19, 20, 17, 38, 42, 43, 44, 45, 46, 13, 47, 50, 17, 18, 19, 20, 17, 51, 32, 33, 34, 35, 36, 37, 17, 18, 19, 20, 17, 38, 42, 43, 44, 45, 46, 13, 47, 48, 17, 18, 19, 20, 17, 51, 32, 33, 34, 35, 36, 37, 17, 18, 19, 20, 17, 38, 42, 43, 44, 45, 46, 13, 47, 50, 17, 18, 19, 20, 17, 51, 32, 33, 34, 35, 38, 42, 43, 44, 45, 46, 13, 47, 50, 17, 18, 19, 20, 17, 51, 32, 33, 34, 35, 36, 37, 17, 18, 19, 20, 17, 38, 42, 43, 44, 45, 51, 32, 33, 34, 35, 36, 37, 17, 18, 19, 20, 17, 38, 42, 43, 44, 45, 51, 32, 33, 34, 35, 36, 37, 17, 18, 19, 20, 17, 38, 42, 43, 44, 45, 46, 13, 47, 48, 17, 18, 19, 20, 17, 51, 32, 33, 34, 35, 36, 37, 17, 18, 19, 20, 17, 38, 42, 43, 44, 45, 46, 13, 47, 48, 17, 18, 19, 20, 17, 51, 32, 33, 34, 35, 36, 37, 17, 18, 19, 20, 17, 38, 42, 43, 44, 45, 51, 32, 33, 34, 35, 36, 37, 17, 18, 19, 20, 17, 38, 42, 43, 44, 45, 46, 13, 47, 48, 17, 18, 19, 20, 17, 51, 32, 33, 34, 35, 36, 37, 17, 18, 19, 20, 17, 38, 42, 43, 44, 45, 46, 13, 47, 48, 17, 18, 19, 20, 17, 51, 32, 33, 34, 35, 36, 37, 17, 18, 19, 20, 17, 38, 42, 43, 44, 45, 46, 13, 47, 48, 17, 18, 19, 20, 17, 51, 32, 33, 34, 35, 36, 37, 17, 18, 19, 20, 17, 38, 42, 43, 44, 45, 46, 13, 47, 50, 17, 18, 19, 20, 17, 51, 32, 33, 34, 35, 36, 37, 17, 18, 19, 20, 17, 38, 42, 43, 44, 45, 46, 13, 47, 48, 17, 18, 19, 20, 17, 51, 32, 33, 34, 35, 38, 42, 43, 44, 45, 51, 32, 33, 34, 35, 36, 37, 17, 18, 19, 20, 17, 38, 42, 43, 44, 45, 46, 13, 47, 48, 17, 18, 19, 20, 17, 51, 32, 33, 34, 35, 36, 37, 17, 18, 19, 20, 17, 38, 42, 43, 44, 45, 51, 32, 33, 34, 35, 36, 37, 17, 18, 19, 20, 17, 38, 42, 43, 44, 45, 46, 13, 47, 50, 17, 18, 19, 20, 17, 51, 32, 33, 34, 35, 36, 37, 17, 18, 19, 20, 17, 38, 42, 43, 44, 45, 46, 13, 47, 48, 17, 18, 19, 20, 17, 51, 81, 78, 79, 54, 24, 25, 26, 27, 26, 25, 26, 27, 26, 25, 26, 27, 26, 25, 26, 27, 26, 25, 26, 27, 26, 25, 26, 27, 26, 25, 26, 27, 26, 25, 26, 27, 26, 25, 26, 27, 26, 25, 26, 27, 26, 25, 28, 55, 56, 32, 33, 34, 35, 36, 37, 17, 18, 19, 20, 17, 38, 55, 56, 55, 56, 55, 56, 55, 56, 55, 56, 55, 56, 55, 56, 55, 56, 55, 56, 55, 57, 80, 42, 43, 44, 45, 46, 13, 47, 50, 17, 18, 19, 20, 17, 51, 32, 33, 34, 35, 36, 37, 17, 18, 19, 20, 17, 38, 42, 43, 44, 45, 46, 13, 47, 50, 17, 18, 19, 20, 17, 51, 32, 33, 34, 35, 36, 37, 17, 18, 19, 20, 17, 38, 42, 43, 44, 45, 51, 32, 33, 34, 35, 36, 37, 17, 18, 19, 20, 17, 38, 42, 43, 44, 45, 46, 13, 47, 48, 17, 18, 19, 20, 17, 51, 32, 33, 34, 35, 36, 37, 17, 18, 19, 20, 17, 38, 42, 43, 44, 45, 46, 13, 47, 48, 17, 18, 19, 20, 17, 51, 32, 33, 34, 35, 38, 42, 43, 44, 45, 46, 13, 47, 50, 17, 18, 19, 20, 17, 51, 32, 33, 34, 35, 36, 37, 17, 18, 19, 20, 17, 38, 42, 43, 44, 45, 46, 13, 47, 48, 17, 18, 19, 20, 17, 51, 32, 33, 34, 35, 36, 37, 17, 18, 19, 20, 17, 38, 42, 43, 44, 45, 46, 13, 47, 48, 17, 18, 19, 20, 17, 51, 32, 33, 34, 35, 36, 37, 17, 18, 19, 20, 17, 38, 42, 43, 44, 45, 46, 13, 47, 50, 17, 18, 19, 20, 17, 51, 32, 33, 34, 35, 36, 37, 17, 18, 19, 20, 17, 38, 42, 43, 44, 45, 46, 13, 47, 48, 17, 18, 19, 20, 17, 51, 32, 33, 34, 35, 36, 37, 17, 18, 19, 20, 17, 38, 42, 43, 44, 45, 46, 13, 47, 50, 17, 18, 19, 20, 17, 51, 32, 33, 34, 35, 36, 37, 17, 18, 19, 20, 17, 38, 42, 43, 44, 45, 46, 13, 47, 48, 17, 18, 19, 20, 17, 51, 32, 33, 34, 35, 36, 37, 17, 18, 19, 20, 17, 38, 42, 43, 44, 45, 46, 13, 47, 48, 17, 18, 19, 20, 17, 51, 32, 33, 34, 35, 36, 37, 17, 18, 19, 20, 17, 38, 42, 43, 44, 45, 46, 13, 47, 50, 17, 18, 19, 20, 17, 51, 32, 33, 34, 35, 36, 37, 17, 18, 19, 20, 17, 38, 42, 43, 44, 45, 46, 13, 47, 50, 17, 18, 19, 20, 17, 51, 32, 33, 34, 35, 36, 37, 17, 18, 19, 20, 17, 38, 42, 43, 44, 45, 46, 13, 47, 50, 17, 18, 19, 20, 17, 51, 32, 33, 34, 35, 36, 37, 17, 18, 19, 20, 17, 38, 42, 43, 44, 45, 46, 13, 47, 48, 17, 18, 19, 20, 17, 51, 32, 33, 34, 35, 36, 37, 17, 18, 19, 20, 17, 38, 42, 43, 44, 45, 46, 13, 47, 48, 17, 18, 19, 20, 17, 51, 32, 33, 34, 35, 36, 37, 17, 18, 19, 20, 17, 38, 42, 43, 44, 45, 46, 13, 47, 50, 17, 18, 19, 20, 17, 51, 32, 33, 34, 35, 36, 37, 17, 18, 19, 20, 17, 38, 42, 43, 44, 45, 46, 13, 47, 48, 17, 18, 19, 20, 17, 51, 32, 33, 34, 35, 36, 37, 17, 18, 19, 20, 17, 38, 42, 43, 44, 45, 51, 32, 33, 34, 35, 36, 37, 17, 18, 19, 20, 17, 38, 42, 43, 44, 45, 46, 13, 47, 50, 17, 18, 19, 20, 17, 51, 32, 33, 34, 35, 36, 37, 17, 18, 19, 20, 17, 38, 42, 43, 44, 45, 46, 13, 47, 48, 17, 18, 19, 20, 17, 51, 32, 33, 34, 35, 36, 37, 17, 18, 19, 20, 17, 38, 42, 43, 44, 45, 46, 13, 47, 50, 17, 18, 19, 20, 17, 51, 32, 33, 34, 35, 38, 42, 43, 44, 45, 51, 32, 33, 34, 35, 36, 37, 17, 18, 19, 20, 17, 38, 42, 43, 44, 45, 46, 13, 47, 48, 17, 18, 19, 20, 17, 51, 32, 33, 34, 35, 36, 37, 17, 18, 19, 20, 17, 38, 42, 43, 44, 45, 46, 13, 47, 50, 17, 18, 19, 20, 17, 51, 32, 33, 34, 35, 36, 37, 17, 18, 19, 20, 17, 38, 42, 43, 44, 45, 46, 13, 47, 50, 17, 18, 19, 20, 17, 51, 32, 33, 34, 35, 36, 37, 17, 18, 19, 20, 17, 38, 42, 43, 44, 45, 46, 13, 47, 50, 17, 18, 19, 20, 17, 51, 32, 33, 34, 35, 38, 42, 43, 44, 45, 46, 13, 47, 48, 17, 18, 19, 20, 17, 51, 32, 33, 34, 35, 36, 37, 17, 18, 19, 20, 17, 38, 32, 33, 34, 35, 36, 37, 17, 18, 19, 20, 17, 38, 42, 43, 44, 45, 46, 13, 47, 48, 17, 18, 19, 20, 17, 51, 32, 33, 34, 35, 38, 42, 43, 44, 45, 51, 32, 33, 34, 35, 36, 37, 17, 18, 19, 20, 17, 38, 42, 43, 44, 45, 46, 13, 47, 48, 17, 18, 19, 20, 17, 51, 32, 33, 34, 35, 36, 37, 17, 18, 19, 20, 17, 38, 42, 43, 44, 45, 46, 13, 47, 48, 17, 18, 19, 20, 17, 51, 32, 33, 34, 35, 36, 37, 17, 18, 19, 20, 17, 38, 42, 43, 44, 45, 46, 13, 47, 50, 17, 18, 19, 20, 17, 51, 32, 33, 34, 35, 36, 37, 17, 18, 19, 20, 17, 38, 42, 43, 44, 45, 51, 42, 43, 44, 45, 51, 32, 33, 34, 35, 36, 37, 17, 18, 19, 20, 17, 38, 42, 43, 44, 45, 46, 13, 47, 48, 17, 18, 19, 20, 17, 51, 32, 33, 34, 35, 36, 37, 17, 18, 19, 20, 17, 38, 42, 43, 44, 45, 46, 13, 47, 48, 17, 18, 19, 20, 17, 51, 32, 33, 34, 35, 36, 37, 17, 18, 19, 20, 17, 38, 42, 43, 44, 45, 46, 13, 47, 48, 17, 18, 19, 20, 17, 51, 32, 33, 34, 35, 36, 37, 17, 18, 19, 20, 17, 38, 42, 43, 44, 45, 46, 13, 47, 48, 17, 18, 19, 20, 17, 51, 32, 33, 34, 35, 36, 37, 17, 18, 19, 20, 17, 38, 42, 43, 44, 45, 46, 13, 47, 50, 17, 18, 19, 20, 17, 51, 32, 33, 34, 35, 38, 42, 43, 44, 45, 46, 13, 47, 48, 17, 18, 19, 20, 17, 51, 32, 33, 34, 35, 36, 37, 17, 18, 19, 20, 17, 38, 32, 33, 34, 35, 38, 42, 43, 44, 45, 46, 13, 47, 48, 17, 18, 19, 20, 17, 51, 32, 33, 34, 35, 36, 37, 17, 18, 19, 20, 17, 38, 42, 43, 44, 45, 46, 13, 47, 48, 17, 18, 19, 20, 17, 51, 32, 33, 34, 35, 36, 37, 17, 18, 19, 20, 17, 38, 42, 43, 44, 45, 46, 13, 47, 48, 17, 18, 19, 20, 17, 51, 32, 33, 34, 35, 36, 37, 17, 18, 19, 20, 17, 38, 42, 43, 44, 45, 46, 13, 47, 48, 17, 18, 19, 20, 17, 51, 32, 33, 34, 35, 36, 37, 17, 18, 19, 20, 17, 38, 42, 43, 44, 45, 46, 13, 47, 50, 17, 18, 19, 20, 17, 51, 32, 33, 34, 35, 36, 37, 17, 18, 19, 20, 17, 38, 42, 43, 44, 45, 46, 13, 47, 50, 17, 18, 19, 20, 17, 51, 32, 33, 34, 35, 36, 37, 17, 18, 19, 20, 17, 38, 42, 43, 44, 45, 46, 13, 47, 48, 17, 18, 19, 20, 17, 51, 32, 33, 34, 35, 38, 42, 43, 44, 45, 51, 32, 33, 34, 35, 36, 37, 17, 18, 19, 20, 17, 38, 42, 43, 44, 45, 46, 13, 47, 48, 17, 18, 19, 20, 17, 51, 32, 33, 34, 35, 36, 37, 17, 18, 19, 20, 17, 38, 42, 43, 44, 45, 46, 13, 47, 50, 17, 18, 19, 20, 17, 51, 42, 43, 44, 45, 46, 13, 47, 50, 17, 18, 19, 20, 17, 51, 32, 33, 34, 35, 36, 37, 17, 18, 19, 20, 17, 38, 42, 43, 44, 45, 46, 13, 47, 50, 17, 18, 19, 20, 17, 51, 32, 33, 34, 35, 36, 37, 17, 18, 19, 20, 17, 38, 32, 33, 34, 35, 36, 37, 17, 18, 19, 20, 17, 38, 42, 43, 44, 45, 46, 13, 47, 50, 17, 18, 19, 20, 17, 51, 32, 33, 34, 35, 36, 37, 17, 18, 19, 20, 17, 38, 42, 43, 44, 45, 46, 13, 47, 48, 17, 18, 19, 20, 17, 51, 32, 33, 34, 35, 36, 37, 17, 18, 19, 20, 17, 38, 42, 43, 44, 45, 46, 13, 47, 50, 17, 18, 19, 20, 17, 51, 32, 33, 34, 35, 36, 37, 17, 18, 19, 20, 17, 38, 42, 43, 44, 45, 51, 32, 33, 34, 35, 36, 37, 17, 18, 19, 20, 17, 38, 42, 43, 44, 45, 51, 32, 33, 34, 35, 36, 37, 17, 18, 19, 20, 17, 38, 42, 43, 44, 45, 46, 13, 47, 48, 17, 18, 19, 20, 17, 51, 32, 33, 34, 35, 36, 37, 17, 18, 19, 20, 17, 38, 42, 43, 44, 45, 46, 13, 47, 48, 17, 18, 19, 20, 17, 51, 32, 33, 34, 35, 38, 42, 43, 44, 45, 46, 13, 47, 48, 17, 18, 19, 20, 17, 51, 32, 33, 34, 35, 36, 37, 17, 18, 19, 20, 17, 38, 42, 43, 44, 45, 46, 13, 47, 48, 17, 18, 19, 20, 17, 51, 32, 33, 34, 35, 36, 37, 17, 18, 19, 20, 17, 38, 42, 43, 44, 45, 46, 13, 47, 50, 17, 18, 19, 20, 17, 51, 32, 33, 34, 35, 36, 37, 17, 18, 19, 20, 17, 38, 42, 43, 44, 45, 46, 13, 47, 48, 17, 18, 19, 20, 17, 51, 32, 33, 34, 35, 36, 37, 17, 18, 19, 20, 17, 38, 42, 43, 44, 45, 46, 13, 47, 50, 17, 18, 19, 20, 17, 51, 32, 33, 34, 35, 36, 37, 17, 18, 19, 20, 17, 38, 42, 43, 44, 45, 46, 13, 47, 48, 17, 18, 19, 20, 17, 51, 32, 33, 34, 35, 38, 42, 43, 44, 45, 46, 13, 47, 50, 17, 18, 19, 20, 17, 51, 32, 33, 34, 35, 36, 37, 17, 18, 19, 20, 17, 38, 42, 43, 44, 45, 46, 13, 47, 48, 17, 18, 19, 20, 17, 51, 32, 33, 34, 35, 36, 37, 17, 18, 19, 20, 17, 38, 42, 43, 44, 45, 46, 13, 47, 50, 17, 18, 19, 20, 17, 51, 32, 33, 34, 35, 36, 37, 17, 18, 19, 20, 17, 38, 42, 43, 44, 45, 46, 13, 47, 50, 17, 18, 19, 20, 17, 51, 32, 33, 34, 35, 36, 37, 17, 18, 19, 20, 17, 38, 42, 43, 44, 45, 46, 13, 47, 48, 17, 18, 19, 20, 17, 51, 32, 33, 34, 35, 36, 37, 17, 18, 19, 20, 17, 38, 42, 43, 44, 45, 46, 13, 47, 50, 17, 18, 19, 20, 17, 51, 32, 33, 34, 35, 36, 37, 17, 18, 19, 20, 17, 38, 42, 43, 44, 45, 46, 13, 47, 48, 17, 18, 19, 20, 17, 51, 32, 33, 34, 35, 36, 37, 17, 18, 19, 20, 17, 38, 42, 43, 44, 45, 46, 13, 47, 48, 17, 18, 19, 20, 17, 51, 32, 33, 34, 35, 36, 37, 17, 18, 19, 20, 17, 38, 42, 43, 44, 45, 46, 13, 47, 48, 17, 18, 19, 20, 17, 51, 32, 33, 34, 35, 36, 37, 17, 18, 19, 20, 17, 38, 42, 43, 44, 45, 46, 13, 47, 50, 17, 18, 19, 20, 17, 51, 32, 33, 34, 35, 36, 37, 17, 18, 19, 20, 17, 38, 42, 43, 44, 45, 46, 13, 47, 48, 17, 18, 19, 20, 17, 51, 32, 33, 34, 35, 36, 37, 17, 18, 19, 20, 17, 38, 42, 43, 44, 45, 46, 13, 47, 48, 17, 18, 19, 20, 17, 51, 32, 33, 34, 35, 36, 37, 17, 18, 19, 20, 17, 38, 42, 43, 44, 45, 46, 13, 47, 50, 17, 18, 19, 20, 17, 51, 32, 33, 34, 35, 38, 42, 43, 44, 45, 46, 13, 47, 48, 17, 18, 19, 20, 17, 51, 32, 33, 34, 35, 36, 37, 17, 18, 19, 20, 17, 38, 42, 43, 44, 45, 46, 13, 47, 50, 17, 18, 19, 20, 17, 51, 32, 33, 34, 35, 36, 37, 17, 18, 19, 20, 17, 38, 42, 43, 44, 45, 46, 13, 47, 50, 17, 18, 19, 20, 17, 51, 32, 33, 34, 35, 36, 37, 17, 18, 19, 20, 17, 38, 42, 43, 44, 45, 46, 13, 47, 50, 17, 18, 19, 20, 17, 51, 32, 33, 34, 35, 36, 37, 17, 18, 19, 20, 17, 38, 42, 43, 44, 45, 46, 13, 47, 48, 17, 18, 19, 20, 17, 51, 32, 33, 34, 35, 36, 37, 17, 18, 19, 20, 17, 38, 42, 43, 44, 45, 46, 13, 47, 50, 17, 18, 19, 20, 17, 51, 32, 33, 34, 35, 36, 37, 17, 18, 19, 20, 17, 38, 42, 43, 44, 45, 46, 13, 47, 50, 17, 18, 19, 20, 17, 51, 32, 33, 34, 35, 38, 42, 43, 44, 45, 46, 13, 47, 50, 17, 18, 19, 20, 17, 51, 32, 33, 34, 35, 36, 37, 17, 18, 19, 20, 17, 38, 42, 43, 44, 45, 46, 13, 47, 50, 17, 18, 19, 20, 17, 51, 32, 33, 34, 35, 36, 37, 17, 18, 19, 20, 17, 38, 42, 43, 44, 45, 46, 13, 47, 50, 17, 18, 19, 20, 17, 51, 32, 33, 34, 35, 36, 37, 17, 18, 19, 20, 17, 38, 42, 43, 44, 45, 46, 13, 47, 48, 17, 18, 19, 20, 17, 51, 42, 43, 44, 45, 46, 13, 47, 50, 17, 18, 19, 20, 17, 51, 32, 33, 34, 35, 36, 37, 17, 18, 19, 20, 17, 38, 42, 43, 44, 45, 46, 13, 47, 50, 17, 18, 19, 20, 17, 51, 32, 33, 34, 35, 36, 37, 17, 18, 19, 20, 17, 38, 42, 43, 44, 45, 46, 13, 47, 50, 17, 18, 19, 20, 17, 51, 32, 33, 34, 35, 36, 37, 17, 18, 19, 20, 17, 38, 81, 78, 79, 54, 24, 25, 26, 27, 26, 25, 26, 27, 26, 25, 26, 27, 26, 25, 26, 27, 26, 25, 26, 27, 26, 25, 26, 27, 26, 25, 26, 27, 26, 25, 26, 27, 26, 25, 26, 27, 26, 25, 26, 27, 26, 25, 28, 55, 56, 55, 56, 55, 56, 55, 56, 55, 56, 55, 56, 55, 56, 55, 56, 55, 56, 55, 56, 55, 57, 80, 42, 43, 44, 45, 46, 13, 47, 48, 17, 18, 19, 20, 17, 51, 32, 33, 34, 35, 36, 37, 17, 18, 19, 20, 17, 38, 42, 43, 44, 45, 46, 13, 47, 50, 17, 18, 19, 20, 17, 51, 32, 33, 34, 35, 36, 37, 17, 18, 19, 20, 17, 38, 42, 43, 44, 45, 46, 13, 47, 48, 17, 18, 19, 20, 17, 51, 32, 33, 34, 35, 36, 37, 17, 18, 19, 20, 17, 38, 42, 43, 44, 45, 46, 13, 47, 50, 17, 18, 19, 20, 17, 51, 32, 33, 34, 35, 36, 37, 17, 18, 19, 20, 17, 38, 42, 43, 44, 45, 46, 13, 47, 50, 17, 18, 19, 20, 17, 51, 32, 33, 34, 35, 36, 37, 17, 18, 19, 20, 17, 38, 42, 43, 44, 45, 46, 13, 47, 50, 17, 18, 19, 20, 17, 51, 32, 33, 34, 35, 36, 37, 17, 18, 19, 20, 17, 38, 42, 43, 44, 45, 46, 13, 47, 48, 17, 18, 19, 20, 17, 51, 32, 33, 34, 35, 36, 37, 17, 18, 19, 20, 17, 38, 42, 43, 44, 45, 46, 13, 47, 48, 17, 18, 19, 20, 17, 51, 32, 33, 34, 35, 38, 42, 43, 44, 45, 46, 13, 47, 50, 17, 18, 19, 20, 17, 51, 32, 33, 34, 35, 38, 42, 43, 44, 45, 46, 13, 47, 48, 17, 18, 19, 20, 17, 51, 32, 33, 34, 35, 36, 37, 17, 18, 19, 20, 17, 38, 42, 43, 44, 45, 46, 13, 47, 50, 17, 18, 19, 20, 17, 51, 32, 33, 34, 35, 36, 37, 17, 18, 19, 20, 17, 38, 42, 43, 44, 45, 46, 13, 47, 50, 17, 18, 19, 20, 17, 51, 32, 33, 34, 35, 36, 37, 17, 18, 19, 20, 17, 38, 42, 43, 44, 45, 51, 32, 33, 34, 35, 36, 37, 17, 18, 19, 20, 17, 38, 42, 43, 44, 45, 46, 13, 47, 50, 17, 18, 19, 20, 17, 51, 32, 33, 34, 35, 36, 37, 17, 18, 19, 20, 17, 38, 42, 43, 44, 45, 46, 13, 47, 50, 17, 18, 19, 20, 17, 51, 32, 33, 34, 35, 36, 37, 17, 18, 19, 20, 17, 38, 42, 43, 44, 45, 46, 13, 47, 48, 17, 18, 19, 20, 17, 51, 32, 33, 34, 35, 36, 37, 17, 18, 19, 20, 17, 38, 42, 43, 44, 45, 46, 13, 47, 50, 17, 18, 19, 20, 17, 51, 32, 33, 34, 35, 36, 37, 17, 18, 19, 20, 17, 38, 42, 43, 44, 45, 46, 13, 47, 48, 17, 18, 19, 20, 17, 51, 32, 33, 34, 35, 36, 37, 17, 18, 19, 20, 17, 38, 42, 43, 44, 45, 46, 13, 47, 50, 17, 18, 19, 20, 17, 51, 32, 33, 34, 35, 36, 37, 17, 18, 19, 20, 17, 38, 42, 43, 44, 45, 51, 32, 33, 34, 35, 36, 37, 17, 18, 19, 20, 17, 38, 42, 43, 44, 45, 46, 13, 47, 48, 17, 18, 19, 20, 17, 51, 32, 33, 34, 35, 36, 37, 17, 18, 19, 20, 17, 38, 42, 43, 44, 45, 51, 32, 33, 34, 35, 36, 37, 17, 18, 19, 20, 17, 38, 42, 43, 44, 45, 46, 13, 47, 50, 17, 18, 19, 20, 17, 51, 32, 33, 34, 35, 36, 37, 17, 18, 19, 20, 17, 38, 42, 43, 44, 45, 46, 13, 47, 48, 17, 18, 19, 20, 17, 51, 32, 33, 34, 35, 36, 37, 17, 18, 19, 20, 17, 38, 42, 43, 44, 45, 46, 13, 47, 50, 17, 18, 19, 20, 17, 51, 32, 33, 34, 35, 36, 37, 17, 18, 19, 20, 17, 38, 42, 43, 44, 45, 46, 13, 47, 50, 17, 18, 19, 20, 17, 51, 32, 33, 34, 35, 36, 37, 17, 18, 19, 20, 17, 38, 42, 43, 44, 45, 46, 13, 47, 48, 17, 18, 19, 20, 17, 51, 32, 33, 34, 35, 36, 37, 17, 18, 19, 20, 17, 38, 42, 43, 44, 45, 46, 13, 47, 50, 17, 18, 19, 20, 17, 51, 32, 33, 34, 35, 36, 37, 17, 18, 19, 20, 17, 38, 42, 43, 44, 45, 46, 13, 47, 48, 17, 18, 19, 20, 17, 51, 32, 33, 34, 35, 36, 37, 17, 18, 19, 20, 17, 38, 32, 33, 34, 35, 36, 37, 17, 18, 19, 20, 17, 38, 42, 43, 44, 45, 46, 13, 47, 48, 17, 18, 19, 20, 17, 51, 42, 43, 44, 45, 46, 13, 47, 50, 17, 18, 19, 20, 17, 51, 32, 33, 34, 35, 36, 37, 17, 18, 19, 20, 17, 38, 32, 33, 34, 35, 38, 42, 43, 44, 45, 46, 13, 47, 50, 17, 18, 19, 20, 17, 51, 42, 43, 44, 45, 46, 13, 47, 48, 17, 18, 19, 20, 17, 51, 32, 33, 34, 35, 36, 37, 17, 18, 19, 20, 17, 38, 32, 33, 34, 35, 36, 37, 17, 18, 19, 20, 17, 38, 42, 43, 44, 45, 46, 13, 47, 48, 17, 18, 19, 20, 17, 51, 42, 43, 44, 45, 51, 32, 33, 34, 35, 36, 37, 17, 18, 19, 20, 17, 38, 32, 33, 34, 35, 36, 37, 17, 18, 19, 20, 17, 38, 42, 43, 44, 45, 46, 13, 47, 48, 17, 18, 19, 20, 17, 51, 32, 33, 34, 35, 36, 37, 17, 18, 19, 20, 17, 38, 42, 43, 44, 45, 46, 13, 47, 48, 17, 18, 19, 20, 17, 51, 32, 33, 34, 35, 36, 37, 17, 18, 19, 20, 17, 38, 42, 43, 44, 45, 46, 13, 47, 50, 17, 18, 19, 20, 17, 51, 32, 33, 34, 35, 38, 42, 43, 44, 45, 46, 13, 47, 48, 17, 18, 19, 20, 17, 51, 32, 33, 34, 35, 36, 37, 17, 18, 19, 20, 17, 38, 42, 43, 44, 45, 46, 13, 47, 50, 17, 18, 19, 20, 17, 51, 32, 33, 34, 35, 36, 37, 17, 18, 19, 20, 17, 38, 42, 43, 44, 45, 46, 13, 47, 48, 17, 18, 19, 20, 17, 51, 32, 33, 34, 35, 36, 37, 17, 18, 19, 20, 17, 38, 42, 43, 44, 45, 46, 13, 47, 48, 17, 18, 19, 20, 17, 51, 42, 43, 44, 45, 46, 13, 47, 48, 17, 18, 19, 20, 17, 51, 32, 33, 34, 35, 36, 37, 17, 18, 19, 20, 17, 38, 42, 43, 44, 45, 46, 13, 47, 48, 17, 18, 19, 20, 17, 51, 32, 33, 34, 35, 36, 37, 17, 18, 19, 20, 17, 38, 42, 43, 44, 45, 51, 32, 33, 34, 35, 36, 37, 17, 18, 19, 20, 17, 38, 42, 43, 44, 45, 46, 13, 47, 48, 17, 18, 19, 20, 17, 51, 32, 33, 34, 35, 36, 37, 17, 18, 19, 20, 17, 38, 42, 43, 44, 45, 51, 32, 33, 34, 35, 36, 37, 17, 18, 19, 20, 17, 38, 42, 43, 44, 45, 51, 32, 33, 34, 35, 36, 37, 17, 18, 19, 20, 17, 38, 42, 43, 44, 45, 46, 13, 47, 48, 17, 18, 19, 20, 17, 51, 32, 33, 34, 35, 36, 37, 17, 18, 19, 20, 17, 38, 42, 43, 44, 45, 51, 32, 33, 34, 35, 36, 37, 17, 18, 19, 20, 17, 38, 42, 43, 44, 45, 46, 13, 47, 50, 17, 18, 19, 20, 17, 51, 32, 33, 34, 35, 36, 37, 17, 18, 19, 20, 17, 38, 42, 43, 44, 45, 46, 13, 47, 48, 17, 18, 19, 20, 17, 51, 32, 33, 34, 35, 36, 37, 17, 18, 19, 20, 17, 38, 32, 33, 34, 35, 36, 37, 17, 18, 19, 20, 17, 38, 42, 43, 44, 45, 46, 13, 47, 48, 17, 18, 19, 20, 17, 51, 42, 43, 44, 45, 46, 13, 47, 48, 17, 18, 19, 20, 17, 51, 32, 33, 34, 35, 36, 37, 17, 18, 19, 20, 17, 38, 42, 43, 44, 45, 46, 13, 47, 48, 17, 18, 19, 20, 17, 51, 32, 33, 34, 35, 36, 37, 17, 18, 19, 20, 17, 38, 32, 33, 34, 35, 36, 37, 17, 18, 19, 20, 17, 38, 42, 43, 44, 45, 51, 32, 33, 34, 35, 36, 37, 17, 18, 19, 20, 17, 38, 42, 43, 44, 45, 46, 13, 47, 50, 17, 18, 19, 20, 17, 51, 32, 33, 34, 35, 36, 37, 17, 18, 19, 20, 17, 38, 42, 43, 44, 45, 46, 13, 47, 50, 17, 18, 19, 20, 17, 51, 32, 33, 34, 35, 38, 42, 43, 44, 45, 46, 13, 47, 50, 17, 18, 19, 20, 17, 51, 32, 33, 34, 35, 36, 37, 17, 18, 19, 20, 17, 38, 42, 43, 44, 45, 46, 13, 47, 48, 17, 18, 19, 20, 17, 51, 32, 33, 34, 35, 36, 37, 17, 18, 19, 20, 17, 38, 42, 43, 44, 45, 46, 13, 47, 48, 17, 18, 19, 20, 17, 51, 32, 33, 34, 35, 36, 37, 17, 18, 19, 20, 17, 38, 42, 43, 44, 45, 46, 13, 47, 50, 17, 18, 19, 20, 17, 51, 32, 33, 34, 35, 36, 37, 17, 18, 19, 20, 17, 38, 42, 43, 44, 45, 46, 13, 47, 50, 17, 18, 19, 20, 17, 51, 32, 33, 34, 35, 36, 37, 17, 18, 19, 20, 17, 38, 42, 43, 44, 45, 46, 13, 47, 48, 17, 18, 19, 20, 17, 51, 32, 33, 34, 35, 36, 37, 17, 18, 19, 20, 17, 38, 42, 43, 44, 45, 46, 13, 47, 50, 17, 18, 19, 20, 17, 51, 32, 33, 34, 35, 38, 42, 43, 44, 45, 46, 13, 47, 50, 17, 18, 19, 20, 17, 51, 32, 33, 34, 35, 36, 37, 17, 18, 19, 20, 17, 38, 42, 43, 44, 45, 46, 13, 47, 48, 17, 18, 19, 20, 17, 51, 32, 33, 34, 35, 38, 42, 43, 44, 45, 46, 13, 47, 48, 17, 18, 19, 20, 17, 51, 32, 33, 34, 35, 38, 42, 43, 44, 45, 46, 13, 47, 50, 17, 18, 19, 20, 17, 51, 32, 33, 34, 35, 36, 37, 17, 18, 19, 20, 17, 38, 42, 43, 44, 45, 46, 13, 47, 50, 17, 18, 19, 20, 17, 51, 32, 33, 34, 35, 36, 37, 17, 18, 19, 20, 17, 38, 42, 43, 44, 45, 46, 13, 47, 48, 17, 18, 19, 20, 17, 51, 32, 33, 34, 35, 36, 37, 17, 18, 19, 20, 17, 38, 42, 43, 44, 45, 46, 13, 47, 48, 17, 18, 19, 20, 17, 51, 32, 33, 34, 35, 36, 37, 17, 18, 19, 20, 17, 38, 42, 43, 44, 45, 46, 13, 47, 50, 17, 18, 19, 20, 17, 51, 32, 33, 34, 35, 36, 37, 17, 18, 19, 20, 17, 38, 42, 43, 44, 45, 46, 13, 47, 50, 17, 18, 19, 20, 17, 51, 32, 33, 34, 35, 36, 37, 17, 18, 19, 20, 17, 38, 42, 43, 44, 45, 46, 13, 47, 50, 17, 18, 19, 20, 17, 51, 32, 33, 34, 35, 36, 37, 17, 18, 19, 20, 17, 38, 42, 43, 44, 45, 51, 32, 33, 34, 35, 36, 37, 17, 18, 19, 20, 17, 38, 42, 43, 44, 45, 46, 13, 47, 48, 17, 18, 19, 20, 17, 51, 32, 33, 34, 35, 36, 37, 17, 18, 19, 20, 17, 38, 42, 43, 44, 45, 46, 13, 47, 48, 17, 18, 19, 20, 17, 51, 32, 33, 34, 35, 36, 37, 17, 18, 19, 20, 17, 38, 42, 43, 44, 45, 46, 13, 47, 48, 17, 18, 19, 20, 17, 51, 32, 33, 34, 35, 36, 37, 17, 18, 19, 20, 17, 38, 42, 43, 44, 45, 46, 13, 47, 48, 17, 18, 19, 20, 17, 51, 32, 33, 34, 35, 38, 42, 43, 44, 45, 46, 13, 47, 50, 17, 18, 19, 20, 17, 51, 32, 33, 34, 35, 36, 37, 17, 18, 19, 20, 17, 38, 42, 43, 44, 45, 46, 13, 47, 48, 17, 18, 19, 20, 17, 51, 32, 33, 34, 35, 36, 37, 17, 18, 19, 20, 17, 38, 42, 43, 44, 45, 46, 13, 47, 50, 17, 18, 19, 20, 17, 51, 42, 43, 44, 45, 46, 13, 47, 48, 17, 18, 19, 20, 17, 51, 32, 33, 34, 35, 38, 42, 43, 44, 45, 46, 13, 47, 50, 17, 18, 19, 20, 17, 51, 32, 33, 34, 35, 36, 37, 17, 18, 19, 20, 17, 38, 42, 43, 44, 45, 46, 13, 47, 48, 17, 18, 19, 20, 17, 51, 32, 33, 34, 35, 36, 37, 17, 18, 19, 20, 17, 38, 42, 43, 44, 45, 46, 13, 47, 48, 17, 18, 19, 20, 17, 51, 32, 33, 34, 35, 38, 42, 43, 44, 45, 46, 13, 47, 48, 17, 18, 19, 20, 17, 51, 32, 33, 34, 35, 36, 37, 17, 18, 19, 20, 17, 38, 42, 43, 44, 45, 51, 32, 33, 34, 35, 36, 37, 17, 18, 19, 20, 17, 38, 42, 43, 44, 45, 46, 13, 47, 48, 17, 18, 19, 20, 17, 51, 32, 33, 34, 35, 36, 37, 17, 18, 19, 20, 17, 38, 42, 43, 44, 45, 46, 13, 47, 50, 17, 18, 19, 20, 17, 51, 32, 33, 34, 35, 38, 42, 43, 44, 45, 46, 13, 47, 48, 17, 18, 19, 20, 17, 51, 32, 33, 34, 35, 36, 37, 17, 18, 19, 20, 17, 38, 42, 43, 44, 45, 46, 13, 47, 50, 17, 18, 19, 20, 17, 51, 32, 33, 34, 35, 36, 37, 17, 18, 19, 20, 17, 38, 42, 43, 44, 45, 46, 13, 47, 50, 17, 18, 19, 20, 17, 51, 32, 33, 34, 35, 36, 37, 17, 18, 19, 20, 17, 38, 42, 43, 44, 45, 46, 13, 47, 48, 17, 18, 19, 20, 17, 51, 32, 33, 34, 35, 36, 37, 17, 18, 19, 20, 17, 38, 32, 33, 34, 35, 36, 37, 17, 18, 19, 20, 17, 38, 42, 43, 44, 45, 46, 13, 47, 50, 17, 18, 19, 20, 17, 51, 81, 78, 79, 54, 24, 25, 26, 27, 26, 25, 26, 27, 26, 25, 26, 27, 26, 25, 26, 27, 26, 25, 26, 27, 26, 25, 26, 27, 26, 25, 26, 27, 26, 25, 26, 27, 26, 25, 26, 27, 26, 25, 26, 27, 26, 25, 28, 55, 56, 55, 56, 55, 56, 55, 56, 55, 56, 55, 56, 55, 56, 55, 56, 55, 56, 55, 56, 55, 57, 80, 32, 33, 34, 35, 36, 37, 17, 18, 19, 20, 17, 38, 42, 43, 44, 45, 46, 13, 47, 48, 17, 18, 19, 20, 17, 51, 32, 33, 34, 35, 36, 37, 17, 18, 19, 20, 17, 38, 42, 43, 44, 45, 46, 13, 47, 50, 17, 18, 19, 20, 17, 51, 32, 33, 34, 35, 36, 37, 17, 18, 19, 20, 17, 38, 42, 43, 44, 45, 46, 13, 47, 48, 17, 18, 19, 20, 17, 51, 32, 33, 34, 35, 38, 42, 43, 44, 45, 51, 32, 33, 34, 35, 38, 42, 43, 44, 45, 51, 32, 33, 34, 35, 36, 37, 17, 18, 19, 20, 17, 38, 42, 43, 44, 45, 51, 32, 33, 34, 35, 36, 37, 17, 18, 19, 20, 17, 38, 42, 43, 44, 45, 46, 13, 47, 48, 17, 18, 19, 20, 17, 51, 32, 33, 34, 35, 38, 42, 43, 44, 45, 46, 13, 47, 50, 17, 18, 19, 20, 17, 51, 32, 33, 34, 35, 36, 37, 17, 18, 19, 20, 17, 38, 42, 43, 44, 45, 46, 13, 47, 50, 17, 18, 19, 20, 17, 51, 32, 33, 34, 35, 36, 37, 17, 18, 19, 20, 17, 38, 42, 43, 44, 45, 46, 13, 47, 50, 17, 18, 19, 20, 17, 51, 32, 33, 34, 35, 38, 42, 43, 44, 45, 46, 13, 47, 50, 17, 18, 19, 20, 17, 51, 32, 33, 34, 35, 36, 37, 17, 18, 19, 20, 17, 38, 42, 43, 44, 45, 51, 32, 33, 34, 35, 36, 37, 17, 18, 19, 20, 17, 38, 42, 43, 44, 45, 46, 13, 47, 48, 17, 18, 19, 20, 17, 51, 32, 33, 34, 35, 36, 37, 17, 18, 19, 20, 17, 38, 42, 43, 44, 45, 46, 13, 47, 50, 17, 18, 19, 20, 17, 51, 32, 33, 34, 35, 36, 37, 17, 18, 19, 20, 17, 38, 42, 43, 44, 45, 46, 13, 47, 50, 17, 18, 19, 20, 17, 51, 32, 33, 34, 35, 38, 42, 43, 44, 45, 46, 13, 47, 48, 17, 18, 19, 20, 17, 51, 32, 33, 34, 35, 36, 37, 17, 18, 19, 20, 17, 38, 42, 43, 44, 45, 46, 13, 47, 48, 17, 18, 19, 20, 17, 51, 42, 43, 44, 45, 46, 13, 47, 48, 17, 18, 19, 20, 17, 51, 32, 33, 34, 35, 36, 37, 17, 18, 19, 20, 17, 38, 42, 43, 44, 45, 46, 13, 47, 48, 17, 18, 19, 20, 17, 51, 32, 33, 34, 35, 36, 37, 17, 18, 19, 20, 17, 38, 42, 43, 44, 45, 46, 13, 47, 48, 17, 18, 19, 20, 17, 51, 32, 33, 34, 35, 36, 37, 17, 18, 19, 20, 17, 38, 42, 43, 44, 45, 46, 13, 47, 48, 17, 18, 19, 20, 17, 51, 32, 33, 34, 35, 38, 42, 43, 44, 45, 46, 13, 47, 50, 17, 18, 19, 20, 17, 51, 32, 33, 34, 35, 38, 32, 33, 34, 35, 36, 37, 17, 18, 19, 20, 17, 38, 42, 43, 44, 45, 46, 13, 47, 50, 17, 18, 19, 20, 17, 51, 32, 33, 34, 35, 36, 37, 17, 18, 19, 20, 17, 38, 42, 43, 44, 45, 46, 13, 47, 50, 17, 18, 19, 20, 17, 51, 32, 33, 34, 35, 36, 37, 17, 18, 19, 20, 17, 38, 42, 43, 44, 45, 46, 13, 47, 50, 17, 18, 19, 20, 17, 51, 32, 33, 34, 35, 36, 37, 17, 18, 19, 20, 17, 38, 42, 43, 44, 45, 46, 13, 47, 48, 17, 18, 19, 20, 17, 51, 32, 33, 34, 35, 36, 37, 17, 18, 19, 20, 17, 38, 42, 43, 44, 45, 46, 13, 47, 50, 17, 18, 19, 20, 17, 51, 32, 33, 34, 35, 36, 37, 17, 18, 19, 20, 17, 38, 42, 43, 44, 45, 46, 13, 47, 50, 17, 18, 19, 20, 17, 51, 32, 33, 34, 35, 36, 37, 17, 18, 19, 20, 17, 38, 42, 43, 44, 45, 46, 13, 47, 48, 17, 18, 19, 20, 17, 51, 32, 33, 34, 35, 38, 42, 43, 44, 45, 46, 13, 47, 48, 17, 18, 19, 20, 17, 51, 32, 33, 34, 35, 36, 37, 17, 18, 19, 20, 17, 38, 42, 43, 44, 45, 51, 32, 33, 34, 35, 36, 37, 17, 18, 19, 20, 17, 38, 42, 43, 44, 45, 46, 13, 47, 50, 17, 18, 19, 20, 17, 51, 32, 33, 34, 35, 36, 37, 17, 18, 19, 20, 17, 38, 42, 43, 44, 45, 46, 13, 47, 50, 17, 18, 19, 20, 17, 51, 32, 33, 34, 35, 36, 37, 17, 18, 19, 20, 17, 38, 42, 43, 44, 45, 46, 13, 47, 50, 17, 18, 19, 20, 17, 51, 32, 33, 34, 35, 36, 37, 17, 18, 19, 20, 17, 38, 42, 43, 44, 45, 46, 13, 47, 48, 17, 18, 19, 20, 17, 51, 32, 33, 34, 35, 36, 37, 17, 18, 19, 20, 17, 38, 42, 43, 44, 45, 46, 13, 47, 48, 17, 18, 19, 20, 17, 51, 32, 33, 34, 35, 36, 37, 17, 18, 19, 20, 17, 38, 42, 43, 44, 45, 46, 13, 47, 48, 17, 18, 19, 20, 17, 51, 32, 33, 34, 35, 36, 37, 17, 18, 19, 20, 17, 38, 42, 43, 44, 45, 46, 13, 47, 50, 17, 18, 19, 20, 17, 51, 32, 33, 34, 35, 36, 37, 17, 18, 19, 20, 17, 38, 42, 43, 44, 45, 46, 13, 47, 48, 17, 18, 19, 20, 17, 51, 32, 33, 34, 35, 36, 37, 17, 18, 19, 20, 17, 38, 42, 43, 44, 45, 51, 32, 33, 34, 35, 36, 37, 17, 18, 19, 20, 17, 38, 42, 43, 44, 45, 46, 13, 47, 48, 17, 18, 19, 20, 17, 51, 32, 33, 34, 35, 36, 37, 17, 18, 19, 20, 17, 38, 42, 43, 44, 45, 46, 13, 47, 50, 17, 18, 19, 20, 17, 51, 32, 33, 34, 35, 36, 37, 17, 18, 19, 20, 17, 38, 42, 43, 44, 45, 46, 13, 47, 48, 17, 18, 19, 20, 17, 51, 32, 33, 34, 35, 36, 37, 17, 18, 19, 20, 17, 38, 42, 43, 44, 45, 46, 13, 47, 50, 17, 18, 19, 20, 17, 51, 32, 33, 34, 35, 36, 37, 17, 18, 19, 20, 17, 38, 42, 43, 44, 45, 46, 13, 47, 48, 17, 18, 19, 20, 17, 51, 32, 33, 34, 35, 36, 37, 17, 18, 19, 20, 17, 38, 42, 43, 44, 45, 46, 13, 47, 50, 17, 18, 19, 20, 17, 51, 32, 33, 34, 35, 36, 37, 17, 18, 19, 20, 17, 38, 42, 43, 44, 45, 46, 13, 47, 48, 17, 18, 19, 20, 17, 51, 32, 33, 34, 35, 36, 37, 17, 18, 19, 20, 17, 38, 42, 43, 44, 45, 46, 13, 47, 48, 17, 18, 19, 20, 17, 51, 32, 33, 34, 35, 36, 37, 17, 18, 19, 20, 17, 38, 42, 43, 44, 45, 46, 13, 47, 48, 17, 18, 19, 20, 17, 51, 32, 33, 34, 35, 36, 37, 17, 18, 19, 20, 17, 38, 42, 43, 44, 45, 46, 13, 47, 48, 17, 18, 19, 20, 17, 51, 32, 33, 34, 35, 36, 37, 17, 18, 19, 20, 17, 38, 42, 43, 44, 45, 46, 13, 47, 48, 17, 18, 19, 20, 17, 51, 32, 33, 34, 35, 38, 42, 43, 44, 45, 46, 13, 47, 48, 17, 18, 19, 20, 17, 51, 32, 33, 34, 35, 38, 42, 43, 44, 45, 46, 13, 47, 48, 17, 18, 19, 20, 17, 51, 32, 33, 34, 35, 36, 37, 17, 18, 19, 20, 17, 38, 42, 43, 44, 45, 51, 32, 33, 34, 35, 36, 37, 17, 18, 19, 20, 17, 38, 42, 43, 44, 45, 46, 13, 47, 50, 17, 18, 19, 20, 17, 51, 32, 33, 34, 35, 36, 37, 17, 18, 19, 20, 17, 38, 42, 43, 44, 45, 46, 13, 47, 48, 17, 18, 19, 20, 17, 51, 32, 33, 34, 35, 36, 37, 17, 18, 19, 20, 17, 38, 42, 43, 44, 45, 46, 13, 47, 48, 17, 18, 19, 20, 17, 51, 32, 33, 34, 35, 36, 37, 17, 18, 19, 20, 17, 38, 42, 43, 44, 45, 51, 32, 33, 34, 35, 36, 37, 17, 18, 19, 20, 17, 38, 42, 43, 44, 45, 46, 13, 47, 48, 17, 18, 19, 20, 17, 51, 32, 33, 34, 35, 36, 37, 17, 18, 19, 20, 17, 38, 42, 43, 44, 45, 51, 32, 33, 34, 35, 36, 37, 17, 18, 19, 20, 17, 38, 42, 43, 44, 45, 46, 13, 47, 50, 17, 18, 19, 20, 17, 51, 32, 33, 34, 35, 36, 37, 17, 18, 19, 20, 17, 38, 42, 43, 44, 45, 46, 13, 47, 50, 17, 18, 19, 20, 17, 51, 32, 33, 34, 35, 36, 37, 17, 18, 19, 20, 17, 38, 42, 43, 44, 45, 46, 13, 47, 48, 17, 18, 19, 20, 17, 51, 32, 33, 34, 35, 36, 37, 17, 18, 19, 20, 17, 38, 42, 43, 44, 45, 46, 13, 47, 48, 17, 18, 19, 20, 17, 51, 32, 33, 34, 35, 36, 37, 17, 18, 19, 20, 17, 38, 42, 43, 44, 45, 46, 13, 47, 50, 17, 18, 19, 20, 17, 51, 32, 33, 34, 35, 36, 37, 17, 18, 19, 20, 17, 38, 42, 43, 44, 45, 46, 13, 47, 48, 17, 18, 19, 20, 17, 51, 32, 33, 34, 35, 36, 37, 17, 18, 19, 20, 17, 38, 42, 43, 44, 45, 46, 13, 47, 48, 17, 18, 19, 20, 17, 51, 32, 33, 34, 35, 38, 42, 43, 44, 45, 46, 13, 47, 48, 17, 18, 19, 20, 17, 51, 32, 33, 34, 35, 38, 42, 43, 44, 45, 51, 32, 33, 34, 35, 36, 37, 17, 18, 19, 20, 17, 38, 42, 43, 44, 45, 46, 13, 47, 48, 17, 18, 19, 20, 17, 51, 32, 33, 34, 35, 38, 42, 43, 44, 45, 46, 13, 47, 50, 17, 18, 19, 20, 17, 51, 32, 33, 34, 35, 38, 42, 43, 44, 45, 46, 13, 47, 50, 17, 18, 19, 20, 17, 51, 32, 33, 34, 35, 36, 37, 17, 18, 19, 20, 17, 38, 42, 43, 44, 45, 46, 13, 47, 48, 17, 18, 19, 20, 17, 51, 32, 33, 34, 35, 36, 37, 17, 18, 19, 20, 17, 38, 42, 43, 44, 45, 46, 13, 47, 50, 17, 18, 19, 20, 17, 51, 32, 33, 34, 35, 36, 37, 17, 18, 19, 20, 17, 38, 42, 43, 44, 45, 46, 13, 47, 48, 17, 18, 19, 20, 17, 51, 32, 33, 34, 35, 36, 37, 17, 18, 19, 20, 17, 38, 42, 43, 44, 45, 46, 13, 47, 48, 17, 18, 19, 20, 17, 51, 32, 33, 34, 35, 36, 37, 17, 18, 19, 20, 17, 38, 42, 43, 44, 45, 46, 13, 47, 48, 17, 18, 19, 20, 17, 51, 32, 33, 34, 35, 36, 37, 17, 18, 19, 20, 17, 38, 42, 43, 44, 45, 46, 13, 47, 48, 17, 18, 19, 20, 17, 51, 32, 33, 34, 35, 36, 37, 17, 18, 19, 20, 17, 38, 42, 43, 44, 45, 46, 13, 47, 48, 17, 18, 19, 20, 17, 51, 32, 33, 34, 35, 36, 37, 17, 18, 19, 20, 17, 38, 42, 43, 44, 45, 51, 32, 33, 34, 35, 36, 37, 17, 18, 19, 20, 17, 38, 42, 43, 44, 45, 46, 13, 47, 48, 17, 18, 19, 20, 17, 51, 32, 33, 34, 35, 36, 37, 17, 18, 19, 20, 17, 38, 42, 43, 44, 45, 46, 13, 47, 50, 17, 18, 19, 20, 17, 51, 32, 33, 34, 35, 36, 37, 17, 18, 19, 20, 17, 38, 42, 43, 44, 45, 46, 13, 47, 48, 17, 18, 19, 20, 17, 51, 32, 33, 34, 35, 36, 37, 17, 18, 19, 20, 17, 38, 42, 43, 44, 45, 46, 13, 47, 48, 17, 18, 19, 20, 17, 51, 32, 33, 34, 35, 36, 37, 17, 18, 19, 20, 17, 38, 42, 43, 44, 45, 46, 13, 47, 48, 17, 18, 19, 20, 17, 51, 32, 33, 34, 35, 36, 37, 17, 18, 19, 20, 17, 38, 42, 43, 44, 45, 46, 13, 47, 48, 17, 18, 19, 20, 17, 51, 32, 33, 34, 35, 38, 42, 43, 44, 45, 46, 13, 47, 48, 17, 18, 19, 20, 17, 51, 32, 33, 34, 35, 36, 37, 17, 18, 19, 20, 17, 38, 42, 43, 44, 45, 46, 13, 47, 48, 17, 18, 19, 20, 17, 51, 32, 33, 34, 35, 36, 37, 17, 18, 19, 20, 17, 38, 42, 43, 44, 45, 46, 13, 47, 48, 17, 18, 19, 20, 17, 51, 32, 33, 34, 35, 36, 37, 17, 18, 19, 20, 17, 38, 42, 43, 44, 45, 46, 13, 47, 50, 17, 18, 19, 20, 17, 51, 32, 33, 34, 35, 36, 37, 17, 18, 19, 20, 17, 38, 42, 43, 44, 45, 46, 13, 47, 50, 17, 18, 19, 20, 17, 51, 32, 33, 34, 35, 38, 42, 43, 44, 45, 46, 13, 47, 48, 17, 18, 19, 20, 17, 51, 32, 33, 34, 35, 36, 37, 17, 18, 19, 20, 17, 38, 42, 43, 44, 45, 51, 32, 33, 34, 35, 36, 37, 17, 18, 19, 20, 17, 38, 42, 43, 44, 45, 46, 13, 47, 50, 17, 18, 19, 20, 17, 51, 32, 33, 34, 35, 36, 37, 17, 18, 19, 20, 17, 38, 42, 43, 44, 45, 46, 13, 47, 48, 17, 18, 19, 20, 17, 51, 32, 33, 34, 35, 36, 37, 17, 18, 19, 20, 17, 38, 42, 43, 44, 45, 46, 13, 47, 48, 17, 18, 19, 20, 17, 51, 81, 78, 79, 54, 24, 25, 26, 27, 26, 25, 26, 27, 26, 25, 26, 27, 26, 25, 26, 27, 26, 25, 26, 27, 26, 25, 26, 27, 26, 25, 26, 27, 26, 25, 26, 27, 26, 25, 26, 27, 26, 25, 26, 27, 26, 25, 28, 55, 56, 55, 56, 55, 56, 55, 56, 55, 56, 55, 56, 55, 56, 55, 56, 55, 56, 55, 56, 55, 57, 80, 32, 33, 34, 35, 36, 37, 17, 18, 19, 20, 17, 38, 42, 43, 44, 45, 46, 13, 47, 48, 17, 18, 19, 20, 17, 51, 32, 33, 34, 35, 36, 37, 17, 18, 19, 20, 17, 38, 42, 43, 44, 45, 46, 13, 47, 48, 17, 18, 19, 20, 17, 51, 32, 33, 34, 35, 36, 37, 17, 18, 19, 20, 17, 38, 42, 43, 44, 45, 46, 13, 47, 48, 17, 18, 19, 20, 17, 51, 32, 33, 34, 35, 38, 42, 43, 44, 45, 46, 13, 47, 48, 17, 18, 19, 20, 17, 51, 32, 33, 34, 35, 36, 37, 17, 18, 19, 20, 17, 38, 42, 43, 44, 45, 51, 32, 33, 34, 35, 36, 37, 17, 18, 19, 20, 17, 38, 42, 43, 44, 45, 46, 13, 47, 48, 17, 18, 19, 20, 17, 51, 32, 33, 34, 35, 36, 37, 17, 18, 19, 20, 17, 38, 42, 43, 44, 45, 51, 32, 33, 34, 35, 36, 37, 17, 18, 19, 20, 17, 38, 42, 43, 44, 45, 46, 13, 47, 48, 17, 18, 19, 20, 17, 51, 32, 33, 34, 35, 36, 37, 17, 18, 19, 20, 17, 38, 42, 43, 44, 45, 51, 32, 33, 34, 35, 36, 37, 17, 18, 19, 20, 17, 38, 42, 43, 44, 45, 46, 13, 47, 48, 17, 18, 19, 20, 17, 51, 32, 33, 34, 35, 36, 37, 17, 18, 19, 20, 17, 38, 42, 43, 44, 45, 46, 13, 47, 50, 17, 18, 19, 20, 17, 51, 32, 33, 34, 35, 36, 37, 17, 18, 19, 20, 17, 38, 42, 43, 44, 45, 46, 13, 47, 48, 17, 18, 19, 20, 17, 51, 32, 33, 34, 35, 38, 42, 43, 44, 45, 46, 13, 47, 50, 17, 18, 19, 20, 17, 51, 32, 33, 34, 35, 36, 37, 17, 18, 19, 20, 17, 38, 42, 43, 44, 45, 46, 13, 47, 50, 17, 18, 19, 20, 17, 51, 32, 33, 34, 35, 36, 37, 17, 18, 19, 20, 17, 38, 42, 43, 44, 45, 46, 13, 47, 48, 17, 18, 19, 20, 17, 51, 32, 33, 34, 35, 38, 42, 43, 44, 45, 46, 13, 47, 50, 17, 18, 19, 20, 17, 51, 32, 33, 34, 35, 36, 37, 17, 18, 19, 20, 17, 38, 42, 43, 44, 45, 46, 13, 47, 48, 17, 18, 19, 20, 17, 51, 32, 33, 34, 35, 36, 37, 17, 18, 19, 20, 17, 38, 42, 43, 44, 45, 46, 13, 47, 50, 17, 18, 19, 20, 17, 51, 32, 33, 34, 35, 36, 37, 17, 18, 19, 20, 17, 38, 42, 43, 44, 45, 46, 13, 47, 48, 17, 18, 19, 20, 17, 51, 32, 33, 34, 35, 36, 37, 17, 18, 19, 20, 17, 38, 42, 43, 44, 45, 46, 13, 47, 50, 17, 18, 19, 20, 17, 51, 32, 33, 34, 35, 36, 37, 17, 18, 19, 20, 17, 38, 42, 43, 44, 45, 46, 13, 47, 48, 17, 18, 19, 20, 17, 51, 32, 33, 34, 35, 36, 37, 17, 18, 19, 20, 17, 38, 42, 43, 44, 45, 46, 13, 47, 48, 17, 18, 19, 20, 17, 51, 32, 33, 34, 35, 36, 37, 17, 18, 19, 20, 17, 38, 42, 43, 44, 45, 46, 13, 47, 50, 17, 18, 19, 20, 17, 51, 32, 33, 34, 35, 36, 37, 17, 18, 19, 20, 17, 38, 42, 43, 44, 45, 46, 13, 47, 50, 17, 18, 19, 20, 17, 51, 32, 33, 34, 35, 36, 37, 17, 18, 19, 20, 17, 38, 42, 43, 44, 45, 46, 13, 47, 50, 17, 18, 19, 20, 17, 51, 32, 33, 34, 35, 36, 37, 17, 18, 19, 20, 17, 38, 42, 43, 44, 45, 46, 13, 47, 48, 17, 18, 19, 20, 17, 51, 32, 33, 34, 35, 36, 37, 17, 18, 19, 20, 17, 38, 42, 43, 44, 45, 51, 32, 33, 34, 35, 36, 37, 17, 18, 19, 20, 17, 38, 42, 43, 44, 45, 51, 32, 33, 34, 35, 36, 37, 17, 18, 19, 20, 17, 38, 42, 43, 44, 45, 46, 13, 47, 48, 17, 18, 19, 20, 17, 51, 32, 33, 34, 35, 36, 37, 17, 18, 19, 20, 17, 38, 42, 43, 44, 45, 46, 13, 47, 48, 17, 18, 19, 20, 17, 51, 32, 33, 34, 35, 36, 37, 17, 18, 19, 20, 17, 38, 42, 43, 44, 45, 46, 13, 47, 48, 17, 18, 19, 20, 17, 51, 32, 33, 34, 35, 36, 37, 17, 18, 19, 20, 17, 38, 42, 43, 44, 45, 46, 13, 47, 48, 17, 18, 19, 20, 17, 51, 32, 33, 34, 35, 36, 37, 17, 18, 19, 20, 17, 38, 42, 43, 44, 45, 46, 13, 47, 48, 17, 18, 19, 20, 17, 51, 32, 33, 34, 35, 36, 37, 17, 18, 19, 20, 17, 38, 42, 43, 44, 45, 46, 13, 47, 48, 17, 18, 19, 20, 17, 51, 32, 33, 34, 35, 36, 37, 17, 18, 19, 20, 17, 38, 42, 43, 44, 45, 46, 13, 47, 48, 17, 18, 19, 20, 17, 51, 32, 33, 34, 35, 36, 37, 17, 18, 19, 20, 17, 38, 42, 43, 44, 45, 46, 13, 47, 48, 17, 18, 19, 20, 17, 51, 32, 33, 34, 35, 36, 37, 17, 18, 19, 20, 17, 38, 42, 43, 44, 45, 46, 13, 47, 48, 17, 18, 19, 20, 17, 51, 32, 33, 34, 35, 36, 37, 17, 18, 19, 20, 17, 38, 42, 43, 44, 45, 46, 13, 47, 48, 17, 18, 19, 20, 17, 51, 32, 33, 34, 35, 36, 37, 17, 18, 19, 20, 17, 38, 42, 43, 44, 45, 46, 13, 47, 48, 17, 18, 19, 20, 17, 51, 42, 43, 44, 45, 46, 13, 47, 50, 17, 18, 19, 20, 17, 51, 32, 33, 34, 35, 36, 37, 17, 18, 19, 20, 17, 38, 42, 43, 44, 45, 46, 13, 47, 50, 17, 18, 19, 20, 17, 51, 32, 33, 34, 35, 36, 37, 17, 18, 19, 20, 17, 38, 42, 43, 44, 45, 46, 13, 47, 48, 17, 18, 19, 20, 17, 51, 32, 33, 34, 35, 36, 37, 17, 18, 19, 20, 17, 38, 32, 33, 34, 35, 36, 37, 17, 18, 19, 20, 17, 38, 42, 43, 44, 45, 46, 13, 47, 48, 17, 18, 19, 20, 17, 51, 32, 33, 34, 35, 36, 37, 17, 18, 19, 20, 17, 38, 42, 43, 44, 45, 46, 13, 47, 48, 17, 18, 19, 20, 17, 51, 32, 33, 34, 35, 36, 37, 17, 18, 19, 20, 17, 38, 42, 43, 44, 45, 46, 13, 47, 48, 17, 18, 19, 20, 17, 51, 32, 33, 34, 35, 36, 37, 17, 18, 19, 20, 17, 38, 42, 43, 44, 45, 51, 32, 33, 34, 35, 36, 37, 17, 18, 19, 20, 17, 38, 42, 43, 44, 45, 46, 13, 47, 50, 17, 18, 19, 20, 17, 51, 32, 33, 34, 35, 36, 37, 17, 18, 19, 20, 17, 38, 42, 43, 44, 45, 46, 13, 47, 48, 17, 18, 19, 20, 17, 51, 32, 33, 34, 35, 36, 37, 17, 18, 19, 20, 17, 38, 42, 43, 44, 45, 46, 13, 47, 50, 17, 18, 19, 20, 17, 51, 32, 33, 34, 35, 36, 37, 17, 18, 19, 20, 17, 38, 42, 43, 44, 45, 46, 13, 47, 50, 17, 18, 19, 20, 17, 51, 32, 33, 34, 35, 36, 37, 17, 18, 19, 20, 17, 38, 42, 43, 44, 45, 51, 32, 33, 34, 35, 36, 37, 17, 18, 19, 20, 17, 38, 42, 43, 44, 45, 51, 32, 33, 34, 35, 36, 37, 17, 18, 19, 20, 17, 38, 42, 43, 44, 45, 46, 13, 47, 48, 17, 18, 19, 20, 17, 51, 32, 33, 34, 35, 36, 37, 17, 18, 19, 20, 17, 38, 42, 43, 44, 45, 46, 13, 47, 48, 17, 18, 19, 20, 17, 51, 32, 33, 34, 35, 36, 37, 17, 18, 19, 20, 17, 38, 42, 43, 44, 45, 46, 13, 47, 48, 17, 18, 19, 20, 17, 51, 32, 33, 34, 35, 36, 37, 17, 18, 19, 20, 17, 38, 42, 43, 44, 45, 46, 13, 47, 48, 17, 18, 19, 20, 17, 51, 32, 33, 34, 35, 36, 37, 17, 18, 19, 20, 17, 38, 42, 43, 44, 45, 46, 13, 47, 50, 17, 18, 19, 20, 17, 51, 32, 33, 34, 35, 38, 42, 43, 44, 45, 46, 13, 47, 50, 17, 18, 19, 20, 17, 51, 32, 33, 34, 35, 36, 37, 17, 18, 19, 20, 17, 38, 42, 43, 44, 45, 46, 13, 47, 50, 17, 18, 19, 20, 17, 51, 32, 33, 34, 35, 36, 37, 17, 18, 19, 20, 17, 38, 42, 43, 44, 45, 46, 13, 47, 48, 17, 18, 19, 20, 17, 51, 32, 33, 34, 35, 36, 37, 17, 18, 19, 20, 17, 38, 42, 43, 44, 45, 46, 13, 47, 50, 17, 18, 19, 20, 17, 51, 32, 33, 34, 35, 36, 37, 17, 18, 19, 20, 17, 38, 42, 43, 44, 45, 46, 13, 47, 50, 17, 18, 19, 20, 17, 51, 32, 33, 34, 35, 36, 37, 17, 18, 19, 20, 17, 38, 42, 43, 44, 45, 46, 13, 47, 48, 17, 18, 19, 20, 17, 51, 32, 33, 34, 35, 36, 37, 17, 18, 19, 20, 17, 38, 42, 43, 44, 45, 46, 13, 47, 50, 17, 18, 19, 20, 17, 51, 32, 33, 34, 35, 36, 37, 17, 18, 19, 20, 17, 38, 42, 43, 44, 45, 46, 13, 47, 50, 17, 18, 19, 20, 17, 51, 32, 33, 34, 35, 36, 37, 17, 18, 19, 20, 17, 38, 42, 43, 44, 45, 51, 32, 33, 34, 35, 36, 37, 17, 18, 19, 20, 17, 38, 42, 43, 44, 45, 46, 13, 47, 48, 17, 18, 19, 20, 17, 51, 32, 33, 34, 35, 38, 42, 43, 44, 45, 51, 32, 33, 34, 35, 36, 37, 17, 18, 19, 20, 17, 38, 42, 43, 44, 45, 46, 13, 47, 50, 17, 18, 19, 20, 17, 51, 32, 33, 34, 35, 38, 42, 43, 44, 45, 46, 13, 47, 50, 17, 18, 19, 20, 17, 51, 32, 33, 34, 35, 36, 37, 17, 18, 19, 20, 17, 38, 42, 43, 44, 45, 46, 13, 47, 48, 17, 18, 19, 20, 17, 51, 32, 33, 34, 35, 36, 37, 17, 18, 19, 20, 17, 38, 42, 43, 44, 45, 46, 13, 47, 50, 17, 18, 19, 20, 17, 51, 32, 33, 34, 35, 36, 37, 17, 18, 19, 20, 17, 38, 42, 43, 44, 45, 46, 13, 47, 48, 17, 18, 19, 20, 17, 51, 32, 33, 34, 35, 38, 42, 43, 44, 45, 46, 13, 47, 50, 17, 18, 19, 20, 17, 51, 32, 33, 34, 35, 36, 37, 17, 18, 19, 20, 17, 38, 42, 43, 44, 45, 46, 13, 47, 50, 17, 18, 19, 20, 17, 51, 32, 33, 34, 35, 36, 37, 17, 18, 19, 20, 17, 38, 42, 43, 44, 45, 46, 13, 47, 48, 17, 18, 19, 20, 17, 51, 32, 33, 34, 35, 38, 42, 43, 44, 45, 46, 13, 47, 48, 17, 18, 19, 20, 17, 51, 32, 33, 34, 35, 38, 42, 43, 44, 45, 51, 32, 33, 34, 35, 36, 37, 17, 18, 19, 20, 17, 38, 42, 43, 44, 45, 51, 32, 33, 34, 35, 36, 37, 17, 18, 19, 20, 17, 38, 42, 43, 44, 45, 46, 13, 47, 50, 17, 18, 19, 20, 17, 51, 32, 33, 34, 35, 36, 37, 17, 18, 19, 20, 17, 38, 42, 43, 44, 45, 46, 13, 47, 48, 17, 18, 19, 20, 17, 51, 32, 33, 34, 35, 36, 37, 17, 18, 19, 20, 17, 38, 42, 43, 44, 45, 46, 13, 47, 48, 17, 18, 19, 20, 17, 51, 32, 33, 34, 35, 36, 37, 17, 18, 19, 20, 17, 38, 42, 43, 44, 45, 46, 13, 47, 50, 17, 18, 19, 20, 17, 51, 32, 33, 34, 35, 36, 37, 17, 18, 19, 20, 17, 38, 42, 43, 44, 45, 46, 13, 47, 50, 17, 18, 19, 20, 17, 51, 32, 33, 34, 35, 36, 37, 17, 18, 19, 20, 17, 38, 42, 43, 44, 45, 51, 32, 33, 34, 35, 38, 42, 43, 44, 45, 46, 13, 47, 48, 17, 18, 19, 20, 17, 51, 32, 33, 34, 35, 38, 42, 43, 44, 45, 46, 13, 47, 48, 17, 18, 19, 20, 17, 51, 32, 33, 34, 35, 36, 37, 17, 18, 19, 20, 17, 38, 42, 43, 44, 45, 46, 13, 47, 50, 17, 18, 19, 20, 17, 51, 32, 33, 34, 35, 36, 37, 17, 18, 19, 20, 17, 38, 42, 43, 44, 45, 46, 13, 47, 48, 17, 18, 19, 20, 17, 51, 32, 33, 34, 35, 36, 37, 17, 18, 19, 20, 17, 38, 42, 43, 44, 45, 46, 13, 47, 48, 17, 18, 19, 20, 17, 51, 32, 33, 34, 35, 36, 37, 17, 18, 19, 20, 17, 38, 42, 43, 44, 45, 46, 13, 47, 48, 17, 18, 19, 20, 17, 51, 32, 33, 34, 35, 36, 37, 17, 18, 19, 20, 17, 38, 42, 43, 44, 45, 51, 32, 33, 34, 35, 36, 37, 17, 18, 19, 20, 17, 38, 42, 43, 44, 45, 46, 13, 47, 48, 17, 18, 19, 20, 17, 51, 32, 33, 34, 35, 36, 37, 17, 18, 19, 20, 17, 38, 42, 43, 44, 45, 51, 32, 33, 34, 35, 36, 37, 17, 18, 19, 20, 17, 38, 42, 43, 44, 45, 46, 13, 47, 50, 17, 18, 19, 20, 17, 51, 32, 33, 34, 35, 36, 37, 17, 18, 19, 20, 17, 38, 42, 43, 44, 45, 46, 13, 47, 48, 17, 18, 19, 20, 17, 51, 81, 78, 79, 54, 24, 25, 26, 27, 26, 25, 26, 27, 26, 25, 26, 27, 26, 25, 26, 27, 26, 25, 26, 27, 26, 25, 26, 27, 26, 25, 26, 27, 26, 25, 26, 27, 26, 25, 26, 27, 26, 25, 26, 27, 26, 25, 28, 55, 56, 55, 56, 55, 56, 55, 56, 55, 56, 55, 56, 55, 56, 55, 56, 55, 56, 55, 56, 55, 57, 80, 32, 33, 34, 35, 36, 37, 17, 18, 19, 20, 17, 38, 42, 43, 44, 45, 51, 32, 33, 34, 35, 36, 37, 17, 18, 19, 20, 17, 38, 42, 43, 44, 45, 51, 32, 33, 34, 35, 36, 37, 17, 18, 19, 20, 17, 38, 42, 43, 44, 45, 51, 32, 33, 34, 35, 36, 37, 17, 18, 19, 20, 17, 38, 42, 43, 44, 45, 46, 13, 47, 50, 17, 18, 19, 20, 17, 51, 32, 33, 34, 35, 36, 37, 17, 18, 19, 20, 17, 38, 42, 43, 44, 45, 46, 13, 47, 50, 17, 18, 19, 20, 17, 51, 32, 33, 34, 35, 36, 37, 17, 18, 19, 20, 17, 38, 42, 43, 44, 45, 46, 13, 47, 50, 17, 18, 19, 20, 17, 51, 32, 33, 34, 35, 36, 37, 17, 18, 19, 20, 17, 38, 42, 43, 44, 45, 46, 13, 47, 50, 17, 18, 19, 20, 17, 51, 32, 33, 34, 35, 36, 37, 17, 18, 19, 20, 17, 38, 42, 43, 44, 45, 46, 13, 47, 50, 17, 18, 19, 20, 17, 51, 32, 33, 34, 35, 36, 37, 17, 18, 19, 20, 17, 38, 42, 43, 44, 45, 46, 13, 47, 48, 17, 18, 19, 20, 17, 51, 32, 33, 34, 35, 36, 37, 17, 18, 19, 20, 17, 38, 42, 43, 44, 45, 46, 13, 47, 48, 17, 18, 19, 20, 17, 51, 32, 33, 34, 35, 36, 37, 17, 18, 19, 20, 17, 38, 42, 43, 44, 45, 46, 13, 47, 50, 17, 18, 19, 20, 17, 51, 32, 33, 34, 35, 36, 37, 17, 18, 19, 20, 17, 38, 42, 43, 44, 45, 46, 13, 47, 48, 17, 18, 19, 20, 17, 51, 32, 33, 34, 35, 36, 37, 17, 18, 19, 20, 17, 38, 42, 43, 44, 45, 46, 13, 47, 48, 17, 18, 19, 20, 17, 51, 32, 33, 34, 35, 36, 37, 17, 18, 19, 20, 17, 38, 42, 43, 44, 45, 46, 13, 47, 48, 17, 18, 19, 20, 17, 51, 32, 33, 34, 35, 36, 37, 17, 18, 19, 20, 17, 38, 42, 43, 44, 45, 46, 13, 47, 48, 17, 18, 19, 20, 17, 51, 32, 33, 34, 35, 36, 37, 17, 18, 19, 20, 17, 38, 42, 43, 44, 45, 46, 13, 47, 48, 17, 18, 19, 20, 17, 51, 32, 33, 34, 35, 36, 37, 17, 18, 19, 20, 17, 38, 42, 43, 44, 45, 46, 13, 47, 48, 17, 18, 19, 20, 17, 51, 32, 33, 34, 35, 38, 42, 43, 44, 45, 46, 13, 47, 50, 17, 18, 19, 20, 17, 51, 32, 33, 34, 35, 36, 37, 17, 18, 19, 20, 17, 38, 42, 43, 44, 45, 46, 13, 47, 50, 17, 18, 19, 20, 17, 51, 32, 33, 34, 35, 36, 37, 17, 18, 19, 20, 17, 38, 42, 43, 44, 45, 46, 13, 47, 50, 17, 18, 19, 20, 17, 51, 32, 33, 34, 35, 36, 37, 17, 18, 19, 20, 17, 38, 42, 43, 44, 45, 46, 13, 47, 50, 17, 18, 19, 20, 17, 51, 32, 33, 34, 35, 36, 37, 17, 18, 19, 20, 17, 38, 42, 43, 44, 45, 46, 13, 47, 48, 17, 18, 19, 20, 17, 51, 32, 33, 34, 35, 36, 37, 17, 18, 19, 20, 17, 38, 42, 43, 44, 45, 46, 13, 47, 48, 17, 18, 19, 20, 17, 51, 32, 33, 34, 35, 36, 37, 17, 18, 19, 20, 17, 38, 42, 43, 44, 45, 51, 32, 33, 34, 35, 36, 37, 17, 18, 19, 20, 17, 38, 42, 43, 44, 45, 51, 32, 33, 34, 35, 36, 37, 17, 18, 19, 20, 17, 38, 42, 43, 44, 45, 46, 13, 47, 48, 17, 18, 19, 20, 17, 51, 32, 33, 34, 35, 36, 37, 17, 18, 19, 20, 17, 38, 42, 43, 44, 45, 46, 13, 47, 50, 17, 18, 19, 20, 17, 51, 32, 33, 34, 35, 38, 42, 43, 44, 45, 46, 13, 47, 50, 17, 18, 19, 20, 17, 51, 32, 33, 34, 35, 36, 37, 17, 18, 19, 20, 17, 38, 42, 43, 44, 45, 46, 13, 47, 48, 17, 18, 19, 20, 17, 51, 32, 33, 34, 35, 36, 37, 17, 18, 19, 20, 17, 38, 42, 43, 44, 45, 46, 13, 47, 50, 17, 18, 19, 20, 17, 51, 32, 33, 34, 35, 36, 37, 17, 18, 19, 20, 17, 38, 42, 43, 44, 45, 46, 13, 47, 50, 17, 18, 19, 20, 17, 51, 32, 33, 34, 35, 36, 37, 17, 18, 19, 20, 17, 38, 42, 43, 44, 45, 46, 13, 47, 50, 17, 18, 19, 20, 17, 51, 32, 33, 34, 35, 36, 37, 17, 18, 19, 20, 17, 38, 42, 43, 44, 45, 46, 13, 47, 48, 17, 18, 19, 20, 17, 51, 32, 33, 34, 35, 36, 37, 17, 18, 19, 20, 17, 38, 42, 43, 44, 45, 46, 13, 47, 48, 17, 18, 19, 20, 17, 51, 32, 33, 34, 35, 38, 42, 43, 44, 45, 46, 13, 47, 50, 17, 18, 19, 20, 17, 51, 42, 43, 44, 45, 46, 13, 47, 50, 17, 18, 19, 20, 17, 51, 32, 33, 34, 35, 36, 37, 17, 18, 19, 20, 17, 38, 42, 43, 44, 45, 46, 13, 47, 50, 17, 18, 19, 20, 17, 51, 32, 33, 34, 35, 36, 37, 17, 18, 19, 20, 17, 38, 42, 43, 44, 45, 46, 13, 47, 50, 17, 18, 19, 20, 17, 51, 32, 33, 34, 35, 36, 37, 17, 18, 19, 20, 17, 38, 42, 43, 44, 45, 46, 13, 47, 50, 17, 18, 19, 20, 17, 51, 32, 33, 34, 35, 36, 37, 17, 18, 19, 20, 17, 38, 42, 43, 44, 45, 46, 13, 47, 48, 17, 18, 19, 20, 17, 51, 32, 33, 34, 35, 36, 37, 17, 18, 19, 20, 17, 38, 42, 43, 44, 45, 46, 13, 47, 48, 17, 18, 19, 20, 17, 51, 32, 33, 34, 35, 36, 37, 17, 18, 19, 20, 17, 38, 42, 43, 44, 45, 46, 13, 47, 50, 17, 18, 19, 20, 17, 51, 32, 33, 34, 35, 36, 37, 17, 18, 19, 20, 17, 38, 32, 33, 34, 35, 36, 37, 17, 18, 19, 20, 17, 38, 42, 43, 44, 45, 46, 13, 47, 48, 17, 18, 19, 20, 17, 51, 42, 43, 44, 45, 46, 13, 47, 48, 17, 18, 19, 20, 17, 51, 32, 33, 34, 35, 36, 37, 17, 18, 19, 20, 17, 38, 32, 33, 34, 35, 36, 37, 17, 18, 19, 20, 17, 38, 42, 43, 44, 45, 46, 13, 47, 48, 17, 18, 19, 20, 17, 51, 42, 43, 44, 45, 51, 32, 33, 34, 35, 36, 37, 17, 18, 19, 20, 17, 38, 42, 43, 44, 45, 51, 32, 33, 34, 35, 38, 32, 33, 34, 35, 36, 37, 17, 18, 19, 20, 17, 38, 42, 43, 44, 45, 46, 13, 47, 48, 17, 18, 19, 20, 17, 51, 32, 33, 34, 35, 36, 37, 17, 18, 19, 20, 17, 38, 42, 43, 44, 45, 46, 13, 47, 48, 17, 18, 19, 20, 17, 51, 32, 33, 34, 35, 36, 37, 17, 18, 19, 20, 17, 38, 42, 43, 44, 45, 46, 13, 47, 48, 17, 18, 19, 20, 17, 51, 32, 33, 34, 35, 36, 37, 17, 18, 19, 20, 17, 38, 42, 43, 44, 45, 46, 13, 47, 48, 17, 18, 19, 20, 17, 51, 32, 33, 34, 35, 36, 37, 17, 18, 19, 20, 17, 38, 42, 43, 44, 45, 46, 13, 47, 50, 17, 18, 19, 20, 17, 51, 32, 33, 34, 35, 36, 37, 17, 18, 19, 20, 17, 38, 42, 43, 44, 45, 46, 13, 47, 48, 17, 18, 19, 20, 17, 51, 32, 33, 34, 35, 36, 37, 17, 18, 19, 20, 17, 38, 42, 43, 44, 45, 46, 13, 47, 48, 17, 18, 19, 20, 17, 51, 32, 33, 34, 35, 36, 37, 17, 18, 19, 20, 17, 38, 42, 43, 44, 45, 46, 13, 47, 50, 17, 18, 19, 20, 17, 51, 32, 33, 34, 35, 36, 37, 17, 18, 19, 20, 17, 38, 42, 43, 44, 45, 46, 13, 47, 50, 17, 18, 19, 20, 17, 51, 32, 33, 34, 35, 36, 37, 17, 18, 19, 20, 17, 38, 42, 43, 44, 45, 51, 32, 33, 34, 35, 36, 37, 17, 18, 19, 20, 17, 38, 42, 43, 44, 45, 46, 13, 47, 48, 17, 18, 19, 20, 17, 51, 32, 33, 34, 35, 36, 37, 17, 18, 19, 20, 17, 38, 42, 43, 44, 45, 51, 32, 33, 34, 35, 36, 37, 17, 18, 19, 20, 17, 38, 42, 43, 44, 45, 46, 13, 47, 48, 17, 18, 19, 20, 17, 51, 32, 33, 34, 35, 36, 37, 17, 18, 19, 20, 17, 38, 42, 43, 44, 45, 46, 13, 47, 50, 17, 18, 19, 20, 17, 51, 42, 43, 44, 45, 46, 13, 47, 48, 17, 18, 19, 20, 17, 51, 32, 33, 34, 35, 36, 37, 17, 18, 19, 20, 17, 38, 42, 43, 44, 45, 46, 13, 47, 48, 17, 18, 19, 20, 17, 51, 32, 33, 34, 35, 36, 37, 17, 18, 19, 20, 17, 38, 42, 43, 44, 45, 46, 13, 47, 50, 17, 18, 19, 20, 17, 51, 32, 33, 34, 35, 36, 37, 17, 18, 19, 20, 17, 38, 42, 43, 44, 45, 46, 13, 47, 50, 17, 18, 19, 20, 17, 51, 32, 33, 34, 35, 36, 37, 17, 18, 19, 20, 17, 38, 42, 43, 44, 45, 46, 13, 47, 48, 17, 18, 19, 20, 17, 51, 32, 33, 34, 35, 36, 37, 17, 18, 19, 20, 17, 38, 42, 43, 44, 45, 46, 13, 47, 50, 17, 18, 19, 20, 17, 51, 32, 33, 34, 35, 36, 37, 17, 18, 19, 20, 17, 38, 42, 43, 44, 45, 46, 13, 47, 50, 17, 18, 19, 20, 17, 51, 32, 33, 34, 35, 36, 37, 17, 18, 19, 20, 17, 38, 42, 43, 44, 45, 46, 13, 47, 48, 17, 18, 19, 20, 17, 51, 32, 33, 34, 35, 36, 37, 17, 18, 19, 20, 17, 38, 42, 43, 44, 45, 46, 13, 47, 50, 17, 18, 19, 20, 17, 51, 32, 33, 34, 35, 36, 37, 17, 18, 19, 20, 17, 38, 42, 43, 44, 45, 51, 32, 33, 34, 35, 36, 37, 17, 18, 19, 20, 17, 38, 42, 43, 44, 45, 46, 13, 47, 50, 17, 18, 19, 20, 17, 51, 32, 33, 34, 35, 36, 37, 17, 18, 19, 20, 17, 38, 42, 43, 44, 45, 46, 13, 47, 50, 17, 18, 19, 20, 17, 51, 32, 33, 34, 35, 36, 37, 17, 18, 19, 20, 17, 38, 42, 43, 44, 45, 51, 32, 33, 34, 35, 38, 42, 43, 44, 45, 51, 32, 33, 34, 35, 36, 37, 17, 18, 19, 20, 17, 38, 42, 43, 44, 45, 46, 13, 47, 48, 17, 18, 19, 20, 17, 51, 32, 33, 34, 35, 36, 37, 17, 18, 19, 20, 17, 38, 42, 43, 44, 45, 46, 13, 47, 48, 17, 18, 19, 20, 17, 51, 32, 33, 34, 35, 36, 37, 17, 18, 19, 20, 17, 38, 42, 43, 44, 45, 46, 13, 47, 50, 17, 18, 19, 20, 17, 51, 32, 33, 34, 35, 36, 37, 17, 18, 19, 20, 17, 38, 42, 43, 44, 45, 46, 13, 47, 50, 17, 18, 19, 20, 17, 51, 32, 33, 34, 35, 36, 37, 17, 18, 19, 20, 17, 38, 42, 43, 44, 45, 46, 13, 47, 50, 17, 18, 19, 20, 17, 51, 32, 33, 34, 35, 36, 37, 17, 18, 19, 20, 17, 38, 42, 43, 44, 45, 46, 13, 47, 48, 17, 18, 19, 20, 17, 51, 32, 33, 34, 35, 36, 37, 17, 18, 19, 20, 17, 38, 42, 43, 44, 45, 46, 13, 47, 50, 17, 18, 19, 20, 17, 51, 32, 33, 34, 35, 36, 37, 17, 18, 19, 20, 17, 38, 42, 43, 44, 45, 46, 13, 47, 48, 17, 18, 19, 20, 17, 51, 32, 33, 34, 35, 38, 42, 43, 44, 45, 46, 13, 47, 48, 17, 18, 19, 20, 17, 51, 32, 33, 34, 35, 38, 42, 43, 44, 45, 46, 13, 47, 48, 17, 18, 19, 20, 17, 51, 32, 33, 34, 35, 36, 37, 17, 18, 19, 20, 17, 38, 42, 43, 44, 45, 46, 13, 47, 48, 17, 18, 19, 20, 17, 51, 32, 33, 34, 35, 36, 37, 17, 18, 19, 20, 17, 38, 42, 43, 44, 45, 46, 13, 47, 50, 17, 18, 19, 20, 17, 51, 32, 33, 34, 35, 36, 37, 17, 18, 19, 20, 17, 38, 32, 33, 34, 35, 36, 37, 17, 18, 19, 20, 17, 38, 42, 43, 44, 45, 46, 13, 47, 48, 17, 18, 19, 20, 17, 51, 32, 33, 34, 35, 38, 42, 43, 44, 45, 46, 13, 47, 48, 17, 18, 19, 20, 17, 51, 42, 43, 44, 45, 46, 13, 47, 48, 17, 18, 19, 20, 17, 51, 32, 33, 34, 35, 38, 32, 33, 34, 35, 36, 37, 17, 18, 19, 20, 17, 38, 42, 43, 44, 45, 46, 13, 47, 50, 17, 18, 19, 20, 17, 51, 42, 43, 44, 45, 46, 13, 47, 50, 17, 18, 19, 20, 17, 51, 32, 33, 34, 35, 36, 37, 17, 18, 19, 20, 17, 38, 42, 43, 44, 45, 46, 13, 47, 50, 17, 18, 19, 20, 17, 51, 32, 33, 34, 35, 36, 37, 17, 18, 19, 20, 17, 38, 42, 43, 44, 45, 46, 13, 47, 48, 17, 18, 19, 20, 17, 51, 32, 33, 34, 35, 36, 37, 17, 18, 19, 20, 17, 38, 42, 43, 44, 45, 46, 13, 47, 48, 17, 18, 19, 20, 17, 51, 32, 33, 34, 35, 36, 37, 17, 18, 19, 20, 17, 38, 42, 43, 44, 45, 46, 13, 47, 48, 17, 18, 19, 20, 17, 51, 32, 33, 34, 35, 36, 37, 17, 18, 19, 20, 17, 38, 81, 78, 79, 54, 24, 25, 26, 27, 26, 25, 26, 27, 26, 25, 26, 27, 26, 25, 26, 27, 26, 25, 26, 27, 26, 25, 26, 27, 26, 25, 26, 27, 26, 25, 26, 27, 26, 25, 26, 27, 26, 25, 26, 27, 26, 25, 28, 55, 56, 55, 56, 55, 56, 55, 56, 55, 56, 55, 56, 55, 56, 55, 56, 55, 56, 55, 56, 55, 57, 80, 42, 43, 44, 45, 46, 13, 47, 50, 17, 18, 19, 20, 17, 51, 32, 33, 34, 35, 36, 37, 17, 18, 19, 20, 17, 38, 42, 43, 44, 45, 51, 32, 33, 34, 35, 36, 37, 17, 18, 19, 20, 17, 38, 42, 43, 44, 45, 46, 13, 47, 48, 17, 18, 19, 20, 17, 51, 32, 33, 34, 35, 36, 37, 17, 18, 19, 20, 17, 38, 42, 43, 44, 45, 46, 13, 47, 48, 17, 18, 19, 20, 17, 51, 32, 33, 34, 35, 36, 37, 17, 18, 19, 20, 17, 38, 42, 43, 44, 45, 46, 13, 47, 50, 17, 18, 19, 20, 17, 51, 32, 33, 34, 35, 36, 37, 17, 18, 19, 20, 17, 38, 42, 43, 44, 45, 46, 13, 47, 48, 17, 18, 19, 20, 17, 51, 32, 33, 34, 35, 36, 37, 17, 18, 19, 20, 17, 38, 42, 43, 44, 45, 46, 13, 47, 48, 17, 18, 19, 20, 17, 51, 32, 33, 34, 35, 36, 37, 17, 18, 19, 20, 17, 38, 42, 43, 44, 45, 46, 13, 47, 50, 17, 18, 19, 20, 17, 51, 32, 33, 34, 35, 36, 37, 17, 18, 19, 20, 17, 38, 42, 43, 44, 45, 46, 13, 47, 50, 17, 18, 19, 20, 17, 51, 32, 33, 34, 35, 36, 37, 17, 18, 19, 20, 17, 38, 42, 43, 44, 45, 46, 13, 47, 48, 17, 18, 19, 20, 17, 51, 32, 33, 34, 35, 36, 37, 17, 18, 19, 20, 17, 38, 42, 43, 44, 45, 46, 13, 47, 50, 17, 18, 19, 20, 17, 51, 32, 33, 34, 35, 36, 37, 17, 18, 19, 20, 17, 38, 42, 43, 44, 45, 51, 32, 33, 34, 35, 36, 37, 17, 18, 19, 20, 17, 38, 42, 43, 44, 45, 46, 13, 47, 50, 17, 18, 19, 20, 17, 51, 32, 33, 34, 35, 36, 37, 17, 18, 19, 20, 17, 38, 42, 43, 44, 45, 46, 13, 47, 48, 17, 18, 19, 20, 17, 51, 32, 33, 34, 35, 36, 37, 17, 18, 19, 20, 17, 38, 42, 43, 44, 45, 46, 13, 47, 48, 17, 18, 19, 20, 17, 51, 32, 33, 34, 35, 38, 42, 43, 44, 45, 51, 32, 33, 34, 35, 36, 37, 17, 18, 19, 20, 17, 38, 42, 43, 44, 45, 46, 13, 47, 48, 17, 18, 19, 20, 17, 51, 32, 33, 34, 35, 36, 37, 17, 18, 19, 20, 17, 38, 42, 43, 44, 45, 46, 13, 47, 48, 17, 18, 19, 20, 17, 51, 32, 33, 34, 35, 36, 37, 17, 18, 19, 20, 17, 38, 42, 43, 44, 45, 46, 13, 47, 48, 17, 18, 19, 20, 17, 51, 32, 33, 34, 35, 36, 37, 17, 18, 19, 20, 17, 38, 42, 43, 44, 45, 46, 13, 47, 48, 17, 18, 19, 20, 17, 51, 32, 33, 34, 35, 36, 37, 17, 18, 19, 20, 17, 38, 42, 43, 44, 45, 46, 13, 47, 50, 17, 18, 19, 20, 17, 51, 32, 33, 34, 35, 36, 37, 17, 18, 19, 20, 17, 38, 42, 43, 44, 45, 46, 13, 47, 48, 17, 18, 19, 20, 17, 51, 32, 33, 34, 35, 38, 42, 43, 44, 45, 51, 32, 33, 34, 35, 36, 37, 17, 18, 19, 20, 17, 38, 42, 43, 44, 45, 46, 13, 47, 50, 17, 18, 19, 20, 17, 51, 32, 33, 34, 35, 36, 37, 17, 18, 19, 20, 17, 38, 42, 43, 44, 45, 46, 13, 47, 50, 17, 18, 19, 20, 17, 51, 32, 33, 34, 35, 36, 37, 17, 18, 19, 20, 17, 38, 42, 43, 44, 45, 46, 13, 47, 50, 17, 18, 19, 20, 17, 51, 32, 33, 34, 35, 36, 37, 17, 18, 19, 20, 17, 38, 42, 43, 44, 45, 46, 13, 47, 50, 17, 18, 19, 20, 17, 51, 32, 33, 34, 35, 36, 37, 17, 18, 19, 20, 17, 38, 42, 43, 44, 45, 51, 32, 33, 34, 35, 36, 37, 17, 18, 19, 20, 17, 38, 42, 43, 44, 45, 46, 13, 47, 48, 17, 18, 19, 20, 17, 51, 32, 33, 34, 35, 36, 37, 17, 18, 19, 20, 17, 38, 42, 43, 44, 45, 51, 32, 33, 34, 35, 36, 37, 17, 18, 19, 20, 17, 38, 42, 43, 44, 45, 46, 13, 47, 48, 17, 18, 19, 20, 17, 51, 32, 33, 34, 35, 38, 42, 43, 44, 45, 51, 32, 33, 34, 35, 36, 37, 17, 18, 19, 20, 17, 38, 42, 43, 44, 45, 46, 13, 47, 50, 17, 18, 19, 20, 17, 51, 32, 33, 34, 35, 36, 37, 17, 18, 19, 20, 17, 38, 42, 43, 44, 45, 46, 13, 47, 48, 17, 18, 19, 20, 17, 51, 32, 33, 34, 35, 36, 37, 17, 18, 19, 20, 17, 38, 42, 43, 44, 45, 46, 13, 47, 48, 17, 18, 19, 20, 17, 51, 32, 33, 34, 35, 36, 37, 17, 18, 19, 20, 17, 38, 42, 43, 44, 45, 46, 13, 47, 50, 17, 18, 19, 20, 17, 51, 32, 33, 34, 35, 38, 42, 43, 44, 45, 46, 13, 47, 50, 17, 18, 19, 20, 17, 51, 32, 33, 34, 35, 36, 37, 17, 18, 19, 20, 17, 38, 42, 43, 44, 45, 46, 13, 47, 50, 17, 18, 19, 20, 17, 51, 32, 33, 34, 35, 36, 37, 17, 18, 19, 20, 17, 38, 42, 43, 44, 45, 46, 13, 47, 48, 17, 18, 19, 20, 17, 51, 32, 33, 34, 35, 36, 37, 17, 18, 19, 20, 17, 38, 42, 43, 44, 45, 46, 13, 47, 50, 17, 18, 19, 20, 17, 51, 32, 33, 34, 35, 36, 37, 17, 18, 19, 20, 17, 38, 42, 43, 44, 45, 46, 13, 47, 48, 17, 18, 19, 20, 17, 51, 32, 33, 34, 35, 36, 37, 17, 18, 19, 20, 17, 38, 42, 43, 44, 45, 46, 13, 47, 48, 17, 18, 19, 20, 17, 51, 32, 33, 34, 35, 36, 37, 17, 18, 19, 20, 17, 38, 42, 43, 44, 45, 46, 13, 47, 48, 17, 18, 19, 20, 17, 51, 32, 33, 34, 35, 36, 37, 17, 18, 19, 20, 17, 38, 42, 43, 44, 45, 46, 13, 47, 48, 17, 18, 19, 20, 17, 51, 32, 33, 34, 35, 36, 37, 17, 18, 19, 20, 17, 38, 42, 43, 44, 45, 46, 13, 47, 48, 17, 18, 19, 20, 17, 51, 32, 33, 34, 35, 36, 37, 17, 18, 19, 20, 17, 38, 42, 43, 44, 45, 51, 32, 33, 34, 35, 36, 37, 17, 18, 19, 20, 17, 38, 42, 43, 44, 45, 46, 13, 47, 50, 17, 18, 19, 20, 17, 51, 32, 33, 34, 35, 36, 37, 17, 18, 19, 20, 17, 38, 42, 43, 44, 45, 46, 13, 47, 50, 17, 18, 19, 20, 17, 51, 32, 33, 34, 35, 36, 37, 17, 18, 19, 20, 17, 38, 42, 43, 44, 45, 51, 32, 33, 34, 35, 36, 37, 17, 18, 19, 20, 17, 38, 42, 43, 44, 45, 46, 13, 47, 48, 17, 18, 19, 20, 17, 51, 32, 33, 34, 35, 36, 37, 17, 18, 19, 20, 17, 38, 42, 43, 44, 45, 46, 13, 47, 50, 17, 18, 19, 20, 17, 51, 32, 33, 34, 35, 38, 42, 43, 44, 45, 46, 13, 47, 48, 17, 18, 19, 20, 17, 51, 32, 33, 34, 35, 36, 37, 17, 18, 19, 20, 17, 38, 42, 43, 44, 45, 46, 13, 47, 48, 17, 18, 19, 20, 17, 51, 32, 33, 34, 35, 36, 37, 17, 18, 19, 20, 17, 38, 42, 43, 44, 45, 46, 13, 47, 48, 17, 18, 19, 20, 17, 51, 32, 33, 34, 35, 36, 37, 17, 18, 19, 20, 17, 38, 42, 43, 44, 45, 46, 13, 47, 48, 17, 18, 19, 20, 17, 51, 32, 33, 34, 35, 36, 37, 17, 18, 19, 20, 17, 38, 42, 43, 44, 45, 46, 13, 47, 48, 17, 18, 19, 20, 17, 51, 32, 33, 34, 35, 36, 37, 17, 18, 19, 20, 17, 38, 42, 43, 44, 45, 46, 13, 47, 50, 17, 18, 19, 20, 17, 51, 32, 33, 34, 35, 36, 37, 17, 18, 19, 20, 17, 38, 42, 43, 44, 45, 51, 32, 33, 34, 35, 36, 37, 17, 18, 19, 20, 17, 38, 42, 43, 44, 45, 46, 13, 47, 50, 17, 18, 19, 20, 17, 51, 32, 33, 34, 35, 36, 37, 17, 18, 19, 20, 17, 38, 42, 43, 44, 45, 46, 13, 47, 48, 17, 18, 19, 20, 17, 51, 32, 33, 34, 35, 36, 37, 17, 18, 19, 20, 17, 38, 32, 33, 34, 35, 36, 37, 17, 18, 19, 20, 17, 38, 42, 43, 44, 45, 46, 13, 47, 48, 17, 18, 19, 20, 17, 51, 32, 33, 34, 35, 36, 37, 17, 18, 19, 20, 17, 38, 42, 43, 44, 45, 46, 13, 47, 50, 17, 18, 19, 20, 17, 51, 32, 33, 34, 35, 36, 37, 17, 18, 19, 20, 17, 38, 42, 43, 44, 45, 46, 13, 47, 48, 17, 18, 19, 20, 17, 51, 32, 33, 34, 35, 36, 37, 17, 18, 19, 20, 17, 38, 42, 43, 44, 45, 46, 13, 47, 48, 17, 18, 19, 20, 17, 51, 32, 33, 34, 35, 36, 37, 17, 18, 19, 20, 17, 38, 42, 43, 44, 45, 46, 13, 47, 50, 17, 18, 19, 20, 17, 51, 32, 33, 34, 35, 36, 37, 17, 18, 19, 20, 17, 38, 42, 43, 44, 45, 46, 13, 47, 50, 17, 18, 19, 20, 17, 51, 32, 33, 34, 35, 36, 37, 17, 18, 19, 20, 17, 38, 42, 43, 44, 45, 46, 13, 47, 50, 17, 18, 19, 20, 17, 51, 32, 33, 34, 35, 36, 37, 17, 18, 19, 20, 17, 38, 42, 43, 44, 45, 46, 13, 47, 50, 17, 18, 19, 20, 17, 51, 32, 33, 34, 35, 36, 37, 17, 18, 19, 20, 17, 38, 42, 43, 44, 45, 46, 13, 47, 50, 17, 18, 19, 20, 17, 51, 32, 33, 34, 35, 36, 37, 17, 18, 19, 20, 17, 38, 42, 43, 44, 45, 46, 13, 47, 50, 17, 18, 19, 20, 17, 51, 32, 33, 34, 35, 36, 37, 17, 18, 19, 20, 17, 38, 42, 43, 44, 45, 46, 13, 47, 50, 17, 18, 19, 20, 17, 51, 32, 33, 34, 35, 36, 37, 17, 18, 19, 20, 17, 38, 42, 43, 44, 45, 46, 13, 47, 50, 17, 18, 19, 20, 17, 51, 32, 33, 34, 35, 36, 37, 17, 18, 19, 20, 17, 38, 42, 43, 44, 45, 46, 13, 47, 50, 17, 18, 19, 20, 17, 51, 32, 33, 34, 35, 36, 37, 17, 18, 19, 20, 17, 38, 42, 43, 44, 45, 51, 32, 33, 34, 35, 36, 37, 17, 18, 19, 20, 17, 38, 42, 43, 44, 45, 46, 13, 47, 50, 17, 18, 19, 20, 17, 51, 32, 33, 34, 35, 36, 37, 17, 18, 19, 20, 17, 38, 42, 43, 44, 45, 46, 13, 47, 48, 17, 18, 19, 20, 17, 51, 32, 33, 34, 35, 36, 37, 17, 18, 19, 20, 17, 38, 42, 43, 44, 45, 46, 13, 47, 50, 17, 18, 19, 20, 17, 51, 32, 33, 34, 35, 36, 37, 17, 18, 19, 20, 17, 38, 42, 43, 44, 45, 46, 13, 47, 48, 17, 18, 19, 20, 17, 51, 32, 33, 34, 35, 38, 42, 43, 44, 45, 46, 13, 47, 50, 17, 18, 19, 20, 17, 51, 32, 33, 34, 35, 36, 37, 17, 18, 19, 20, 17, 38, 42, 43, 44, 45, 46, 13, 47, 50, 17, 18, 19, 20, 17, 51, 32, 33, 34, 35, 36, 37, 17, 18, 19, 20, 17, 38, 42, 43, 44, 45, 46, 13, 47, 48, 17, 18, 19, 20, 17, 51, 32, 33, 34, 35, 36, 37, 17, 18, 19, 20, 17, 38, 42, 43, 44, 45, 46, 13, 47, 48, 17, 18, 19, 20, 17, 51, 32, 33, 34, 35, 36, 37, 17, 18, 19, 20, 17, 38, 42, 43, 44, 45, 51, 32, 33, 34, 35, 36, 37, 17, 18, 19, 20, 17, 38, 42, 43, 44, 45, 46, 13, 47, 50, 17, 18, 19, 20, 17, 51, 32, 33, 34, 35, 36, 37, 17, 18, 19, 20, 17, 38, 42, 43, 44, 45, 46, 13, 47, 50, 17, 18, 19, 20, 17, 51, 32, 33, 34, 35, 36, 37, 17, 18, 19, 20, 17, 38, 42, 43, 44, 45, 46, 13, 47, 48, 17, 18, 19, 20, 17, 51, 32, 33, 34, 35, 36, 37, 17, 18, 19, 20, 17, 38, 42, 43, 44, 45, 46, 13, 47, 48, 17, 18, 19, 20, 17, 51, 32, 33, 34, 35, 36, 37, 17, 18, 19, 20, 17, 38, 42, 43, 44, 45, 46, 13, 47, 50, 17, 18, 19, 20, 17, 51, 32, 33, 34, 35, 36, 37, 17, 18, 19, 20, 17, 38, 42, 43, 44, 45, 46, 13, 47, 50, 17, 18, 19, 20, 17, 51, 32, 33, 34, 35, 36, 37, 17, 18, 19, 20, 17, 38, 42, 43, 44, 45, 46, 13, 47, 50, 17, 18, 19, 20, 17, 51, 32, 33, 34, 35, 36, 37, 17, 18, 19, 20, 17, 38, 42, 43, 44, 45, 46, 13, 47, 50, 17, 18, 19, 20, 17, 51, 32, 33, 34, 35, 36, 37, 17, 18, 19, 20, 17, 38, 42, 43, 44, 45, 46, 13, 47, 50, 17, 18, 19, 20, 17, 51, 32, 33, 34, 35, 36, 37, 17, 18, 19, 20, 17, 38, 42, 43, 44, 45, 46, 13, 47, 48, 17, 18, 19, 20, 17, 51, 32, 33, 34, 35, 36, 37, 17, 18, 19, 20, 17, 38, 42, 43, 44, 45, 46, 13, 47, 48, 17, 18, 19, 20, 17, 51, 32, 33, 34, 35, 36, 37, 17, 18, 19, 20, 17, 38, 42, 43, 44, 45, 46, 13, 47, 48, 17, 18, 19, 20, 17, 51, 32, 33, 34, 35, 36, 37, 17, 18, 19, 20, 17, 38, 42, 43, 44, 45, 46, 13, 47, 48, 17, 18, 19, 20, 17, 51, 81, 78, 82, 87, 32, 88, 42, )]",False,0.00030260099308144096
atomic-updates,Concurrency_prepared,"[61, 64, 67, 68, 71, 72, 79, 80, 54, 24, 25, 26, 27, 25, 26, 27, 25, 26, 27, 25, 26, 27, 25, 26, 27, 25, 26, 27, 25, 26, 27, 25, 26, 27, 25, 26, 27, 55, 56, 55, 56, 55, 56, 55, 56, 55, 56, 55, 56, 55, 56, 55, 56, 55, 56, 55, 56, 55, 56, 57, 81, 82, 79, 80, 54, 24, 25, 26, 27, 25, 26, 27, 25, 26, 27, 25, 26, 27, 25, 26, 27, 25, 26, 27, 25, 26, 27, 25, 26, 27, 25, 26, 27, 55, 56, 55, 56, 55, 56, 55, 56, 55, 56, 55, 56, 55, 56, 55, 56, 55, 56, 55, 56, 57, 81, 82, 79, 80, 54, 24, 25, 26, 27, 25, 26, 27, 25, 26, 27, 25, 26, 27, 25, 26, 27, 25, 26, 27, 25, 26, 27, 25, 26, 27, 55, 56, 55, 56, 55, 56, 55, 56, 55, 56, 55, 56, 55, 56, 55, 56, 55, 56, 55, 56, 57, 81, 82, 79, 80, 54, 24, 25, 26, 27, 25, 26, 27, 25, 26, 27, 25, 26, 27, 25, 26, 27, 25, 26, 27, 25, 26, 27, 55, 56, 55, 56, 55, 56, 55, 56, 55, 56, 55, 56, 55, 56, 55, 56, 55, 56, 55, 56, 57, 81, 82, 79, 80, 54, 24, 25, 26, 27, 25, 26, 27, 25, 26, 27, 25, 26, 27, 25, 26, 27, 25, 26, 27, 55, 56, 55, 56, 55, 56, 55, 56, 55, 56, 55, 56, 55, 56, 55, 56, 55, 56, 55, 56, 57, 81, 82, 79, 80, 54, 24, 25, 26, 27, 25, 26, 27, 25, 26, 27, 25, 26, 27, 25, 26, 27, 55, 56, 55, 56, 55, 56, 55, 56, 55, 56, 55, 56, 55, 56, 55, 56, 55, 56, 55, 56, 57, 81, 82, 83, (, 88, 89, )]","[61, 7, 8, 10, 64, 67, (, 68, 31, 32, 33, 34, 35, 36, 37, 17, 18, 19, 20, 17, 38, 71, 72, 41, 42, 43, 44, 45, 46, 13, 47, 48, 17, 18, 19, 20, 17, 51, 75, 76, 78, 79, 80, 54, 24, 25, 26, 27, 26, 25, 26, 27, 26, 25, 26, 27, 26, 25, 26, 27, 26, 25, 26, 27, 26, 25, 26, 27, 26, 25, 26, 27, 26, 25, 26, 27, 26, 25, 26, 27, 26, 25, 26, 27, 26, 25, 26, 27, 26, 25, 26, 27, 26, 25, 28, 55, 56, 55, 56, 55, 56, 55, 56, 55, 56, 55, 56, 55, 56, 55, 56, 55, 56, 55, 56, 55, 56, 55, 56, 55, 57, 81, 32, 33, 34, 35, 36, 37, 17, 18, 19, 20, 17, 38, 42, 43, 44, 45, 46, 13, 47, 48, 17, 18, 19, 20, 17, 51, 32, 33, 34, 35, 36, 37, 17, 18, 19, 20, 17, 38, 42, 43, 44, 45, 46, 13, 47, 50, 17, 18, 19, 20, 17, 51, 32, 33, 34, 35, 36, 37, 17, 18, 19, 20, 17, 38, 42, 43, 44, 45, 46, 13, 47, 50, 17, 18, 19, 20, 17, 51, 32, 33, 34, 35, 36, 37, 17, 18, 19, 20, 17, 38, 42, 43, 44, 45, 46, 13, 47, 48, 17, 18, 19, 20, 17, 51, 32, 33, 34, 35, 36, 37, 17, 18, 19, 20, 17, 38, 42, 43, 44, 45, 46, 13, 47, 48, 17, 18, 19, 20, 17, 51, 32, 33, 34, 35, 36, 37, 17, 18, 19, 20, 17, 38, 42, 43, 44, 45, 46, 13, 47, 48, 17, 18, 19, 20, 17, 51, 32, 33, 34, 35, 36, 37, 17, 18, 19, 20, 17, 38, 42, 43, 44, 45, 46, 13, 47, 50, 17, 18, 19, 20, 17, 51, 32, 33, 34, 35, 36, 37, 17, 18, 19, 20, 17, 38, 42, 43, 44, 45, 46, 13, 47, 50, 17, 18, 19, 20, 17, 51, 32, 33, 34, 35, 36, 37, 17, 18, 19, 20, 17, 38, 42, 43, 44, 45, 46, 13, 47, 50, 17, 18, 19, 20, 17, 51, 32, 33, 34, 35, 36, 37, 17, 18, 19, 20, 17, 38, 42, 43, 44, 45, 46, 13, 47, 48, 17, 18, 19, 20, 17, 51, 32, 33, 34, 35, 36, 37, 17, 18, 19, 20, 17, 38, 42, 43, 44, 45, 51, 42, 43, 44, 45, 51, 32, 33, 34, 35, 36, 37, 17, 18, 19, 20, 17, 38, 42, 43, 44, 45, 51, 32, 33, 34, 35, 36, 37, 17, 18, 19, 20, 17, 38, 42, 43, 44, 45, 46, 13, 47, 48, 17, 18, 19, 20, 17, 51, 32, 33, 34, 35, 36, 37, 17, 18, 19, 20, 17, 38, 42, 43, 44, 45, 46, 13, 47, 50, 17, 18, 19, 20, 17, 51, 32, 33, 34, 35, 36, 37, 17, 18, 19, 20, 17, 38, 42, 43, 44, 45, 46, 13, 47, 50, 17, 18, 19, 20, 17, 51, 32, 33, 34, 35, 36, 37, 17, 18, 19, 20, 17, 38, 42, 43, 44, 45, 46, 13, 47, 50, 17, 18, 19, 20, 17, 51, 32, 33, 34, 35, 36, 37, 17, 18, 19, 20, 17, 38, 32, 33, 34, 35, 36, 37, 17, 18, 19, 20, 17, 38, 42, 43, 44, 45, 46, 13, 47, 48, 17, 18, 19, 20, 17, 51, 32, 33, 34, 35, 36, 37, 17, 18, 19, 20, 17, 38, 42, 43, 44, 45, 46, 13, 47, 48, 17, 18, 19, 20, 17, 51, 32, 33, 34, 35, 36, 37, 17, 18, 19, 20, 17, 38, 42, 43, 44, 45, 46, 13, 47, 50, 17, 18, 19, 20, 17, 51, 32, 33, 34, 35, 36, 37, 17, 18, 19, 20, 17, 38, 42, 43, 44, 45, 46, 13, 47, 48, 17, 18, 19, 20, 17, 51, 32, 33, 34, 35, 38, 42, 43, 44, 45, 46, 13, 47, 50, 17, 18, 19, 20, 17, 51, 42, 43, 44, 45, 46, 13, 47, 48, 17, 18, 19, 20, 17, 51, 32, 33, 34, 35, 36, 37, 17, 18, 19, 20, 17, 38, 42, 43, 44, 45, 46, 13, 47, 48, 17, 18, 19, 20, 17, 51, 32, 33, 34, 35, 36, 37, 17, 18, 19, 20, 17, 38, 42, 43, 44, 45, 46, 13, 47, 50, 17, 18, 19, 20, 17, 51, 32, 33, 34, 35, 36, 37, 17, 18, 19, 20, 17, 38, 42, 43, 44, 45, 46, 13, 47, 48, 17, 18, 19, 20, 17, 51, 32, 33, 34, 35, 36, 37, 17, 18, 19, 20, 17, 38, 42, 43, 44, 45, 46, 13, 47, 50, 17, 18, 19, 20, 17, 51, 32, 33, 34, 35, 36, 37, 17, 18, 19, 20, 17, 38, 42, 43, 44, 45, 46, 13, 47, 50, 17, 18, 19, 20, 17, 51, 32, 33, 34, 35, 36, 37, 17, 18, 19, 20, 17, 38, 42, 43, 44, 45, 51, 32, 33, 34, 35, 36, 37, 17, 18, 19, 20, 17, 38, 42, 43, 44, 45, 46, 13, 47, 50, 17, 18, 19, 20, 17, 51, 32, 33, 34, 35, 36, 37, 17, 18, 19, 20, 17, 38, 42, 43, 44, 45, 46, 13, 47, 48, 17, 18, 19, 20, 17, 51, 32, 33, 34, 35, 36, 37, 17, 18, 19, 20, 17, 38, 42, 43, 44, 45, 46, 13, 47, 50, 17, 18, 19, 20, 17, 51, 32, 33, 34, 35, 36, 37, 17, 18, 19, 20, 17, 38, 42, 43, 44, 45, 46, 13, 47, 48, 17, 18, 19, 20, 17, 51, 32, 33, 34, 35, 36, 37, 17, 18, 19, 20, 17, 38, 42, 43, 44, 45, 46, 13, 47, 50, 17, 18, 19, 20, 17, 51, 32, 33, 34, 35, 36, 37, 17, 18, 19, 20, 17, 38, 42, 43, 44, 45, 46, 13, 47, 50, 17, 18, 19, 20, 17, 51, 32, 33, 34, 35, 36, 37, 17, 18, 19, 20, 17, 38, 42, 43, 44, 45, 51, 32, 33, 34, 35, 36, 37, 17, 18, 19, 20, 17, 38, 42, 43, 44, 45, 46, 13, 47, 48, 17, 18, 19, 20, 17, 51, 32, 33, 34, 35, 36, 37, 17, 18, 19, 20, 17, 38, 42, 43, 44, 45, 46, 13, 47, 50, 17, 18, 19, 20, 17, 51, 32, 33, 34, 35, 36, 37, 17, 18, 19, 20, 17, 38, 42, 43, 44, 45, 46, 13, 47, 50, 17, 18, 19, 20, 17, 51, 32, 33, 34, 35, 36, 37, 17, 18, 19, 20, 17, 38, 42, 43, 44, 45, 46, 13, 47, 48, 17, 18, 19, 20, 17, 51, 32, 33, 34, 35, 36, 37, 17, 18, 19, 20, 17, 38, 42, 43, 44, 45, 51, 32, 33, 34, 35, 36, 37, 17, 18, 19, 20, 17, 38, 42, 43, 44, 45, 46, 13, 47, 50, 17, 18, 19, 20, 17, 51, 32, 33, 34, 35, 36, 37, 17, 18, 19, 20, 17, 38, 42, 43, 44, 45, 46, 13, 47, 48, 17, 18, 19, 20, 17, 51, 32, 33, 34, 35, 36, 37, 17, 18, 19, 20, 17, 38, 42, 43, 44, 45, 46, 13, 47, 50, 17, 18, 19, 20, 17, 51, 32, 33, 34, 35, 36, 37, 17, 18, 19, 20, 17, 38, 42, 43, 44, 45, 46, 13, 47, 50, 17, 18, 19, 20, 17, 51, 32, 33, 34, 35, 36, 37, 17, 18, 19, 20, 17, 38, 42, 43, 44, 45, 46, 13, 47, 50, 17, 18, 19, 20, 17, 51, 32, 33, 34, 35, 36, 37, 17, 18, 19, 20, 17, 38, 42, 43, 44, 45, 46, 13, 47, 50, 17, 18, 19, 20, 17, 51, 32, 33, 34, 35, 36, 37, 17, 18, 19, 20, 17, 38, 32, 33, 34, 35, 36, 37, 17, 18, 19, 20, 17, 38, 42, 43, 44, 45, 46, 13, 47, 48, 17, 18, 19, 20, 17, 51, 32, 33, 34, 35, 36, 37, 17, 18, 19, 20, 17, 38, 42, 43, 44, 45, 46, 13, 47, 48, 17, 18, 19, 20, 17, 51, 32, 33, 34, 35, 36, 37, 17, 18, 19, 20, 17, 38, 42, 43, 44, 45, 46, 13, 47, 48, 17, 18, 19, 20, 17, 51, 32, 33, 34, 35, 36, 37, 17, 18, 19, 20, 17, 38, 42, 43, 44, 45, 51, 32, 33, 34, 35, 36, 37, 17, 18, 19, 20, 17, 38, 42, 43, 44, 45, 46, 13, 47, 48, 17, 18, 19, 20, 17, 51, 32, 33, 34, 35, 36, 37, 17, 18, 19, 20, 17, 38, 42, 43, 44, 45, 46, 13, 47, 50, 17, 18, 19, 20, 17, 51, 32, 33, 34, 35, 38, 42, 43, 44, 45, 46, 13, 47, 48, 17, 18, 19, 20, 17, 51, 32, 33, 34, 35, 38, 42, 43, 44, 45, 46, 13, 47, 48, 17, 18, 19, 20, 17, 51, 32, 33, 34, 35, 36, 37, 17, 18, 19, 20, 17, 38, 42, 43, 44, 45, 46, 13, 47, 50, 17, 18, 19, 20, 17, 51, 32, 33, 34, 35, 36, 37, 17, 18, 19, 20, 17, 38, 42, 43, 44, 45, 46, 13, 47, 50, 17, 18, 19, 20, 17, 51, 32, 33, 34, 35, 38, 42, 43, 44, 45, 51, 32, 33, 34, 35, 36, 37, 17, 18, 19, 20, 17, 38, 42, 43, 44, 45, 46, 13, 47, 48, 17, 18, 19, 20, 17, 51, 42, 43, 44, 45, 46, 13, 47, 50, 17, 18, 19, 20, 17, 51, 32, 33, 34, 35, 36, 37, 17, 18, 19, 20, 17, 38, 42, 43, 44, 45, 46, 13, 47, 48, 17, 18, 19, 20, 17, 51, 32, 33, 34, 35, 36, 37, 17, 18, 19, 20, 17, 38, 42, 43, 44, 45, 46, 13, 47, 50, 17, 18, 19, 20, 17, 51, 32, 33, 34, 35, 36, 37, 17, 18, 19, 20, 17, 38, 42, 43, 44, 45, 46, 13, 47, 50, 17, 18, 19, 20, 17, 51, 32, 33, 34, 35, 36, 37, 17, 18, 19, 20, 17, 38, 42, 43, 44, 45, 46, 13, 47, 48, 17, 18, 19, 20, 17, 51, 32, 33, 34, 35, 36, 37, 17, 18, 19, 20, 17, 38, 42, 43, 44, 45, 46, 13, 47, 50, 17, 18, 19, 20, 17, 51, 32, 33, 34, 35, 36, 37, 17, 18, 19, 20, 17, 38, 42, 43, 44, 45, 46, 13, 47, 48, 17, 18, 19, 20, 17, 51, 32, 33, 34, 35, 36, 37, 17, 18, 19, 20, 17, 38, 42, 43, 44, 45, 46, 13, 47, 50, 17, 18, 19, 20, 17, 51, 32, 33, 34, 35, 36, 37, 17, 18, 19, 20, 17, 38, 42, 43, 44, 45, 46, 13, 47, 50, 17, 18, 19, 20, 17, 51, 32, 33, 34, 35, 36, 37, 17, 18, 19, 20, 17, 38, 42, 43, 44, 45, 46, 13, 47, 48, 17, 18, 19, 20, 17, 51, 32, 33, 34, 35, 36, 37, 17, 18, 19, 20, 17, 38, 42, 43, 44, 45, 46, 13, 47, 50, 17, 18, 19, 20, 17, 51, 32, 33, 34, 35, 36, 37, 17, 18, 19, 20, 17, 38, 42, 43, 44, 45, 46, 13, 47, 48, 17, 18, 19, 20, 17, 51, 32, 33, 34, 35, 36, 37, 17, 18, 19, 20, 17, 38, 42, 43, 44, 45, 51, 32, 33, 34, 35, 38, 42, 43, 44, 45, 46, 13, 47, 48, 17, 18, 19, 20, 17, 51, 32, 33, 34, 35, 36, 37, 17, 18, 19, 20, 17, 38, 42, 43, 44, 45, 46, 13, 47, 48, 17, 18, 19, 20, 17, 51, 32, 33, 34, 35, 36, 37, 17, 18, 19, 20, 17, 38, 42, 43, 44, 45, 46, 13, 47, 48, 17, 18, 19, 20, 17, 51, 32, 33, 34, 35, 36, 37, 17, 18, 19, 20, 17, 38, 42, 43, 44, 45, 46, 13, 47, 48, 17, 18, 19, 20, 17, 51, 32, 33, 34, 35, 36, 37, 17, 18, 19, 20, 17, 38, 42, 43, 44, 45, 46, 13, 47, 48, 17, 18, 19, 20, 17, 51, 32, 33, 34, 35, 36, 37, 17, 18, 19, 20, 17, 38, 42, 43, 44, 45, 46, 13, 47, 48, 17, 18, 19, 20, 17, 51, 32, 33, 34, 35, 36, 37, 17, 18, 19, 20, 17, 38, 42, 43, 44, 45, 46, 13, 47, 48, 17, 18, 19, 20, 17, 51, 32, 33, 34, 35, 36, 37, 17, 18, 19, 20, 17, 38, 42, 43, 44, 45, 46, 13, 47, 48, 17, 18, 19, 20, 17, 51, 32, 33, 34, 35, 36, 37, 17, 18, 19, 20, 17, 38, 42, 43, 44, 45, 46, 13, 47, 50, 17, 18, 19, 20, 17, 51, 32, 33, 34, 35, 38, 42, 43, 44, 45, 46, 13, 47, 50, 17, 18, 19, 20, 17, 51, 32, 33, 34, 35, 36, 37, 17, 18, 19, 20, 17, 38, 42, 43, 44, 45, 51, 32, 33, 34, 35, 36, 37, 17, 18, 19, 20, 17, 38, 42, 43, 44, 45, 46, 13, 47, 50, 17, 18, 19, 20, 17, 51, 32, 33, 34, 35, 36, 37, 17, 18, 19, 20, 17, 38, 42, 43, 44, 45, 46, 13, 47, 48, 17, 18, 19, 20, 17, 51, 32, 33, 34, 35, 36, 37, 17, 18, 19, 20, 17, 38, 42, 43, 44, 45, 46, 13, 47, 50, 17, 18, 19, 20, 17, 51, 32, 33, 34, 35, 36, 37, 17, 18, 19, 20, 17, 38, 42, 43, 44, 45, 46, 13, 47, 48, 17, 18, 19, 20, 17, 51, 32, 33, 34, 35, 36, 37, 17, 18, 19, 20, 17, 38, 42, 43, 44, 45, 46, 13, 47, 50, 17, 18, 19, 20, 17, 51, 32, 33, 34, 35, 36, 37, 17, 18, 19, 20, 17, 38, 42, 43, 44, 45, 46, 13, 47, 50, 17, 18, 19, 20, 17, 51, 32, 33, 34, 35, 36, 37, 17, 18, 19, 20, 17, 38, 42, 43, 44, 45, 46, 13, 47, 48, 17, 18, 19, 20, 17, 51, 32, 33, 34, 35, 36, 37, 17, 18, 19, 20, 17, 38, 42, 43, 44, 45, 46, 13, 47, 50, 17, 18, 19, 20, 17, 51, 32, 33, 34, 35, 36, 37, 17, 18, 19, 20, 17, 38, 42, 43, 44, 45, 46, 13, 47, 48, 17, 18, 19, 20, 17, 51, 32, 33, 34, 35, 36, 37, 17, 18, 19, 20, 17, 38, 42, 43, 44, 45, 46, 13, 47, 48, 17, 18, 19, 20, 17, 51, 32, 33, 34, 35, 36, 37, 17, 18, 19, 20, 17, 38, 42, 43, 44, 45, 46, 13, 47, 48, 17, 18, 19, 20, 17, 51, 32, 33, 34, 35, 36, 37, 17, 18, 19, 20, 17, 38, 42, 43, 44, 45, 46, 13, 47, 50, 17, 18, 19, 20, 17, 51, 32, 33, 34, 35, 36, 37, 17, 18, 19, 20, 17, 38, 82, 79, 80, 54, 24, 25, 26, 27, 26, 25, 26, 27, 26, 25, 26, 27, 26, 25, 26, 27, 26, 25, 26, 27, 26, 25, 26, 27, 26, 25, 26, 27, 26, 25, 26, 27, 26, 25, 26, 27, 26, 25, 26, 27, 26, 25, 26, 27, 26, 25, 26, 27, 26, 25, 28, 55, 56, 55, 56, 55, 56, 55, 56, 55, 56, 55, 56, 55, 56, 55, 56, 55, 56, 55, 56, 55, 56, 55, 56, 55, 57, 81, 42, 43, 44, 45, 46, 13, 47, 48, 17, 18, 19, 20, 17, 51, 32, 33, 34, 35, 36, 37, 17, 18, 19, 20, 17, 38, 42, 43, 44, 45, 46, 13, 47, 48, 17, 18, 19, 20, 17, 51, 32, 33, 34, 35, 36, 37, 17, 18, 19, 20, 17, 38, 42, 43, 44, 45, 46, 13, 47, 50, 17, 18, 19, 20, 17, 51, 32, 33, 34, 35, 36, 37, 17, 18, 19, 20, 17, 38, 42, 43, 44, 45, 46, 13, 47, 48, 17, 18, 19, 20, 17, 51, 32, 33, 34, 35, 36, 37, 17, 18, 19, 20, 17, 38, 42, 43, 44, 45, 46, 13, 47, 50, 17, 18, 19, 20, 17, 51, 32, 33, 34, 35, 36, 37, 17, 18, 19, 20, 17, 38, 42, 43, 44, 45, 46, 13, 47, 48, 17, 18, 19, 20, 17, 51, 32, 33, 34, 35, 36, 37, 17, 18, 19, 20, 17, 38, 42, 43, 44, 45, 46, 13, 47, 50, 17, 18, 19, 20, 17, 51, 32, 33, 34, 35, 36, 37, 17, 18, 19, 20, 17, 38, 42, 43, 44, 45, 46, 13, 47, 50, 17, 18, 19, 20, 17, 51, 32, 33, 34, 35, 36, 37, 17, 18, 19, 20, 17, 38, 42, 43, 44, 45, 46, 13, 47, 48, 17, 18, 19, 20, 17, 51, 32, 33, 34, 35, 36, 37, 17, 18, 19, 20, 17, 38, 42, 43, 44, 45, 46, 13, 47, 48, 17, 18, 19, 20, 17, 51, 32, 33, 34, 35, 38, 42, 43, 44, 45, 46, 13, 47, 50, 17, 18, 19, 20, 17, 51, 32, 33, 34, 35, 36, 37, 17, 18, 19, 20, 17, 38, 42, 43, 44, 45, 46, 13, 47, 48, 17, 18, 19, 20, 17, 51, 32, 33, 34, 35, 36, 37, 17, 18, 19, 20, 17, 38, 42, 43, 44, 45, 46, 13, 47, 48, 17, 18, 19, 20, 17, 51, 32, 33, 34, 35, 36, 37, 17, 18, 19, 20, 17, 38, 42, 43, 44, 45, 46, 13, 47, 48, 17, 18, 19, 20, 17, 51, 32, 33, 34, 35, 36, 37, 17, 18, 19, 20, 17, 38, 42, 43, 44, 45, 46, 13, 47, 48, 17, 18, 19, 20, 17, 51, 32, 33, 34, 35, 36, 37, 17, 18, 19, 20, 17, 38, 42, 43, 44, 45, 46, 13, 47, 48, 17, 18, 19, 20, 17, 51, 32, 33, 34, 35, 36, 37, 17, 18, 19, 20, 17, 38, 42, 43, 44, 45, 51, 32, 33, 34, 35, 38, 42, 43, 44, 45, 46, 13, 47, 48, 17, 18, 19, 20, 17, 51, 32, 33, 34, 35, 36, 37, 17, 18, 19, 20, 17, 38, 42, 43, 44, 45, 46, 13, 47, 50, 17, 18, 19, 20, 17, 51, 32, 33, 34, 35, 36, 37, 17, 18, 19, 20, 17, 38, 42, 43, 44, 45, 46, 13, 47, 48, 17, 18, 19, 20, 17, 51, 32, 33, 34, 35, 36, 37, 17, 18, 19, 20, 17, 38, 42, 43, 44, 45, 46, 13, 47, 48, 17, 18, 19, 20, 17, 51, 32, 33, 34, 35, 36, 37, 17, 18, 19, 20, 17, 38, 42, 43, 44, 45, 46, 13, 47, 50, 17, 18, 19, 20, 17, 51, 32, 33, 34, 35, 36, 37, 17, 18, 19, 20, 17, 38, 42, 43, 44, 45, 46, 13, 47, 48, 17, 18, 19, 20, 17, 51, 32, 33, 34, 35, 36, 37, 17, 18, 19, 20, 17, 38, 42, 43, 44, 45, 46, 13, 47, 50, 17, 18, 19, 20, 17, 51, 32, 33, 34, 35, 36, 37, 17, 18, 19, 20, 17, 38, 42, 43, 44, 45, 46, 13, 47, 48, 17, 18, 19, 20, 17, 51, 32, 33, 34, 35, 36, 37, 17, 18, 19, 20, 17, 38, 42, 43, 44, 45, 46, 13, 47, 50, 17, 18, 19, 20, 17, 51, 32, 33, 34, 35, 36, 37, 17, 18, 19, 20, 17, 38, 42, 43, 44, 45, 46, 13, 47, 50, 17, 18, 19, 20, 17, 51, 32, 33, 34, 35, 38, 32, 33, 34, 35, 36, 37, 17, 18, 19, 20, 17, 38, 42, 43, 44, 45, 46, 13, 47, 50, 17, 18, 19, 20, 17, 51, 32, 33, 34, 35, 36, 37, 17, 18, 19, 20, 17, 38, 42, 43, 44, 45, 46, 13, 47, 48, 17, 18, 19, 20, 17, 51, 32, 33, 34, 35, 36, 37, 17, 18, 19, 20, 17, 38, 42, 43, 44, 45, 46, 13, 47, 48, 17, 18, 19, 20, 17, 51, 32, 33, 34, 35, 36, 37, 17, 18, 19, 20, 17, 38, 42, 43, 44, 45, 46, 13, 47, 48, 17, 18, 19, 20, 17, 51, 32, 33, 34, 35, 36, 37, 17, 18, 19, 20, 17, 38, 42, 43, 44, 45, 46, 13, 47, 50, 17, 18, 19, 20, 17, 51, 32, 33, 34, 35, 38, 42, 43, 44, 45, 46, 13, 47, 50, 17, 18, 19, 20, 17, 51, 42, 43, 44, 45, 51, 32, 33, 34, 35, 36, 37, 17, 18, 19, 20, 17, 38, 42, 43, 44, 45, 46, 13, 47, 50, 17, 18, 19, 20, 17, 51, 32, 33, 34, 35, 38, 42, 43, 44, 45, 46, 13, 47, 50, 17, 18, 19, 20, 17, 51, 32, 33, 34, 35, 36, 37, 17, 18, 19, 20, 17, 38, 42, 43, 44, 45, 51, 32, 33, 34, 35, 36, 37, 17, 18, 19, 20, 17, 38, 42, 43, 44, 45, 46, 13, 47, 48, 17, 18, 19, 20, 17, 51, 32, 33, 34, 35, 36, 37, 17, 18, 19, 20, 17, 38, 42, 43, 44, 45, 46, 13, 47, 50, 17, 18, 19, 20, 17, 51, 32, 33, 34, 35, 36, 37, 17, 18, 19, 20, 17, 38, 42, 43, 44, 45, 46, 13, 47, 48, 17, 18, 19, 20, 17, 51, 32, 33, 34, 35, 36, 37, 17, 18, 19, 20, 17, 38, 42, 43, 44, 45, 46, 13, 47, 50, 17, 18, 19, 20, 17, 51, 32, 33, 34, 35, 36, 37, 17, 18, 19, 20, 17, 38, 42, 43, 44, 45, 46, 13, 47, 48, 17, 18, 19, 20, 17, 51, 32, 33, 34, 35, 36, 37, 17, 18, 19, 20, 17, 38, 42, 43, 44, 45, 46, 13, 47, 48, 17, 18, 19, 20, 17, 51, 32, 33, 34, 35, 36, 37, 17, 18, 19, 20, 17, 38, 42, 43, 44, 45, 51, 32, 33, 34, 35, 36, 37, 17, 18, 19, 20, 17, 38, 42, 43, 44, 45, 46, 13, 47, 48, 17, 18, 19, 20, 17, 51, 32, 33, 34, 35, 36, 37, 17, 18, 19, 20, 17, 38, 42, 43, 44, 45, 46, 13, 47, 48, 17, 18, 19, 20, 17, 51, 32, 33, 34, 35, 38, 42, 43, 44, 45, 46, 13, 47, 48, 17, 18, 19, 20, 17, 51, 32, 33, 34, 35, 36, 37, 17, 18, 19, 20, 17, 38, 42, 43, 44, 45, 46, 13, 47, 48, 17, 18, 19, 20, 17, 51, 32, 33, 34, 35, 36, 37, 17, 18, 19, 20, 17, 38, 42, 43, 44, 45, 46, 13, 47, 50, 17, 18, 19, 20, 17, 51, 32, 33, 34, 35, 36, 37, 17, 18, 19, 20, 17, 38, 42, 43, 44, 45, 46, 13, 47, 48, 17, 18, 19, 20, 17, 51, 32, 33, 34, 35, 38, 42, 43, 44, 45, 46, 13, 47, 50, 17, 18, 19, 20, 17, 51, 32, 33, 34, 35, 36, 37, 17, 18, 19, 20, 17, 38, 42, 43, 44, 45, 46, 13, 47, 48, 17, 18, 19, 20, 17, 51, 32, 33, 34, 35, 36, 37, 17, 18, 19, 20, 17, 38, 42, 43, 44, 45, 46, 13, 47, 50, 17, 18, 19, 20, 17, 51, 32, 33, 34, 35, 36, 37, 17, 18, 19, 20, 17, 38, 42, 43, 44, 45, 46, 13, 47, 50, 17, 18, 19, 20, 17, 51, 32, 33, 34, 35, 36, 37, 17, 18, 19, 20, 17, 38, 42, 43, 44, 45, 51, 32, 33, 34, 35, 36, 37, 17, 18, 19, 20, 17, 38, 42, 43, 44, 45, 46, 13, 47, 48, 17, 18, 19, 20, 17, 51, 32, 33, 34, 35, 36, 37, 17, 18, 19, 20, 17, 38, 42, 43, 44, 45, 46, 13, 47, 50, 17, 18, 19, 20, 17, 51, 32, 33, 34, 35, 36, 37, 17, 18, 19, 20, 17, 38, 42, 43, 44, 45, 46, 13, 47, 48, 17, 18, 19, 20, 17, 51, 32, 33, 34, 35, 36, 37, 17, 18, 19, 20, 17, 38, 42, 43, 44, 45, 46, 13, 47, 48, 17, 18, 19, 20, 17, 51, 32, 33, 34, 35, 36, 37, 17, 18, 19, 20, 17, 38, 42, 43, 44, 45, 46, 13, 47, 48, 17, 18, 19, 20, 17, 51, 32, 33, 34, 35, 36, 37, 17, 18, 19, 20, 17, 38, 42, 43, 44, 45, 46, 13, 47, 50, 17, 18, 19, 20, 17, 51, 32, 33, 34, 35, 36, 37, 17, 18, 19, 20, 17, 38, 42, 43, 44, 45, 46, 13, 47, 48, 17, 18, 19, 20, 17, 51, 32, 33, 34, 35, 36, 37, 17, 18, 19, 20, 17, 38, 42, 43, 44, 45, 46, 13, 47, 50, 17, 18, 19, 20, 17, 51, 32, 33, 34, 35, 36, 37, 17, 18, 19, 20, 17, 38, 42, 43, 44, 45, 46, 13, 47, 50, 17, 18, 19, 20, 17, 51, 32, 33, 34, 35, 36, 37, 17, 18, 19, 20, 17, 38, 42, 43, 44, 45, 46, 13, 47, 50, 17, 18, 19, 20, 17, 51, 32, 33, 34, 35, 36, 37, 17, 18, 19, 20, 17, 38, 42, 43, 44, 45, 46, 13, 47, 48, 17, 18, 19, 20, 17, 51, 32, 33, 34, 35, 36, 37, 17, 18, 19, 20, 17, 38, 42, 43, 44, 45, 46, 13, 47, 50, 17, 18, 19, 20, 17, 51, 32, 33, 34, 35, 36, 37, 17, 18, 19, 20, 17, 38, 42, 43, 44, 45, 46, 13, 47, 48, 17, 18, 19, 20, 17, 51, 32, 33, 34, 35, 36, 37, 17, 18, 19, 20, 17, 38, 42, 43, 44, 45, 46, 13, 47, 50, 17, 18, 19, 20, 17, 51, 32, 33, 34, 35, 36, 37, 17, 18, 19, 20, 17, 38, 42, 43, 44, 45, 51, 32, 33, 34, 35, 36, 37, 17, 18, 19, 20, 17, 38, 42, 43, 44, 45, 46, 13, 47, 50, 17, 18, 19, 20, 17, 51, 32, 33, 34, 35, 36, 37, 17, 18, 19, 20, 17, 38, 42, 43, 44, 45, 46, 13, 47, 48, 17, 18, 19, 20, 17, 51, 32, 33, 34, 35, 36, 37, 17, 18, 19, 20, 17, 38, 42, 43, 44, 45, 46, 13, 47, 48, 17, 18, 19, 20, 17, 51, 32, 33, 34, 35, 36, 37, 17, 18, 19, 20, 17, 38, 42, 43, 44, 45, 46, 13, 47, 50, 17, 18, 19, 20, 17, 51, 32, 33, 34, 35, 36, 37, 17, 18, 19, 20, 17, 38, 42, 43, 44, 45, 51, 32, 33, 34, 35, 38, 32, 33, 34, 35, 36, 37, 17, 18, 19, 20, 17, 38, 42, 43, 44, 45, 46, 13, 47, 48, 17, 18, 19, 20, 17, 51, 32, 33, 34, 35, 36, 37, 17, 18, 19, 20, 17, 38, 42, 43, 44, 45, 46, 13, 47, 48, 17, 18, 19, 20, 17, 51, 32, 33, 34, 35, 36, 37, 17, 18, 19, 20, 17, 38, 42, 43, 44, 45, 46, 13, 47, 48, 17, 18, 19, 20, 17, 51, 32, 33, 34, 35, 36, 37, 17, 18, 19, 20, 17, 38, 42, 43, 44, 45, 46, 13, 47, 50, 17, 18, 19, 20, 17, 51, 32, 33, 34, 35, 36, 37, 17, 18, 19, 20, 17, 38, 42, 43, 44, 45, 46, 13, 47, 50, 17, 18, 19, 20, 17, 51, 32, 33, 34, 35, 36, 37, 17, 18, 19, 20, 17, 38, 42, 43, 44, 45, 46, 13, 47, 48, 17, 18, 19, 20, 17, 51, 32, 33, 34, 35, 36, 37, 17, 18, 19, 20, 17, 38, 42, 43, 44, 45, 46, 13, 47, 50, 17, 18, 19, 20, 17, 51, 32, 33, 34, 35, 36, 37, 17, 18, 19, 20, 17, 38, 42, 43, 44, 45, 46, 13, 47, 48, 17, 18, 19, 20, 17, 51, 32, 33, 34, 35, 36, 37, 17, 18, 19, 20, 17, 38, 42, 43, 44, 45, 46, 13, 47, 50, 17, 18, 19, 20, 17, 51, 32, 33, 34, 35, 36, 37, 17, 18, 19, 20, 17, 38, 42, 43, 44, 45, 46, 13, 47, 48, 17, 18, 19, 20, 17, 51, 32, 33, 34, 35, 36, 37, 17, 18, 19, 20, 17, 38, 42, 43, 44, 45, 46, 13, 47, 50, 17, 18, 19, 20, 17, 51, 42, 43, 44, 45, 46, 13, 47, 50, 17, 18, 19, 20, 17, 51, 32, 33, 34, 35, 38, 32, 33, 34, 35, 36, 37, 17, 18, 19, 20, 17, 38, 42, 43, 44, 45, 46, 13, 47, 48, 17, 18, 19, 20, 17, 51, 32, 33, 34, 35, 36, 37, 17, 18, 19, 20, 17, 38, 42, 43, 44, 45, 46, 13, 47, 50, 17, 18, 19, 20, 17, 51, 42, 43, 44, 45, 46, 13, 47, 48, 17, 18, 19, 20, 17, 51, 32, 33, 34, 35, 36, 37, 17, 18, 19, 20, 17, 38, 42, 43, 44, 45, 46, 13, 47, 48, 17, 18, 19, 20, 17, 51, 32, 33, 34, 35, 38, 32, 33, 34, 35, 36, 37, 17, 18, 19, 20, 17, 38, 42, 43, 44, 45, 46, 13, 47, 48, 17, 18, 19, 20, 17, 51, 42, 43, 44, 45, 46, 13, 47, 48, 17, 18, 19, 20, 17, 51, 32, 33, 34, 35, 36, 37, 17, 18, 19, 20, 17, 38, 42, 43, 44, 45, 46, 13, 47, 48, 17, 18, 19, 20, 17, 51, 32, 33, 34, 35, 38, 42, 43, 44, 45, 46, 13, 47, 48, 17, 18, 19, 20, 17, 51, 32, 33, 34, 35, 36, 37, 17, 18, 19, 20, 17, 38, 82, 79, 80, 54, 24, 25, 26, 27, 26, 25, 26, 27, 26, 25, 26, 27, 26, 25, 26, 27, 26, 25, 26, 27, 26, 25, 26, 27, 26, 25, 26, 27, 26, 25, 26, 27, 26, 25, 26, 27, 26, 25, 26, 27, 26, 25, 26, 27, 26, 25, 26, 27, 26, 25, 28, 55, 56, 55, 56, 55, 56, 55, 56, 55, 56, 55, 56, 55, 56, 55, 56, 55, 56, 55, 56, 55, 56, 55, 56, 55, 57, 81, 32, 33, 34, 35, 38, 42, 43, 44, 45, 46, 13, 47, 50, 17, 18, 19, 20, 17, 51, 32, 33, 34, 35, 36, 37, 17, 18, 19, 20, 17, 38, 42, 43, 44, 45, 46, 13, 47, 48, 17, 18, 19, 20, 17, 51, 32, 33, 34, 35, 36, 37, 17, 18, 19, 20, 17, 38, 42, 43, 44, 45, 46, 13, 47, 48, 17, 18, 19, 20, 17, 51, 32, 33, 34, 35, 36, 37, 17, 18, 19, 20, 17, 38, 42, 43, 44, 45, 46, 13, 47, 48, 17, 18, 19, 20, 17, 51, 32, 33, 34, 35, 36, 37, 17, 18, 19, 20, 17, 38, 42, 43, 44, 45, 51, 32, 33, 34, 35, 36, 37, 17, 18, 19, 20, 17, 38, 42, 43, 44, 45, 46, 13, 47, 48, 17, 18, 19, 20, 17, 51, 32, 33, 34, 35, 36, 37, 17, 18, 19, 20, 17, 38, 42, 43, 44, 45, 46, 13, 47, 48, 17, 18, 19, 20, 17, 51, 32, 33, 34, 35, 36, 37, 17, 18, 19, 20, 17, 38, 42, 43, 44, 45, 51, 32, 33, 34, 35, 36, 37, 17, 18, 19, 20, 17, 38, 42, 43, 44, 45, 46, 13, 47, 48, 17, 18, 19, 20, 17, 51, 32, 33, 34, 35, 36, 37, 17, 18, 19, 20, 17, 38, 42, 43, 44, 45, 51, 32, 33, 34, 35, 38, 42, 43, 44, 45, 46, 13, 47, 50, 17, 18, 19, 20, 17, 51, 32, 33, 34, 35, 36, 37, 17, 18, 19, 20, 17, 38, 42, 43, 44, 45, 46, 13, 47, 50, 17, 18, 19, 20, 17, 51, 32, 33, 34, 35, 36, 37, 17, 18, 19, 20, 17, 38, 42, 43, 44, 45, 46, 13, 47, 48, 17, 18, 19, 20, 17, 51, 32, 33, 34, 35, 36, 37, 17, 18, 19, 20, 17, 38, 42, 43, 44, 45, 46, 13, 47, 48, 17, 18, 19, 20, 17, 51, 32, 33, 34, 35, 36, 37, 17, 18, 19, 20, 17, 38, 42, 43, 44, 45, 46, 13, 47, 50, 17, 18, 19, 20, 17, 51, 32, 33, 34, 35, 36, 37, 17, 18, 19, 20, 17, 38, 42, 43, 44, 45, 46, 13, 47, 48, 17, 18, 19, 20, 17, 51, 32, 33, 34, 35, 36, 37, 17, 18, 19, 20, 17, 38, 42, 43, 44, 45, 46, 13, 47, 48, 17, 18, 19, 20, 17, 51, 32, 33, 34, 35, 36, 37, 17, 18, 19, 20, 17, 38, 42, 43, 44, 45, 46, 13, 47, 48, 17, 18, 19, 20, 17, 51, 32, 33, 34, 35, 38, 42, 43, 44, 45, 46, 13, 47, 48, 17, 18, 19, 20, 17, 51, 32, 33, 34, 35, 36, 37, 17, 18, 19, 20, 17, 38, 42, 43, 44, 45, 46, 13, 47, 48, 17, 18, 19, 20, 17, 51, 42, 43, 44, 45, 46, 13, 47, 48, 17, 18, 19, 20, 17, 51, 32, 33, 34, 35, 36, 37, 17, 18, 19, 20, 17, 38, 42, 43, 44, 45, 46, 13, 47, 50, 17, 18, 19, 20, 17, 51, 32, 33, 34, 35, 36, 37, 17, 18, 19, 20, 17, 38, 32, 33, 34, 35, 38, 42, 43, 44, 45, 46, 13, 47, 48, 17, 18, 19, 20, 17, 51, 32, 33, 34, 35, 36, 37, 17, 18, 19, 20, 17, 38, 42, 43, 44, 45, 46, 13, 47, 50, 17, 18, 19, 20, 17, 51, 42, 43, 44, 45, 46, 13, 47, 50, 17, 18, 19, 20, 17, 51, 32, 33, 34, 35, 36, 37, 17, 18, 19, 20, 17, 38, 42, 43, 44, 45, 46, 13, 47, 48, 17, 18, 19, 20, 17, 51, 32, 33, 34, 35, 36, 37, 17, 18, 19, 20, 17, 38, 42, 43, 44, 45, 46, 13, 47, 50, 17, 18, 19, 20, 17, 51, 32, 33, 34, 35, 36, 37, 17, 18, 19, 20, 17, 38, 42, 43, 44, 45, 46, 13, 47, 48, 17, 18, 19, 20, 17, 51, 32, 33, 34, 35, 36, 37, 17, 18, 19, 20, 17, 38, 42, 43, 44, 45, 46, 13, 47, 50, 17, 18, 19, 20, 17, 51, 32, 33, 34, 35, 36, 37, 17, 18, 19, 20, 17, 38, 42, 43, 44, 45, 46, 13, 47, 48, 17, 18, 19, 20, 17, 51, 32, 33, 34, 35, 36, 37, 17, 18, 19, 20, 17, 38, 42, 43, 44, 45, 46, 13, 47, 50, 17, 18, 19, 20, 17, 51, 32, 33, 34, 35, 36, 37, 17, 18, 19, 20, 17, 38, 42, 43, 44, 45, 46, 13, 47, 50, 17, 18, 19, 20, 17, 51, 32, 33, 34, 35, 36, 37, 17, 18, 19, 20, 17, 38, 42, 43, 44, 45, 46, 13, 47, 48, 17, 18, 19, 20, 17, 51, 32, 33, 34, 35, 36, 37, 17, 18, 19, 20, 17, 38, 42, 43, 44, 45, 46, 13, 47, 48, 17, 18, 19, 20, 17, 51, 32, 33, 34, 35, 36, 37, 17, 18, 19, 20, 17, 38, 42, 43, 44, 45, 46, 13, 47, 48, 17, 18, 19, 20, 17, 51, 32, 33, 34, 35, 36, 37, 17, 18, 19, 20, 17, 38, 42, 43, 44, 45, 51, 32, 33, 34, 35, 36, 37, 17, 18, 19, 20, 17, 38, 32, 33, 34, 35, 36, 37, 17, 18, 19, 20, 17, 38, 42, 43, 44, 45, 51, 32, 33, 34, 35, 36, 37, 17, 18, 19, 20, 17, 38, 42, 43, 44, 45, 46, 13, 47, 50, 17, 18, 19, 20, 17, 51, 42, 43, 44, 45, 46, 13, 47, 48, 17, 18, 19, 20, 17, 51, 32, 33, 34, 35, 36, 37, 17, 18, 19, 20, 17, 38, 42, 43, 44, 45, 46, 13, 47, 48, 17, 18, 19, 20, 17, 51, 32, 33, 34, 35, 36, 37, 17, 18, 19, 20, 17, 38, 32, 33, 34, 35, 36, 37, 17, 18, 19, 20, 17, 38, 42, 43, 44, 45, 51, 32, 33, 34, 35, 36, 37, 17, 18, 19, 20, 17, 38, 42, 43, 44, 45, 46, 13, 47, 48, 17, 18, 19, 20, 17, 51, 32, 33, 34, 35, 36, 37, 17, 18, 19, 20, 17, 38, 42, 43, 44, 45, 46, 13, 47, 48, 17, 18, 19, 20, 17, 51, 32, 33, 34, 35, 36, 37, 17, 18, 19, 20, 17, 38, 42, 43, 44, 45, 46, 13, 47, 48, 17, 18, 19, 20, 17, 51, 42, 43, 44, 45, 46, 13, 47, 48, 17, 18, 19, 20, 17, 51, 32, 33, 34, 35, 36, 37, 17, 18, 19, 20, 17, 38, 42, 43, 44, 45, 46, 13, 47, 50, 17, 18, 19, 20, 17, 51, 32, 33, 34, 35, 36, 37, 17, 18, 19, 20, 17, 38, 42, 43, 44, 45, 46, 13, 47, 48, 17, 18, 19, 20, 17, 51, 32, 33, 34, 35, 36, 37, 17, 18, 19, 20, 17, 38, 42, 43, 44, 45, 46, 13, 47, 50, 17, 18, 19, 20, 17, 51, 32, 33, 34, 35, 36, 37, 17, 18, 19, 20, 17, 38, 42, 43, 44, 45, 46, 13, 47, 48, 17, 18, 19, 20, 17, 51, 32, 33, 34, 35, 36, 37, 17, 18, 19, 20, 17, 38, 42, 43, 44, 45, 46, 13, 47, 50, 17, 18, 19, 20, 17, 51, 32, 33, 34, 35, 36, 37, 17, 18, 19, 20, 17, 38, 42, 43, 44, 45, 46, 13, 47, 48, 17, 18, 19, 20, 17, 51, 32, 33, 34, 35, 36, 37, 17, 18, 19, 20, 17, 38, 42, 43, 44, 45, 46, 13, 47, 50, 17, 18, 19, 20, 17, 51, 32, 33, 34, 35, 38, 42, 43, 44, 45, 46, 13, 47, 50, 17, 18, 19, 20, 17, 51, 32, 33, 34, 35, 36, 37, 17, 18, 19, 20, 17, 38, 42, 43, 44, 45, 46, 13, 47, 48, 17, 18, 19, 20, 17, 51, 32, 33, 34, 35, 36, 37, 17, 18, 19, 20, 17, 38, 42, 43, 44, 45, 46, 13, 47, 48, 17, 18, 19, 20, 17, 51, 32, 33, 34, 35, 36, 37, 17, 18, 19, 20, 17, 38, 42, 43, 44, 45, 46, 13, 47, 48, 17, 18, 19, 20, 17, 51, 32, 33, 34, 35, 36, 37, 17, 18, 19, 20, 17, 38, 42, 43, 44, 45, 46, 13, 47, 50, 17, 18, 19, 20, 17, 51, 32, 33, 34, 35, 36, 37, 17, 18, 19, 20, 17, 38, 42, 43, 44, 45, 46, 13, 47, 48, 17, 18, 19, 20, 17, 51, 32, 33, 34, 35, 36, 37, 17, 18, 19, 20, 17, 38, 42, 43, 44, 45, 46, 13, 47, 48, 17, 18, 19, 20, 17, 51, 32, 33, 34, 35, 38, 42, 43, 44, 45, 46, 13, 47, 48, 17, 18, 19, 20, 17, 51, 32, 33, 34, 35, 36, 37, 17, 18, 19, 20, 17, 38, 42, 43, 44, 45, 46, 13, 47, 48, 17, 18, 19, 20, 17, 51, 32, 33, 34, 35, 36, 37, 17, 18, 19, 20, 17, 38, 42, 43, 44, 45, 46, 13, 47, 50, 17, 18, 19, 20, 17, 51, 32, 33, 34, 35, 38, 42, 43, 44, 45, 46, 13, 47, 50, 17, 18, 19, 20, 17, 51, 32, 33, 34, 35, 36, 37, 17, 18, 19, 20, 17, 38, 42, 43, 44, 45, 46, 13, 47, 48, 17, 18, 19, 20, 17, 51, 32, 33, 34, 35, 36, 37, 17, 18, 19, 20, 17, 38, 42, 43, 44, 45, 46, 13, 47, 50, 17, 18, 19, 20, 17, 51, 32, 33, 34, 35, 36, 37, 17, 18, 19, 20, 17, 38, 42, 43, 44, 45, 46, 13, 47, 48, 17, 18, 19, 20, 17, 51, 32, 33, 34, 35, 36, 37, 17, 18, 19, 20, 17, 38, 42, 43, 44, 45, 46, 13, 47, 48, 17, 18, 19, 20, 17, 51, 32, 33, 34, 35, 36, 37, 17, 18, 19, 20, 17, 38, 42, 43, 44, 45, 46, 13, 47, 50, 17, 18, 19, 20, 17, 51, 32, 33, 34, 35, 36, 37, 17, 18, 19, 20, 17, 38, 42, 43, 44, 45, 46, 13, 47, 48, 17, 18, 19, 20, 17, 51, 32, 33, 34, 35, 36, 37, 17, 18, 19, 20, 17, 38, 42, 43, 44, 45, 46, 13, 47, 50, 17, 18, 19, 20, 17, 51, 32, 33, 34, 35, 38, 32, 33, 34, 35, 38, 42, 43, 44, 45, 46, 13, 47, 50, 17, 18, 19, 20, 17, 51, 32, 33, 34, 35, 36, 37, 17, 18, 19, 20, 17, 38, 42, 43, 44, 45, 46, 13, 47, 50, 17, 18, 19, 20, 17, 51, 42, 43, 44, 45, 46, 13, 47, 50, 17, 18, 19, 20, 17, 51, 32, 33, 34, 35, 36, 37, 17, 18, 19, 20, 17, 38, 32, 33, 34, 35, 36, 37, 17, 18, 19, 20, 17, 38, 42, 43, 44, 45, 46, 13, 47, 50, 17, 18, 19, 20, 17, 51, 42, 43, 44, 45, 46, 13, 47, 48, 17, 18, 19, 20, 17, 51, 32, 33, 34, 35, 36, 37, 17, 18, 19, 20, 17, 38, 42, 43, 44, 45, 46, 13, 47, 50, 17, 18, 19, 20, 17, 51, 32, 33, 34, 35, 38, 42, 43, 44, 45, 46, 13, 47, 50, 17, 18, 19, 20, 17, 51, 32, 33, 34, 35, 36, 37, 17, 18, 19, 20, 17, 38, 32, 33, 34, 35, 36, 37, 17, 18, 19, 20, 17, 38, 42, 43, 44, 45, 46, 13, 47, 48, 17, 18, 19, 20, 17, 51, 42, 43, 44, 45, 46, 13, 47, 50, 17, 18, 19, 20, 17, 51, 32, 33, 34, 35, 36, 37, 17, 18, 19, 20, 17, 38, 42, 43, 44, 45, 46, 13, 47, 50, 17, 18, 19, 20, 17, 51, 32, 33, 34, 35, 36, 37, 17, 18, 19, 20, 17, 38, 42, 43, 44, 45, 46, 13, 47, 50, 17, 18, 19, 20, 17, 51, 32, 33, 34, 35, 38, 42, 43, 44, 45, 46, 13, 47, 48, 17, 18, 19, 20, 17, 51, 32, 33, 34, 35, 38, 42, 43, 44, 45, 46, 13, 47, 48, 17, 18, 19, 20, 17, 51, 32, 33, 34, 35, 36, 37, 17, 18, 19, 20, 17, 38, 42, 43, 44, 45, 46, 13, 47, 48, 17, 18, 19, 20, 17, 51, 32, 33, 34, 35, 36, 37, 17, 18, 19, 20, 17, 38, 42, 43, 44, 45, 46, 13, 47, 50, 17, 18, 19, 20, 17, 51, 32, 33, 34, 35, 36, 37, 17, 18, 19, 20, 17, 38, 42, 43, 44, 45, 46, 13, 47, 50, 17, 18, 19, 20, 17, 51, 32, 33, 34, 35, 36, 37, 17, 18, 19, 20, 17, 38, 42, 43, 44, 45, 46, 13, 47, 48, 17, 18, 19, 20, 17, 51, 32, 33, 34, 35, 36, 37, 17, 18, 19, 20, 17, 38, 42, 43, 44, 45, 46, 13, 47, 48, 17, 18, 19, 20, 17, 51, 32, 33, 34, 35, 36, 37, 17, 18, 19, 20, 17, 38, 42, 43, 44, 45, 51, 32, 33, 34, 35, 36, 37, 17, 18, 19, 20, 17, 38, 32, 33, 34, 35, 36, 37, 17, 18, 19, 20, 17, 38, 42, 43, 44, 45, 46, 13, 47, 50, 17, 18, 19, 20, 17, 51, 32, 33, 34, 35, 36, 37, 17, 18, 19, 20, 17, 38, 42, 43, 44, 45, 46, 13, 47, 50, 17, 18, 19, 20, 17, 51, 32, 33, 34, 35, 36, 37, 17, 18, 19, 20, 17, 38, 42, 43, 44, 45, 46, 13, 47, 48, 17, 18, 19, 20, 17, 51, 32, 33, 34, 35, 36, 37, 17, 18, 19, 20, 17, 38, 42, 43, 44, 45, 46, 13, 47, 50, 17, 18, 19, 20, 17, 51, 32, 33, 34, 35, 36, 37, 17, 18, 19, 20, 17, 38, 42, 43, 44, 45, 46, 13, 47, 48, 17, 18, 19, 20, 17, 51, 32, 33, 34, 35, 36, 37, 17, 18, 19, 20, 17, 38, 42, 43, 44, 45, 46, 13, 47, 50, 17, 18, 19, 20, 17, 51, 32, 33, 34, 35, 36, 37, 17, 18, 19, 20, 17, 38, 42, 43, 44, 45, 46, 13, 47, 50, 17, 18, 19, 20, 17, 51, 82, 79, 80, 54, 24, 25, 26, 27, 26, 25, 26, 27, 26, 25, 26, 27, 26, 25, 26, 27, 26, 25, 26, 27, 26, 25, 26, 27, 26, 25, 26, 27, 26, 25, 26, 27, 26, 25, 26, 27, 26, 25, 26, 27, 26, 25, 26, 27, 26, 25, 26, 27, 26, 25, 28, 55, 56, 55, 56, 55, 56, 55, 56, 55, 56, 55, 56, 55, 56, 55, 56, 55, 56, 55, 56, 55, 56, 55, 56, 55, 57, 81, 42, 43, 44, 45, 46, 13, 47, 48, 17, 18, 19, 20, 17, 51, 32, 33, 34, 35, 36, 37, 17, 18, 19, 20, 17, 38, 42, 43, 44, 45, 46, 13, 47, 48, 17, 18, 19, 20, 17, 51, 32, 33, 34, 35, 36, 37, 17, 18, 19, 20, 17, 38, 42, 43, 44, 45, 46, 13, 47, 50, 17, 18, 19, 20, 17, 51, 32, 33, 34, 35, 36, 37, 17, 18, 19, 20, 17, 38, 42, 43, 44, 45, 46, 13, 47, 48, 17, 18, 19, 20, 17, 51, 32, 33, 34, 35, 36, 37, 17, 18, 19, 20, 17, 38, 42, 43, 44, 45, 46, 13, 47, 50, 17, 18, 19, 20, 17, 51, 32, 33, 34, 35, 36, 37, 17, 18, 19, 20, 17, 38, 42, 43, 44, 45, 46, 13, 47, 50, 17, 18, 19, 20, 17, 51, 32, 33, 34, 35, 36, 37, 17, 18, 19, 20, 17, 38, 42, 43, 44, 45, 46, 13, 47, 50, 17, 18, 19, 20, 17, 51, 32, 33, 34, 35, 36, 37, 17, 18, 19, 20, 17, 38, 42, 43, 44, 45, 46, 13, 47, 50, 17, 18, 19, 20, 17, 51, 32, 33, 34, 35, 36, 37, 17, 18, 19, 20, 17, 38, 42, 43, 44, 45, 46, 13, 47, 50, 17, 18, 19, 20, 17, 51, 32, 33, 34, 35, 36, 37, 17, 18, 19, 20, 17, 38, 42, 43, 44, 45, 51, 32, 33, 34, 35, 36, 37, 17, 18, 19, 20, 17, 38, 42, 43, 44, 45, 46, 13, 47, 50, 17, 18, 19, 20, 17, 51, 32, 33, 34, 35, 36, 37, 17, 18, 19, 20, 17, 38, 42, 43, 44, 45, 46, 13, 47, 48, 17, 18, 19, 20, 17, 51, 32, 33, 34, 35, 36, 37, 17, 18, 19, 20, 17, 38, 42, 43, 44, 45, 46, 13, 47, 48, 17, 18, 19, 20, 17, 51, 32, 33, 34, 35, 36, 37, 17, 18, 19, 20, 17, 38, 42, 43, 44, 45, 46, 13, 47, 50, 17, 18, 19, 20, 17, 51, 32, 33, 34, 35, 36, 37, 17, 18, 19, 20, 17, 38, 42, 43, 44, 45, 46, 13, 47, 50, 17, 18, 19, 20, 17, 51, 32, 33, 34, 35, 36, 37, 17, 18, 19, 20, 17, 38, 42, 43, 44, 45, 46, 13, 47, 48, 17, 18, 19, 20, 17, 51, 32, 33, 34, 35, 36, 37, 17, 18, 19, 20, 17, 38, 42, 43, 44, 45, 46, 13, 47, 50, 17, 18, 19, 20, 17, 51, 32, 33, 34, 35, 36, 37, 17, 18, 19, 20, 17, 38, 42, 43, 44, 45, 46, 13, 47, 48, 17, 18, 19, 20, 17, 51, 32, 33, 34, 35, 36, 37, 17, 18, 19, 20, 17, 38, 42, 43, 44, 45, 46, 13, 47, 48, 17, 18, 19, 20, 17, 51, 32, 33, 34, 35, 36, 37, 17, 18, 19, 20, 17, 38, 42, 43, 44, 45, 46, 13, 47, 48, 17, 18, 19, 20, 17, 51, 32, 33, 34, 35, 36, 37, 17, 18, 19, 20, 17, 38, 42, 43, 44, 45, 46, 13, 47, 48, 17, 18, 19, 20, 17, 51, 32, 33, 34, 35, 36, 37, 17, 18, 19, 20, 17, 38, 42, 43, 44, 45, 46, 13, 47, 50, 17, 18, 19, 20, 17, 51, 32, 33, 34, 35, 36, 37, 17, 18, 19, 20, 17, 38, 42, 43, 44, 45, 46, 13, 47, 48, 17, 18, 19, 20, 17, 51, 32, 33, 34, 35, 38, 42, 43, 44, 45, 46, 13, 47, 50, 17, 18, 19, 20, 17, 51, 32, 33, 34, 35, 36, 37, 17, 18, 19, 20, 17, 38, 42, 43, 44, 45, 46, 13, 47, 50, 17, 18, 19, 20, 17, 51, 32, 33, 34, 35, 36, 37, 17, 18, 19, 20, 17, 38, 42, 43, 44, 45, 46, 13, 47, 48, 17, 18, 19, 20, 17, 51, 32, 33, 34, 35, 36, 37, 17, 18, 19, 20, 17, 38, 42, 43, 44, 45, 46, 13, 47, 48, 17, 18, 19, 20, 17, 51, 32, 33, 34, 35, 36, 37, 17, 18, 19, 20, 17, 38, 42, 43, 44, 45, 46, 13, 47, 48, 17, 18, 19, 20, 17, 51, 32, 33, 34, 35, 36, 37, 17, 18, 19, 20, 17, 38, 42, 43, 44, 45, 46, 13, 47, 48, 17, 18, 19, 20, 17, 51, 32, 33, 34, 35, 36, 37, 17, 18, 19, 20, 17, 38, 42, 43, 44, 45, 46, 13, 47, 48, 17, 18, 19, 20, 17, 51, 32, 33, 34, 35, 36, 37, 17, 18, 19, 20, 17, 38, 42, 43, 44, 45, 46, 13, 47, 48, 17, 18, 19, 20, 17, 51, 32, 33, 34, 35, 36, 37, 17, 18, 19, 20, 17, 38, 42, 43, 44, 45, 46, 13, 47, 48, 17, 18, 19, 20, 17, 51, 32, 33, 34, 35, 36, 37, 17, 18, 19, 20, 17, 38, 42, 43, 44, 45, 46, 13, 47, 48, 17, 18, 19, 20, 17, 51, 32, 33, 34, 35, 36, 37, 17, 18, 19, 20, 17, 38, 42, 43, 44, 45, 46, 13, 47, 48, 17, 18, 19, 20, 17, 51, 32, 33, 34, 35, 36, 37, 17, 18, 19, 20, 17, 38, 42, 43, 44, 45, 46, 13, 47, 50, 17, 18, 19, 20, 17, 51, 32, 33, 34, 35, 36, 37, 17, 18, 19, 20, 17, 38, 42, 43, 44, 45, 46, 13, 47, 48, 17, 18, 19, 20, 17, 51, 32, 33, 34, 35, 36, 37, 17, 18, 19, 20, 17, 38, 42, 43, 44, 45, 46, 13, 47, 48, 17, 18, 19, 20, 17, 51, 32, 33, 34, 35, 36, 37, 17, 18, 19, 20, 17, 38, 42, 43, 44, 45, 46, 13, 47, 48, 17, 18, 19, 20, 17, 51, 32, 33, 34, 35, 36, 37, 17, 18, 19, 20, 17, 38, 42, 43, 44, 45, 46, 13, 47, 50, 17, 18, 19, 20, 17, 51, 32, 33, 34, 35, 36, 37, 17, 18, 19, 20, 17, 38, 42, 43, 44, 45, 46, 13, 47, 48, 17, 18, 19, 20, 17, 51, 32, 33, 34, 35, 36, 37, 17, 18, 19, 20, 17, 38, 42, 43, 44, 45, 46, 13, 47, 48, 17, 18, 19, 20, 17, 51, 32, 33, 34, 35, 36, 37, 17, 18, 19, 20, 17, 38, 42, 43, 44, 45, 46, 13, 47, 50, 17, 18, 19, 20, 17, 51, 32, 33, 34, 35, 36, 37, 17, 18, 19, 20, 17, 38, 42, 43, 44, 45, 51, 32, 33, 34, 35, 36, 37, 17, 18, 19, 20, 17, 38, 42, 43, 44, 45, 46, 13, 47, 48, 17, 18, 19, 20, 17, 51, 32, 33, 34, 35, 36, 37, 17, 18, 19, 20, 17, 38, 42, 43, 44, 45, 51, 32, 33, 34, 35, 36, 37, 17, 18, 19, 20, 17, 38, 42, 43, 44, 45, 46, 13, 47, 48, 17, 18, 19, 20, 17, 51, 32, 33, 34, 35, 36, 37, 17, 18, 19, 20, 17, 38, 42, 43, 44, 45, 46, 13, 47, 48, 17, 18, 19, 20, 17, 51, 32, 33, 34, 35, 36, 37, 17, 18, 19, 20, 17, 38, 42, 43, 44, 45, 46, 13, 47, 48, 17, 18, 19, 20, 17, 51, 32, 33, 34, 35, 36, 37, 17, 18, 19, 20, 17, 38, 42, 43, 44, 45, 51, 32, 33, 34, 35, 36, 37, 17, 18, 19, 20, 17, 38, 42, 43, 44, 45, 46, 13, 47, 48, 17, 18, 19, 20, 17, 51, 32, 33, 34, 35, 36, 37, 17, 18, 19, 20, 17, 38, 42, 43, 44, 45, 46, 13, 47, 50, 17, 18, 19, 20, 17, 51, 32, 33, 34, 35, 36, 37, 17, 18, 19, 20, 17, 38, 42, 43, 44, 45, 46, 13, 47, 48, 17, 18, 19, 20, 17, 51, 32, 33, 34, 35, 36, 37, 17, 18, 19, 20, 17, 38, 42, 43, 44, 45, 46, 13, 47, 50, 17, 18, 19, 20, 17, 51, 32, 33, 34, 35, 36, 37, 17, 18, 19, 20, 17, 38, 42, 43, 44, 45, 46, 13, 47, 50, 17, 18, 19, 20, 17, 51, 32, 33, 34, 35, 36, 37, 17, 18, 19, 20, 17, 38, 42, 43, 44, 45, 46, 13, 47, 48, 17, 18, 19, 20, 17, 51, 32, 33, 34, 35, 36, 37, 17, 18, 19, 20, 17, 38, 42, 43, 44, 45, 46, 13, 47, 50, 17, 18, 19, 20, 17, 51, 32, 33, 34, 35, 36, 37, 17, 18, 19, 20, 17, 38, 42, 43, 44, 45, 46, 13, 47, 48, 17, 18, 19, 20, 17, 51, 32, 33, 34, 35, 36, 37, 17, 18, 19, 20, 17, 38, 42, 43, 44, 45, 46, 13, 47, 50, 17, 18, 19, 20, 17, 51, 32, 33, 34, 35, 38, 42, 43, 44, 45, 46, 13, 47, 50, 17, 18, 19, 20, 17, 51, 32, 33, 34, 35, 36, 37, 17, 18, 19, 20, 17, 38, 42, 43, 44, 45, 46, 13, 47, 48, 17, 18, 19, 20, 17, 51, 32, 33, 34, 35, 36, 37, 17, 18, 19, 20, 17, 38, 42, 43, 44, 45, 46, 13, 47, 48, 17, 18, 19, 20, 17, 51, 32, 33, 34, 35, 38, 42, 43, 44, 45, 46, 13, 47, 50, 17, 18, 19, 20, 17, 51, 32, 33, 34, 35, 36, 37, 17, 18, 19, 20, 17, 38, 42, 43, 44, 45, 46, 13, 47, 50, 17, 18, 19, 20, 17, 51, 32, 33, 34, 35, 36, 37, 17, 18, 19, 20, 17, 38, 42, 43, 44, 45, 46, 13, 47, 50, 17, 18, 19, 20, 17, 51, 32, 33, 34, 35, 36, 37, 17, 18, 19, 20, 17, 38, 42, 43, 44, 45, 46, 13, 47, 48, 17, 18, 19, 20, 17, 51, 32, 33, 34, 35, 38, 42, 43, 44, 45, 51, 32, 33, 34, 35, 36, 37, 17, 18, 19, 20, 17, 38, 32, 33, 34, 35, 36, 37, 17, 18, 19, 20, 17, 38, 42, 43, 44, 45, 46, 13, 47, 48, 17, 18, 19, 20, 17, 51, 32, 33, 34, 35, 36, 37, 17, 18, 19, 20, 17, 38, 42, 43, 44, 45, 46, 13, 47, 48, 17, 18, 19, 20, 17, 51, 32, 33, 34, 35, 36, 37, 17, 18, 19, 20, 17, 38, 42, 43, 44, 45, 46, 13, 47, 48, 17, 18, 19, 20, 17, 51, 32, 33, 34, 35, 36, 37, 17, 18, 19, 20, 17, 38, 42, 43, 44, 45, 46, 13, 47, 50, 17, 18, 19, 20, 17, 51, 32, 33, 34, 35, 36, 37, 17, 18, 19, 20, 17, 38, 42, 43, 44, 45, 46, 13, 47, 48, 17, 18, 19, 20, 17, 51, 32, 33, 34, 35, 36, 37, 17, 18, 19, 20, 17, 38, 42, 43, 44, 45, 51, 32, 33, 34, 35, 36, 37, 17, 18, 19, 20, 17, 38, 42, 43, 44, 45, 46, 13, 47, 50, 17, 18, 19, 20, 17, 51, 32, 33, 34, 35, 36, 37, 17, 18, 19, 20, 17, 38, 42, 43, 44, 45, 46, 13, 47, 48, 17, 18, 19, 20, 17, 51, 32, 33, 34, 35, 36, 37, 17, 18, 19, 20, 17, 38, 42, 43, 44, 45, 46, 13, 47, 48, 17, 18, 19, 20, 17, 51, 32, 33, 34, 35, 36, 37, 17, 18, 19, 20, 17, 38, 42, 43, 44, 45, 51, 32, 33, 34, 35, 36, 37, 17, 18, 19, 20, 17, 38, 42, 43, 44, 45, 51, 32, 33, 34, 35, 36, 37, 17, 18, 19, 20, 17, 38, 42, 43, 44, 45, 46, 13, 47, 48, 17, 18, 19, 20, 17, 51, 32, 33, 34, 35, 38, 42, 43, 44, 45, 46, 13, 47, 50, 17, 18, 19, 20, 17, 51, 32, 33, 34, 35, 36, 37, 17, 18, 19, 20, 17, 38, 42, 43, 44, 45, 46, 13, 47, 48, 17, 18, 19, 20, 17, 51, 32, 33, 34, 35, 36, 37, 17, 18, 19, 20, 17, 38, 42, 43, 44, 45, 46, 13, 47, 48, 17, 18, 19, 20, 17, 51, 32, 33, 34, 35, 36, 37, 17, 18, 19, 20, 17, 38, 42, 43, 44, 45, 46, 13, 47, 50, 17, 18, 19, 20, 17, 51, 32, 33, 34, 35, 36, 37, 17, 18, 19, 20, 17, 38, 42, 43, 44, 45, 46, 13, 47, 50, 17, 18, 19, 20, 17, 51, 32, 33, 34, 35, 36, 37, 17, 18, 19, 20, 17, 38, 42, 43, 44, 45, 46, 13, 47, 48, 17, 18, 19, 20, 17, 51, 32, 33, 34, 35, 36, 37, 17, 18, 19, 20, 17, 38, 42, 43, 44, 45, 46, 13, 47, 48, 17, 18, 19, 20, 17, 51, 32, 33, 34, 35, 36, 37, 17, 18, 19, 20, 17, 38, 42, 43, 44, 45, 46, 13, 47, 50, 17, 18, 19, 20, 17, 51, 32, 33, 34, 35, 36, 37, 17, 18, 19, 20, 17, 38, 42, 43, 44, 45, 51, 32, 33, 34, 35, 36, 37, 17, 18, 19, 20, 17, 38, 42, 43, 44, 45, 46, 13, 47, 50, 17, 18, 19, 20, 17, 51, 32, 33, 34, 35, 36, 37, 17, 18, 19, 20, 17, 38, 42, 43, 44, 45, 46, 13, 47, 48, 17, 18, 19, 20, 17, 51, 32, 33, 34, 35, 36, 37, 17, 18, 19, 20, 17, 38, 42, 43, 44, 45, 46, 13, 47, 48, 17, 18, 19, 20, 17, 51, 32, 33, 34, 35, 36, 37, 17, 18, 19, 20, 17, 38, 42, 43, 44, 45, 46, 13, 47, 50, 17, 18, 19, 20, 17, 51, 32, 33, 34, 35, 36, 37, 17, 18, 19, 20, 17, 38, 42, 43, 44, 45, 46, 13, 47, 48, 17, 18, 19, 20, 17, 51, 32, 33, 34, 35, 38, 42, 43, 44, 45, 46, 13, 47, 48, 17, 18, 19, 20, 17, 51, 32, 33, 34, 35, 36, 37, 17, 18, 19, 20, 17, 38, 42, 43, 44, 45, 46, 13, 47, 48, 17, 18, 19, 20, 17, 51, 32, 33, 34, 35, 36, 37, 17, 18, 19, 20, 17, 38, 42, 43, 44, 45, 46, 13, 47, 50, 17, 18, 19, 20, 17, 51, 32, 33, 34, 35, 38, 82, 79, 80, 54, 24, 25, 26, 27, 26, 25, 26, 27, 26, 25, 26, 27, 26, 25, 26, 27, 26, 25, 26, 27, 26, 25, 26, 27, 26, 25, 26, 27, 26, 25, 26, 27, 26, 25, 26, 27, 26, 25, 26, 27, 26, 25, 26, 27, 26, 25, 26, 27, 26, 25, 28, 55, 56, 55, 56, 55, 56, 55, 56, 55, 56, 55, 56, 55, 56, 55, 56, 55, 56, 55, 56, 55, 56, 55, 56, 55, 57, 81, 42, 43, 44, 45, 46, 13, 47, 50, 17, 18, 19, 20, 17, 51, 32, 33, 34, 35, 36, 37, 17, 18, 19, 20, 17, 38, 42, 43, 44, 45, 46, 13, 47, 48, 17, 18, 19, 20, 17, 51, 32, 33, 34, 35, 36, 37, 17, 18, 19, 20, 17, 38, 42, 43, 44, 45, 51, 32, 33, 34, 35, 36, 37, 17, 18, 19, 20, 17, 38, 42, 43, 44, 45, 46, 13, 47, 50, 17, 18, 19, 20, 17, 51, 32, 33, 34, 35, 36, 37, 17, 18, 19, 20, 17, 38, 42, 43, 44, 45, 46, 13, 47, 48, 17, 18, 19, 20, 17, 51, 32, 33, 34, 35, 36, 37, 17, 18, 19, 20, 17, 38, 42, 43, 44, 45, 46, 13, 47, 48, 17, 18, 19, 20, 17, 51, 32, 33, 34, 35, 36, 37, 17, 18, 19, 20, 17, 38, 42, 43, 44, 45, 46, 13, 47, 50, 17, 18, 19, 20, 17, 51, 32, 33, 34, 35, 38, 42, 43, 44, 45, 46, 13, 47, 48, 17, 18, 19, 20, 17, 51, 32, 33, 34, 35, 36, 37, 17, 18, 19, 20, 17, 38, 42, 43, 44, 45, 46, 13, 47, 50, 17, 18, 19, 20, 17, 51, 32, 33, 34, 35, 36, 37, 17, 18, 19, 20, 17, 38, 42, 43, 44, 45, 46, 13, 47, 48, 17, 18, 19, 20, 17, 51, 32, 33, 34, 35, 36, 37, 17, 18, 19, 20, 17, 38, 42, 43, 44, 45, 46, 13, 47, 50, 17, 18, 19, 20, 17, 51, 42, 43, 44, 45, 46, 13, 47, 50, 17, 18, 19, 20, 17, 51, 32, 33, 34, 35, 36, 37, 17, 18, 19, 20, 17, 38, 42, 43, 44, 45, 46, 13, 47, 50, 17, 18, 19, 20, 17, 51, 32, 33, 34, 35, 36, 37, 17, 18, 19, 20, 17, 38, 42, 43, 44, 45, 46, 13, 47, 48, 17, 18, 19, 20, 17, 51, 32, 33, 34, 35, 36, 37, 17, 18, 19, 20, 17, 38, 42, 43, 44, 45, 46, 13, 47, 50, 17, 18, 19, 20, 17, 51, 32, 33, 34, 35, 36, 37, 17, 18, 19, 20, 17, 38, 42, 43, 44, 45, 46, 13, 47, 48, 17, 18, 19, 20, 17, 51, 32, 33, 34, 35, 36, 37, 17, 18, 19, 20, 17, 38, 42, 43, 44, 45, 46, 13, 47, 48, 17, 18, 19, 20, 17, 51, 32, 33, 34, 35, 36, 37, 17, 18, 19, 20, 17, 38, 42, 43, 44, 45, 46, 13, 47, 48, 17, 18, 19, 20, 17, 51, 32, 33, 34, 35, 36, 37, 17, 18, 19, 20, 17, 38, 42, 43, 44, 45, 46, 13, 47, 48, 17, 18, 19, 20, 17, 51, 32, 33, 34, 35, 36, 37, 17, 18, 19, 20, 17, 38, 42, 43, 44, 45, 46, 13, 47, 48, 17, 18, 19, 20, 17, 51, 32, 33, 34, 35, 36, 37, 17, 18, 19, 20, 17, 38, 32, 33, 34, 35, 38, 42, 43, 44, 45, 46, 13, 47, 50, 17, 18, 19, 20, 17, 51, 32, 33, 34, 35, 36, 37, 17, 18, 19, 20, 17, 38, 42, 43, 44, 45, 46, 13, 47, 48, 17, 18, 19, 20, 17, 51, 32, 33, 34, 35, 36, 37, 17, 18, 19, 20, 17, 38, 42, 43, 44, 45, 46, 13, 47, 50, 17, 18, 19, 20, 17, 51, 32, 33, 34, 35, 36, 37, 17, 18, 19, 20, 17, 38, 42, 43, 44, 45, 46, 13, 47, 48, 17, 18, 19, 20, 17, 51, 32, 33, 34, 35, 36, 37, 17, 18, 19, 20, 17, 38, 42, 43, 44, 45, 46, 13, 47, 48, 17, 18, 19, 20, 17, 51, 42, 43, 44, 45, 46, 13, 47, 50, 17, 18, 19, 20, 17, 51, 32, 33, 34, 35, 36, 37, 17, 18, 19, 20, 17, 38, 42, 43, 44, 45, 46, 13, 47, 48, 17, 18, 19, 20, 17, 51, 32, 33, 34, 35, 36, 37, 17, 18, 19, 20, 17, 38, 42, 43, 44, 45, 46, 13, 47, 48, 17, 18, 19, 20, 17, 51, 32, 33, 34, 35, 36, 37, 17, 18, 19, 20, 17, 38, 42, 43, 44, 45, 46, 13, 47, 48, 17, 18, 19, 20, 17, 51, 32, 33, 34, 35, 36, 37, 17, 18, 19, 20, 17, 38, 42, 43, 44, 45, 51, 32, 33, 34, 35, 36, 37, 17, 18, 19, 20, 17, 38, 42, 43, 44, 45, 51, 32, 33, 34, 35, 38, 42, 43, 44, 45, 46, 13, 47, 48, 17, 18, 19, 20, 17, 51, 32, 33, 34, 35, 36, 37, 17, 18, 19, 20, 17, 38, 42, 43, 44, 45, 51, 32, 33, 34, 35, 36, 37, 17, 18, 19, 20, 17, 38, 42, 43, 44, 45, 46, 13, 47, 50, 17, 18, 19, 20, 17, 51, 32, 33, 34, 35, 36, 37, 17, 18, 19, 20, 17, 38, 42, 43, 44, 45, 46, 13, 47, 50, 17, 18, 19, 20, 17, 51, 32, 33, 34, 35, 36, 37, 17, 18, 19, 20, 17, 38, 42, 43, 44, 45, 46, 13, 47, 50, 17, 18, 19, 20, 17, 51, 32, 33, 34, 35, 36, 37, 17, 18, 19, 20, 17, 38, 42, 43, 44, 45, 46, 13, 47, 48, 17, 18, 19, 20, 17, 51, 32, 33, 34, 35, 36, 37, 17, 18, 19, 20, 17, 38, 42, 43, 44, 45, 46, 13, 47, 48, 17, 18, 19, 20, 17, 51, 32, 33, 34, 35, 36, 37, 17, 18, 19, 20, 17, 38, 42, 43, 44, 45, 46, 13, 47, 48, 17, 18, 19, 20, 17, 51, 32, 33, 34, 35, 36, 37, 17, 18, 19, 20, 17, 38, 42, 43, 44, 45, 46, 13, 47, 50, 17, 18, 19, 20, 17, 51, 32, 33, 34, 35, 36, 37, 17, 18, 19, 20, 17, 38, 42, 43, 44, 45, 46, 13, 47, 48, 17, 18, 19, 20, 17, 51, 32, 33, 34, 35, 36, 37, 17, 18, 19, 20, 17, 38, 42, 43, 44, 45, 46, 13, 47, 50, 17, 18, 19, 20, 17, 51, 32, 33, 34, 35, 38, 42, 43, 44, 45, 46, 13, 47, 48, 17, 18, 19, 20, 17, 51, 32, 33, 34, 35, 36, 37, 17, 18, 19, 20, 17, 38, 42, 43, 44, 45, 46, 13, 47, 50, 17, 18, 19, 20, 17, 51, 32, 33, 34, 35, 36, 37, 17, 18, 19, 20, 17, 38, 42, 43, 44, 45, 51, 32, 33, 34, 35, 36, 37, 17, 18, 19, 20, 17, 38, 42, 43, 44, 45, 46, 13, 47, 50, 17, 18, 19, 20, 17, 51, 32, 33, 34, 35, 36, 37, 17, 18, 19, 20, 17, 38, 42, 43, 44, 45, 46, 13, 47, 48, 17, 18, 19, 20, 17, 51, 32, 33, 34, 35, 36, 37, 17, 18, 19, 20, 17, 38, 32, 33, 34, 35, 36, 37, 17, 18, 19, 20, 17, 38, 42, 43, 44, 45, 46, 13, 47, 48, 17, 18, 19, 20, 17, 51, 32, 33, 34, 35, 36, 37, 17, 18, 19, 20, 17, 38, 42, 43, 44, 45, 46, 13, 47, 48, 17, 18, 19, 20, 17, 51, 32, 33, 34, 35, 36, 37, 17, 18, 19, 20, 17, 38, 42, 43, 44, 45, 46, 13, 47, 48, 17, 18, 19, 20, 17, 51, 32, 33, 34, 35, 38, 42, 43, 44, 45, 51, 32, 33, 34, 35, 36, 37, 17, 18, 19, 20, 17, 38, 42, 43, 44, 45, 46, 13, 47, 50, 17, 18, 19, 20, 17, 51, 32, 33, 34, 35, 36, 37, 17, 18, 19, 20, 17, 38, 42, 43, 44, 45, 46, 13, 47, 50, 17, 18, 19, 20, 17, 51, 32, 33, 34, 35, 36, 37, 17, 18, 19, 20, 17, 38, 42, 43, 44, 45, 46, 13, 47, 48, 17, 18, 19, 20, 17, 51, 32, 33, 34, 35, 36, 37, 17, 18, 19, 20, 17, 38, 42, 43, 44, 45, 46, 13, 47, 48, 17, 18, 19, 20, 17, 51, 32, 33, 34, 35, 36, 37, 17, 18, 19, 20, 17, 38, 42, 43, 44, 45, 46, 13, 47, 50, 17, 18, 19, 20, 17, 51, 32, 33, 34, 35, 36, 37, 17, 18, 19, 20, 17, 38, 42, 43, 44, 45, 51, 32, 33, 34, 35, 36, 37, 17, 18, 19, 20, 17, 38, 42, 43, 44, 45, 46, 13, 47, 50, 17, 18, 19, 20, 17, 51, 32, 33, 34, 35, 36, 37, 17, 18, 19, 20, 17, 38, 42, 43, 44, 45, 46, 13, 47, 48, 17, 18, 19, 20, 17, 51, 32, 33, 34, 35, 36, 37, 17, 18, 19, 20, 17, 38, 42, 43, 44, 45, 46, 13, 47, 48, 17, 18, 19, 20, 17, 51, 32, 33, 34, 35, 36, 37, 17, 18, 19, 20, 17, 38, 42, 43, 44, 45, 46, 13, 47, 48, 17, 18, 19, 20, 17, 51, 32, 33, 34, 35, 36, 37, 17, 18, 19, 20, 17, 38, 42, 43, 44, 45, 46, 13, 47, 48, 17, 18, 19, 20, 17, 51, 32, 33, 34, 35, 38, 42, 43, 44, 45, 46, 13, 47, 48, 17, 18, 19, 20, 17, 51, 32, 33, 34, 35, 36, 37, 17, 18, 19, 20, 17, 38, 42, 43, 44, 45, 46, 13, 47, 48, 17, 18, 19, 20, 17, 51, 32, 33, 34, 35, 36, 37, 17, 18, 19, 20, 17, 38, 42, 43, 44, 45, 46, 13, 47, 48, 17, 18, 19, 20, 17, 51, 32, 33, 34, 35, 36, 37, 17, 18, 19, 20, 17, 38, 42, 43, 44, 45, 46, 13, 47, 48, 17, 18, 19, 20, 17, 51, 32, 33, 34, 35, 36, 37, 17, 18, 19, 20, 17, 38, 42, 43, 44, 45, 51, 32, 33, 34, 35, 36, 37, 17, 18, 19, 20, 17, 38, 42, 43, 44, 45, 46, 13, 47, 50, 17, 18, 19, 20, 17, 51, 32, 33, 34, 35, 36, 37, 17, 18, 19, 20, 17, 38, 42, 43, 44, 45, 51, 32, 33, 34, 35, 36, 37, 17, 18, 19, 20, 17, 38, 42, 43, 44, 45, 46, 13, 47, 50, 17, 18, 19, 20, 17, 51, 32, 33, 34, 35, 36, 37, 17, 18, 19, 20, 17, 38, 42, 43, 44, 45, 46, 13, 47, 48, 17, 18, 19, 20, 17, 51, 32, 33, 34, 35, 36, 37, 17, 18, 19, 20, 17, 38, 42, 43, 44, 45, 46, 13, 47, 48, 17, 18, 19, 20, 17, 51, 32, 33, 34, 35, 36, 37, 17, 18, 19, 20, 17, 38, 42, 43, 44, 45, 46, 13, 47, 48, 17, 18, 19, 20, 17, 51, 32, 33, 34, 35, 36, 37, 17, 18, 19, 20, 17, 38, 42, 43, 44, 45, 46, 13, 47, 50, 17, 18, 19, 20, 17, 51, 32, 33, 34, 35, 36, 37, 17, 18, 19, 20, 17, 38, 42, 43, 44, 45, 46, 13, 47, 48, 17, 18, 19, 20, 17, 51, 42, 43, 44, 45, 46, 13, 47, 48, 17, 18, 19, 20, 17, 51, 32, 33, 34, 35, 36, 37, 17, 18, 19, 20, 17, 38, 42, 43, 44, 45, 46, 13, 47, 48, 17, 18, 19, 20, 17, 51, 32, 33, 34, 35, 36, 37, 17, 18, 19, 20, 17, 38, 42, 43, 44, 45, 46, 13, 47, 48, 17, 18, 19, 20, 17, 51, 32, 33, 34, 35, 36, 37, 17, 18, 19, 20, 17, 38, 32, 33, 34, 35, 36, 37, 17, 18, 19, 20, 17, 38, 42, 43, 44, 45, 46, 13, 47, 50, 17, 18, 19, 20, 17, 51, 42, 43, 44, 45, 46, 13, 47, 50, 17, 18, 19, 20, 17, 51, 32, 33, 34, 35, 36, 37, 17, 18, 19, 20, 17, 38, 42, 43, 44, 45, 46, 13, 47, 50, 17, 18, 19, 20, 17, 51, 32, 33, 34, 35, 36, 37, 17, 18, 19, 20, 17, 38, 32, 33, 34, 35, 38, 42, 43, 44, 45, 46, 13, 47, 50, 17, 18, 19, 20, 17, 51, 32, 33, 34, 35, 36, 37, 17, 18, 19, 20, 17, 38, 42, 43, 44, 45, 46, 13, 47, 48, 17, 18, 19, 20, 17, 51, 42, 43, 44, 45, 46, 13, 47, 50, 17, 18, 19, 20, 17, 51, 32, 33, 34, 35, 36, 37, 17, 18, 19, 20, 17, 38, 42, 43, 44, 45, 46, 13, 47, 48, 17, 18, 19, 20, 17, 51, 32, 33, 34, 35, 36, 37, 17, 18, 19, 20, 17, 38, 42, 43, 44, 45, 46, 13, 47, 48, 17, 18, 19, 20, 17, 51, 32, 33, 34, 35, 36, 37, 17, 18, 19, 20, 17, 38, 32, 33, 34, 35, 36, 37, 17, 18, 19, 20, 17, 38, 42, 43, 44, 45, 46, 13, 47, 50, 17, 18, 19, 20, 17, 51, 32, 33, 34, 35, 36, 37, 17, 18, 19, 20, 17, 38, 42, 43, 44, 45, 46, 13, 47, 48, 17, 18, 19, 20, 17, 51, 32, 33, 34, 35, 36, 37, 17, 18, 19, 20, 17, 38, 42, 43, 44, 45, 46, 13, 47, 48, 17, 18, 19, 20, 17, 51, 32, 33, 34, 35, 36, 37, 17, 18, 19, 20, 17, 38, 42, 43, 44, 45, 46, 13, 47, 48, 17, 18, 19, 20, 17, 51, 42, 43, 44, 45, 51, 32, 33, 34, 35, 36, 37, 17, 18, 19, 20, 17, 38, 42, 43, 44, 45, 46, 13, 47, 50, 17, 18, 19, 20, 17, 51, 32, 33, 34, 35, 38, 42, 43, 44, 45, 46, 13, 47, 48, 17, 18, 19, 20, 17, 51, 32, 33, 34, 35, 38, 42, 43, 44, 45, 51, 32, 33, 34, 35, 36, 37, 17, 18, 19, 20, 17, 38, 42, 43, 44, 45, 46, 13, 47, 48, 17, 18, 19, 20, 17, 51, 32, 33, 34, 35, 36, 37, 17, 18, 19, 20, 17, 38, 42, 43, 44, 45, 46, 13, 47, 48, 17, 18, 19, 20, 17, 51, 32, 33, 34, 35, 36, 37, 17, 18, 19, 20, 17, 38, 82, 79, 80, 54, 24, 25, 26, 27, 26, 25, 26, 27, 26, 25, 26, 27, 26, 25, 26, 27, 26, 25, 26, 27, 26, 25, 26, 27, 26, 25, 26, 27, 26, 25, 26, 27, 26, 25, 26, 27, 26, 25, 26, 27, 26, 25, 26, 27, 26, 25, 26, 27, 26, 25, 28, 55, 56, 55, 56, 55, 56, 55, 56, 55, 56, 55, 56, 55, 56, 55, 56, 55, 56, 55, 56, 55, 56, 55, 56, 55, 57, 81, 42, 43, 44, 45, 46, 13, 47, 48, 17, 18, 19, 20, 17, 51, 32, 33, 34, 35, 36, 37, 17, 18, 19, 20, 17, 38, 42, 43, 44, 45, 46, 13, 47, 50, 17, 18, 19, 20, 17, 51, 32, 33, 34, 35, 36, 37, 17, 18, 19, 20, 17, 38, 42, 43, 44, 45, 51, 32, 33, 34, 35, 36, 37, 17, 18, 19, 20, 17, 38, 42, 43, 44, 45, 46, 13, 47, 48, 17, 18, 19, 20, 17, 51, 32, 33, 34, 35, 36, 37, 17, 18, 19, 20, 17, 38, 42, 43, 44, 45, 46, 13, 47, 50, 17, 18, 19, 20, 17, 51, 32, 33, 34, 35, 36, 37, 17, 18, 19, 20, 17, 38, 42, 43, 44, 45, 46, 13, 47, 48, 17, 18, 19, 20, 17, 51, 32, 33, 34, 35, 36, 37, 17, 18, 19, 20, 17, 38, 42, 43, 44, 45, 46, 13, 47, 48, 17, 18, 19, 20, 17, 51, 32, 33, 34, 35, 38, 42, 43, 44, 45, 46, 13, 47, 48, 17, 18, 19, 20, 17, 51, 32, 33, 34, 35, 36, 37, 17, 18, 19, 20, 17, 38, 32, 33, 34, 35, 36, 37, 17, 18, 19, 20, 17, 38, 42, 43, 44, 45, 46, 13, 47, 48, 17, 18, 19, 20, 17, 51, 32, 33, 34, 35, 36, 37, 17, 18, 19, 20, 17, 38, 42, 43, 44, 45, 46, 13, 47, 50, 17, 18, 19, 20, 17, 51, 32, 33, 34, 35, 36, 37, 17, 18, 19, 20, 17, 38, 42, 43, 44, 45, 46, 13, 47, 48, 17, 18, 19, 20, 17, 51, 32, 33, 34, 35, 36, 37, 17, 18, 19, 20, 17, 38, 42, 43, 44, 45, 46, 13, 47, 50, 17, 18, 19, 20, 17, 51, 32, 33, 34, 35, 36, 37, 17, 18, 19, 20, 17, 38, 42, 43, 44, 45, 46, 13, 47, 50, 17, 18, 19, 20, 17, 51, 32, 33, 34, 35, 38, 42, 43, 44, 45, 51, 32, 33, 34, 35, 36, 37, 17, 18, 19, 20, 17, 38, 42, 43, 44, 45, 46, 13, 47, 50, 17, 18, 19, 20, 17, 51, 32, 33, 34, 35, 36, 37, 17, 18, 19, 20, 17, 38, 42, 43, 44, 45, 46, 13, 47, 50, 17, 18, 19, 20, 17, 51, 42, 43, 44, 45, 46, 13, 47, 50, 17, 18, 19, 20, 17, 51, 32, 33, 34, 35, 36, 37, 17, 18, 19, 20, 17, 38, 42, 43, 44, 45, 46, 13, 47, 50, 17, 18, 19, 20, 17, 51, 32, 33, 34, 35, 36, 37, 17, 18, 19, 20, 17, 38, 42, 43, 44, 45, 46, 13, 47, 50, 17, 18, 19, 20, 17, 51, 32, 33, 34, 35, 36, 37, 17, 18, 19, 20, 17, 38, 42, 43, 44, 45, 46, 13, 47, 50, 17, 18, 19, 20, 17, 51, 32, 33, 34, 35, 36, 37, 17, 18, 19, 20, 17, 38, 42, 43, 44, 45, 46, 13, 47, 48, 17, 18, 19, 20, 17, 51, 32, 33, 34, 35, 36, 37, 17, 18, 19, 20, 17, 38, 42, 43, 44, 45, 46, 13, 47, 50, 17, 18, 19, 20, 17, 51, 32, 33, 34, 35, 36, 37, 17, 18, 19, 20, 17, 38, 42, 43, 44, 45, 46, 13, 47, 48, 17, 18, 19, 20, 17, 51, 32, 33, 34, 35, 36, 37, 17, 18, 19, 20, 17, 38, 42, 43, 44, 45, 46, 13, 47, 50, 17, 18, 19, 20, 17, 51, 32, 33, 34, 35, 36, 37, 17, 18, 19, 20, 17, 38, 42, 43, 44, 45, 46, 13, 47, 50, 17, 18, 19, 20, 17, 51, 32, 33, 34, 35, 36, 37, 17, 18, 19, 20, 17, 38, 42, 43, 44, 45, 46, 13, 47, 50, 17, 18, 19, 20, 17, 51, 32, 33, 34, 35, 36, 37, 17, 18, 19, 20, 17, 38, 42, 43, 44, 45, 46, 13, 47, 48, 17, 18, 19, 20, 17, 51, 32, 33, 34, 35, 36, 37, 17, 18, 19, 20, 17, 38, 42, 43, 44, 45, 46, 13, 47, 48, 17, 18, 19, 20, 17, 51, 32, 33, 34, 35, 36, 37, 17, 18, 19, 20, 17, 38, 42, 43, 44, 45, 46, 13, 47, 48, 17, 18, 19, 20, 17, 51, 32, 33, 34, 35, 36, 37, 17, 18, 19, 20, 17, 38, 42, 43, 44, 45, 51, 32, 33, 34, 35, 36, 37, 17, 18, 19, 20, 17, 38, 42, 43, 44, 45, 46, 13, 47, 48, 17, 18, 19, 20, 17, 51, 32, 33, 34, 35, 36, 37, 17, 18, 19, 20, 17, 38, 42, 43, 44, 45, 46, 13, 47, 50, 17, 18, 19, 20, 17, 51, 32, 33, 34, 35, 36, 37, 17, 18, 19, 20, 17, 38, 42, 43, 44, 45, 46, 13, 47, 48, 17, 18, 19, 20, 17, 51, 32, 33, 34, 35, 36, 37, 17, 18, 19, 20, 17, 38, 42, 43, 44, 45, 46, 13, 47, 48, 17, 18, 19, 20, 17, 51, 32, 33, 34, 35, 36, 37, 17, 18, 19, 20, 17, 38, 42, 43, 44, 45, 46, 13, 47, 48, 17, 18, 19, 20, 17, 51, 32, 33, 34, 35, 36, 37, 17, 18, 19, 20, 17, 38, 42, 43, 44, 45, 46, 13, 47, 50, 17, 18, 19, 20, 17, 51, 32, 33, 34, 35, 36, 37, 17, 18, 19, 20, 17, 38, 42, 43, 44, 45, 46, 13, 47, 48, 17, 18, 19, 20, 17, 51, 32, 33, 34, 35, 36, 37, 17, 18, 19, 20, 17, 38, 42, 43, 44, 45, 46, 13, 47, 50, 17, 18, 19, 20, 17, 51, 32, 33, 34, 35, 36, 37, 17, 18, 19, 20, 17, 38, 42, 43, 44, 45, 46, 13, 47, 50, 17, 18, 19, 20, 17, 51, 32, 33, 34, 35, 36, 37, 17, 18, 19, 20, 17, 38, 42, 43, 44, 45, 46, 13, 47, 50, 17, 18, 19, 20, 17, 51, 32, 33, 34, 35, 36, 37, 17, 18, 19, 20, 17, 38, 42, 43, 44, 45, 51, 32, 33, 34, 35, 36, 37, 17, 18, 19, 20, 17, 38, 42, 43, 44, 45, 46, 13, 47, 48, 17, 18, 19, 20, 17, 51, 32, 33, 34, 35, 36, 37, 17, 18, 19, 20, 17, 38, 42, 43, 44, 45, 46, 13, 47, 48, 17, 18, 19, 20, 17, 51, 32, 33, 34, 35, 36, 37, 17, 18, 19, 20, 17, 38, 42, 43, 44, 45, 46, 13, 47, 50, 17, 18, 19, 20, 17, 51, 32, 33, 34, 35, 36, 37, 17, 18, 19, 20, 17, 38, 42, 43, 44, 45, 46, 13, 47, 50, 17, 18, 19, 20, 17, 51, 32, 33, 34, 35, 36, 37, 17, 18, 19, 20, 17, 38, 42, 43, 44, 45, 46, 13, 47, 50, 17, 18, 19, 20, 17, 51, 32, 33, 34, 35, 36, 37, 17, 18, 19, 20, 17, 38, 42, 43, 44, 45, 46, 13, 47, 48, 17, 18, 19, 20, 17, 51, 32, 33, 34, 35, 36, 37, 17, 18, 19, 20, 17, 38, 42, 43, 44, 45, 46, 13, 47, 48, 17, 18, 19, 20, 17, 51, 32, 33, 34, 35, 36, 37, 17, 18, 19, 20, 17, 38, 42, 43, 44, 45, 46, 13, 47, 50, 17, 18, 19, 20, 17, 51, 32, 33, 34, 35, 36, 37, 17, 18, 19, 20, 17, 38, 42, 43, 44, 45, 46, 13, 47, 48, 17, 18, 19, 20, 17, 51, 32, 33, 34, 35, 36, 37, 17, 18, 19, 20, 17, 38, 42, 43, 44, 45, 51, 32, 33, 34, 35, 36, 37, 17, 18, 19, 20, 17, 38, 42, 43, 44, 45, 46, 13, 47, 48, 17, 18, 19, 20, 17, 51, 32, 33, 34, 35, 36, 37, 17, 18, 19, 20, 17, 38, 42, 43, 44, 45, 46, 13, 47, 50, 17, 18, 19, 20, 17, 51, 32, 33, 34, 35, 36, 37, 17, 18, 19, 20, 17, 38, 42, 43, 44, 45, 46, 13, 47, 50, 17, 18, 19, 20, 17, 51, 32, 33, 34, 35, 36, 37, 17, 18, 19, 20, 17, 38, 42, 43, 44, 45, 46, 13, 47, 50, 17, 18, 19, 20, 17, 51, 32, 33, 34, 35, 36, 37, 17, 18, 19, 20, 17, 38, 42, 43, 44, 45, 46, 13, 47, 50, 17, 18, 19, 20, 17, 51, 32, 33, 34, 35, 36, 37, 17, 18, 19, 20, 17, 38, 42, 43, 44, 45, 46, 13, 47, 50, 17, 18, 19, 20, 17, 51, 32, 33, 34, 35, 36, 37, 17, 18, 19, 20, 17, 38, 42, 43, 44, 45, 46, 13, 47, 50, 17, 18, 19, 20, 17, 51, 32, 33, 34, 35, 36, 37, 17, 18, 19, 20, 17, 38, 42, 43, 44, 45, 46, 13, 47, 50, 17, 18, 19, 20, 17, 51, 32, 33, 34, 35, 36, 37, 17, 18, 19, 20, 17, 38, 42, 43, 44, 45, 46, 13, 47, 48, 17, 18, 19, 20, 17, 51, 32, 33, 34, 35, 36, 37, 17, 18, 19, 20, 17, 38, 42, 43, 44, 45, 46, 13, 47, 50, 17, 18, 19, 20, 17, 51, 32, 33, 34, 35, 36, 37, 17, 18, 19, 20, 17, 38, 42, 43, 44, 45, 46, 13, 47, 48, 17, 18, 19, 20, 17, 51, 32, 33, 34, 35, 36, 37, 17, 18, 19, 20, 17, 38, 42, 43, 44, 45, 46, 13, 47, 48, 17, 18, 19, 20, 17, 51, 32, 33, 34, 35, 36, 37, 17, 18, 19, 20, 17, 38, 42, 43, 44, 45, 46, 13, 47, 48, 17, 18, 19, 20, 17, 51, 32, 33, 34, 35, 36, 37, 17, 18, 19, 20, 17, 38, 42, 43, 44, 45, 51, 32, 33, 34, 35, 36, 37, 17, 18, 19, 20, 17, 38, 42, 43, 44, 45, 46, 13, 47, 50, 17, 18, 19, 20, 17, 51, 32, 33, 34, 35, 36, 37, 17, 18, 19, 20, 17, 38, 42, 43, 44, 45, 46, 13, 47, 48, 17, 18, 19, 20, 17, 51, 32, 33, 34, 35, 36, 37, 17, 18, 19, 20, 17, 38, 42, 43, 44, 45, 51, 32, 33, 34, 35, 36, 37, 17, 18, 19, 20, 17, 38, 42, 43, 44, 45, 46, 13, 47, 50, 17, 18, 19, 20, 17, 51, 32, 33, 34, 35, 38, 42, 43, 44, 45, 46, 13, 47, 50, 17, 18, 19, 20, 17, 51, 32, 33, 34, 35, 36, 37, 17, 18, 19, 20, 17, 38, 42, 43, 44, 45, 46, 13, 47, 50, 17, 18, 19, 20, 17, 51, 32, 33, 34, 35, 36, 37, 17, 18, 19, 20, 17, 38, 42, 43, 44, 45, 46, 13, 47, 48, 17, 18, 19, 20, 17, 51, 32, 33, 34, 35, 36, 37, 17, 18, 19, 20, 17, 38, 42, 43, 44, 45, 46, 13, 47, 48, 17, 18, 19, 20, 17, 51, 32, 33, 34, 35, 36, 37, 17, 18, 19, 20, 17, 38, 42, 43, 44, 45, 46, 13, 47, 48, 17, 18, 19, 20, 17, 51, 32, 33, 34, 35, 36, 37, 17, 18, 19, 20, 17, 38, 42, 43, 44, 45, 46, 13, 47, 48, 17, 18, 19, 20, 17, 51, 32, 33, 34, 35, 36, 37, 17, 18, 19, 20, 17, 38, 42, 43, 44, 45, 46, 13, 47, 48, 17, 18, 19, 20, 17, 51, 32, 33, 34, 35, 36, 37, 17, 18, 19, 20, 17, 38, 42, 43, 44, 45, 46, 13, 47, 48, 17, 18, 19, 20, 17, 51, 32, 33, 34, 35, 36, 37, 17, 18, 19, 20, 17, 38, 42, 43, 44, 45, 46, 13, 47, 48, 17, 18, 19, 20, 17, 51, 32, 33, 34, 35, 36, 37, 17, 18, 19, 20, 17, 38, 42, 43, 44, 45, 46, 13, 47, 50, 17, 18, 19, 20, 17, 51, 32, 33, 34, 35, 36, 37, 17, 18, 19, 20, 17, 38, 42, 43, 44, 45, 46, 13, 47, 48, 17, 18, 19, 20, 17, 51, 32, 33, 34, 35, 38, 42, 43, 44, 45, 46, 13, 47, 50, 17, 18, 19, 20, 17, 51, 32, 33, 34, 35, 36, 37, 17, 18, 19, 20, 17, 38, 42, 43, 44, 45, 46, 13, 47, 48, 17, 18, 19, 20, 17, 51, 32, 33, 34, 35, 36, 37, 17, 18, 19, 20, 17, 38, 42, 43, 44, 45, 46, 13, 47, 50, 17, 18, 19, 20, 17, 51, 32, 33, 34, 35, 36, 37, 17, 18, 19, 20, 17, 38, 42, 43, 44, 45, 46, 13, 47, 48, 17, 18, 19, 20, 17, 51, 32, 33, 34, 35, 36, 37, 17, 18, 19, 20, 17, 38, 42, 43, 44, 45, 46, 13, 47, 50, 17, 18, 19, 20, 17, 51, 32, 33, 34, 35, 36, 37, 17, 18, 19, 20, 17, 38, 42, 43, 44, 45, 46, 13, 47, 48, 17, 18, 19, 20, 17, 51, 32, 33, 34, 35, 36, 37, 17, 18, 19, 20, 17, 38, 42, 43, 44, 45, 46, 13, 47, 50, 17, 18, 19, 20, 17, 51, 32, 33, 34, 35, 36, 37, 17, 18, 19, 20, 17, 38, 42, 43, 44, 45, 46, 13, 47, 50, 17, 18, 19, 20, 17, 51, 32, 33, 34, 35, 38, 42, 43, 44, 45, 46, 13, 47, 50, 17, 18, 19, 20, 17, 51, 32, 33, 34, 35, 36, 37, 17, 18, 19, 20, 17, 38, 42, 43, 44, 45, 46, 13, 47, 48, 17, 18, 19, 20, 17, 51, 32, 33, 34, 35, 36, 37, 17, 18, 19, 20, 17, 38, 42, 43, 44, 45, 51, 32, 33, 34, 35, 36, 37, 17, 18, 19, 20, 17, 38, 42, 43, 44, 45, 51, 32, 33, 34, 35, 36, 37, 17, 18, 19, 20, 17, 38, 42, 43, 44, 45, 46, 13, 47, 48, 17, 18, 19, 20, 17, 51, 32, 33, 34, 35, 36, 37, 17, 18, 19, 20, 17, 38, 42, 43, 44, 45, 46, 13, 47, 50, 17, 18, 19, 20, 17, 51, 32, 33, 34, 35, 36, 37, 17, 18, 19, 20, 17, 38, 42, 43, 44, 45, 46, 13, 47, 48, 17, 18, 19, 20, 17, 51, 32, 33, 34, 35, 36, 37, 17, 18, 19, 20, 17, 38, 82, 79, 80, 54, 24, 25, 26, 27, 26, 25, 26, 27, 26, 25, 26, 27, 26, 25, 26, 27, 26, 25, 26, 27, 26, 25, 26, 27, 26, 25, 26, 27, 26, 25, 26, 27, 26, 25, 26, 27, 26, 25, 26, 27, 26, 25, 26, 27, 26, 25, 26, 27, 26, 25, 28, 55, 56, 55, 56, 55, 56, 55, 56, 55, 56, 55, 56, 55, 56, 55, 56, 55, 56, 55, 56, 55, 56, 55, 56, 55, 57, 81, 42, 43, 44, 45, 46, 13, 47, 50, 17, 18, 19, 20, 17, 51, 32, 33, 34, 35, 36, 37, 17, 18, 19, 20, 17, 38, 42, 43, 44, 45, 46, 13, 47, 50, 17, 18, 19, 20, 17, 51, 32, 33, 34, 35, 36, 37, 17, 18, 19, 20, 17, 38, 42, 43, 44, 45, 46, 13, 47, 48, 17, 18, 19, 20, 17, 51, 32, 33, 34, 35, 36, 37, 17, 18, 19, 20, 17, 38, 42, 43, 44, 45, 46, 13, 47, 50, 17, 18, 19, 20, 17, 51, 32, 33, 34, 35, 36, 37, 17, 18, 19, 20, 17, 38, 42, 43, 44, 45, 46, 13, 47, 48, 17, 18, 19, 20, 17, 51, 32, 33, 34, 35, 36, 37, 17, 18, 19, 20, 17, 38, 42, 43, 44, 45, 46, 13, 47, 48, 17, 18, 19, 20, 17, 51, 32, 33, 34, 35, 38, 42, 43, 44, 45, 46, 13, 47, 50, 17, 18, 19, 20, 17, 51, 32, 33, 34, 35, 36, 37, 17, 18, 19, 20, 17, 38, 42, 43, 44, 45, 46, 13, 47, 48, 17, 18, 19, 20, 17, 51, 32, 33, 34, 35, 36, 37, 17, 18, 19, 20, 17, 38, 42, 43, 44, 45, 46, 13, 47, 50, 17, 18, 19, 20, 17, 51, 32, 33, 34, 35, 36, 37, 17, 18, 19, 20, 17, 38, 42, 43, 44, 45, 46, 13, 47, 50, 17, 18, 19, 20, 17, 51, 32, 33, 34, 35, 36, 37, 17, 18, 19, 20, 17, 38, 42, 43, 44, 45, 46, 13, 47, 48, 17, 18, 19, 20, 17, 51, 32, 33, 34, 35, 36, 37, 17, 18, 19, 20, 17, 38, 42, 43, 44, 45, 46, 13, 47, 50, 17, 18, 19, 20, 17, 51, 32, 33, 34, 35, 36, 37, 17, 18, 19, 20, 17, 38, 42, 43, 44, 45, 46, 13, 47, 48, 17, 18, 19, 20, 17, 51, 32, 33, 34, 35, 36, 37, 17, 18, 19, 20, 17, 38, 42, 43, 44, 45, 51, 32, 33, 34, 35, 36, 37, 17, 18, 19, 20, 17, 38, 42, 43, 44, 45, 51, 32, 33, 34, 35, 36, 37, 17, 18, 19, 20, 17, 38, 42, 43, 44, 45, 46, 13, 47, 50, 17, 18, 19, 20, 17, 51, 32, 33, 34, 35, 36, 37, 17, 18, 19, 20, 17, 38, 42, 43, 44, 45, 46, 13, 47, 50, 17, 18, 19, 20, 17, 51, 32, 33, 34, 35, 36, 37, 17, 18, 19, 20, 17, 38, 42, 43, 44, 45, 51, 32, 33, 34, 35, 36, 37, 17, 18, 19, 20, 17, 38, 42, 43, 44, 45, 46, 13, 47, 48, 17, 18, 19, 20, 17, 51, 32, 33, 34, 35, 36, 37, 17, 18, 19, 20, 17, 38, 42, 43, 44, 45, 46, 13, 47, 48, 17, 18, 19, 20, 17, 51, 32, 33, 34, 35, 36, 37, 17, 18, 19, 20, 17, 38, 42, 43, 44, 45, 46, 13, 47, 48, 17, 18, 19, 20, 17, 51, 32, 33, 34, 35, 36, 37, 17, 18, 19, 20, 17, 38, 42, 43, 44, 45, 46, 13, 47, 50, 17, 18, 19, 20, 17, 51, 32, 33, 34, 35, 36, 37, 17, 18, 19, 20, 17, 38, 42, 43, 44, 45, 46, 13, 47, 50, 17, 18, 19, 20, 17, 51, 32, 33, 34, 35, 36, 37, 17, 18, 19, 20, 17, 38, 42, 43, 44, 45, 46, 13, 47, 48, 17, 18, 19, 20, 17, 51, 32, 33, 34, 35, 36, 37, 17, 18, 19, 20, 17, 38, 42, 43, 44, 45, 46, 13, 47, 48, 17, 18, 19, 20, 17, 51, 32, 33, 34, 35, 36, 37, 17, 18, 19, 20, 17, 38, 42, 43, 44, 45, 46, 13, 47, 48, 17, 18, 19, 20, 17, 51, 32, 33, 34, 35, 36, 37, 17, 18, 19, 20, 17, 38, 42, 43, 44, 45, 46, 13, 47, 48, 17, 18, 19, 20, 17, 51, 32, 33, 34, 35, 36, 37, 17, 18, 19, 20, 17, 38, 42, 43, 44, 45, 46, 13, 47, 48, 17, 18, 19, 20, 17, 51, 32, 33, 34, 35, 36, 37, 17, 18, 19, 20, 17, 38, 42, 43, 44, 45, 46, 13, 47, 48, 17, 18, 19, 20, 17, 51, 32, 33, 34, 35, 36, 37, 17, 18, 19, 20, 17, 38, 42, 43, 44, 45, 46, 13, 47, 48, 17, 18, 19, 20, 17, 51, 32, 33, 34, 35, 36, 37, 17, 18, 19, 20, 17, 38, 42, 43, 44, 45, 46, 13, 47, 50, 17, 18, 19, 20, 17, 51, 32, 33, 34, 35, 36, 37, 17, 18, 19, 20, 17, 38, 42, 43, 44, 45, 46, 13, 47, 48, 17, 18, 19, 20, 17, 51, 32, 33, 34, 35, 36, 37, 17, 18, 19, 20, 17, 38, 42, 43, 44, 45, 46, 13, 47, 50, 17, 18, 19, 20, 17, 51, 32, 33, 34, 35, 36, 37, 17, 18, 19, 20, 17, 38, 42, 43, 44, 45, 46, 13, 47, 48, 17, 18, 19, 20, 17, 51, 32, 33, 34, 35, 36, 37, 17, 18, 19, 20, 17, 38, 42, 43, 44, 45, 46, 13, 47, 48, 17, 18, 19, 20, 17, 51, 32, 33, 34, 35, 36, 37, 17, 18, 19, 20, 17, 38, 42, 43, 44, 45, 46, 13, 47, 50, 17, 18, 19, 20, 17, 51, 32, 33, 34, 35, 36, 37, 17, 18, 19, 20, 17, 38, 42, 43, 44, 45, 46, 13, 47, 48, 17, 18, 19, 20, 17, 51, 32, 33, 34, 35, 36, 37, 17, 18, 19, 20, 17, 38, 42, 43, 44, 45, 46, 13, 47, 48, 17, 18, 19, 20, 17, 51, 32, 33, 34, 35, 36, 37, 17, 18, 19, 20, 17, 38, 42, 43, 44, 45, 46, 13, 47, 48, 17, 18, 19, 20, 17, 51, 32, 33, 34, 35, 36, 37, 17, 18, 19, 20, 17, 38, 42, 43, 44, 45, 46, 13, 47, 48, 17, 18, 19, 20, 17, 51, 32, 33, 34, 35, 36, 37, 17, 18, 19, 20, 17, 38, 42, 43, 44, 45, 46, 13, 47, 50, 17, 18, 19, 20, 17, 51, 32, 33, 34, 35, 36, 37, 17, 18, 19, 20, 17, 38, 42, 43, 44, 45, 51, 32, 33, 34, 35, 36, 37, 17, 18, 19, 20, 17, 38, 42, 43, 44, 45, 46, 13, 47, 50, 17, 18, 19, 20, 17, 51, 32, 33, 34, 35, 36, 37, 17, 18, 19, 20, 17, 38, 42, 43, 44, 45, 46, 13, 47, 48, 17, 18, 19, 20, 17, 51, 32, 33, 34, 35, 36, 37, 17, 18, 19, 20, 17, 38, 42, 43, 44, 45, 46, 13, 47, 48, 17, 18, 19, 20, 17, 51, 32, 33, 34, 35, 36, 37, 17, 18, 19, 20, 17, 38, 42, 43, 44, 45, 46, 13, 47, 48, 17, 18, 19, 20, 17, 51, 32, 33, 34, 35, 36, 37, 17, 18, 19, 20, 17, 38, 42, 43, 44, 45, 46, 13, 47, 48, 17, 18, 19, 20, 17, 51, 32, 33, 34, 35, 38, 42, 43, 44, 45, 46, 13, 47, 48, 17, 18, 19, 20, 17, 51, 32, 33, 34, 35, 36, 37, 17, 18, 19, 20, 17, 38, 42, 43, 44, 45, 46, 13, 47, 48, 17, 18, 19, 20, 17, 51, 32, 33, 34, 35, 36, 37, 17, 18, 19, 20, 17, 38, 42, 43, 44, 45, 51, 32, 33, 34, 35, 36, 37, 17, 18, 19, 20, 17, 38, 42, 43, 44, 45, 46, 13, 47, 50, 17, 18, 19, 20, 17, 51, 32, 33, 34, 35, 36, 37, 17, 18, 19, 20, 17, 38, 42, 43, 44, 45, 46, 13, 47, 50, 17, 18, 19, 20, 17, 51, 32, 33, 34, 35, 36, 37, 17, 18, 19, 20, 17, 38, 42, 43, 44, 45, 51, 32, 33, 34, 35, 36, 37, 17, 18, 19, 20, 17, 38, 42, 43, 44, 45, 46, 13, 47, 50, 17, 18, 19, 20, 17, 51, 32, 33, 34, 35, 36, 37, 17, 18, 19, 20, 17, 38, 42, 43, 44, 45, 46, 13, 47, 48, 17, 18, 19, 20, 17, 51, 32, 33, 34, 35, 38, 42, 43, 44, 45, 46, 13, 47, 48, 17, 18, 19, 20, 17, 51, 32, 33, 34, 35, 36, 37, 17, 18, 19, 20, 17, 38, 42, 43, 44, 45, 51, 32, 33, 34, 35, 36, 37, 17, 18, 19, 20, 17, 38, 42, 43, 44, 45, 51, 32, 33, 34, 35, 36, 37, 17, 18, 19, 20, 17, 38, 42, 43, 44, 45, 46, 13, 47, 50, 17, 18, 19, 20, 17, 51, 32, 33, 34, 35, 36, 37, 17, 18, 19, 20, 17, 38, 42, 43, 44, 45, 46, 13, 47, 50, 17, 18, 19, 20, 17, 51, 32, 33, 34, 35, 36, 37, 17, 18, 19, 20, 17, 38, 42, 43, 44, 45, 46, 13, 47, 48, 17, 18, 19, 20, 17, 51, 32, 33, 34, 35, 36, 37, 17, 18, 19, 20, 17, 38, 42, 43, 44, 45, 46, 13, 47, 50, 17, 18, 19, 20, 17, 51, 32, 33, 34, 35, 36, 37, 17, 18, 19, 20, 17, 38, 42, 43, 44, 45, 46, 13, 47, 50, 17, 18, 19, 20, 17, 51, 32, 33, 34, 35, 36, 37, 17, 18, 19, 20, 17, 38, 42, 43, 44, 45, 46, 13, 47, 48, 17, 18, 19, 20, 17, 51, 32, 33, 34, 35, 38, 42, 43, 44, 45, 46, 13, 47, 50, 17, 18, 19, 20, 17, 51, 32, 33, 34, 35, 38, 42, 43, 44, 45, 46, 13, 47, 48, 17, 18, 19, 20, 17, 51, 32, 33, 34, 35, 38, 42, 43, 44, 45, 46, 13, 47, 50, 17, 18, 19, 20, 17, 51, 32, 33, 34, 35, 38, 32, 33, 34, 35, 36, 37, 17, 18, 19, 20, 17, 38, 42, 43, 44, 45, 46, 13, 47, 48, 17, 18, 19, 20, 17, 51, 32, 33, 34, 35, 36, 37, 17, 18, 19, 20, 17, 38, 42, 43, 44, 45, 46, 13, 47, 50, 17, 18, 19, 20, 17, 51, 32, 33, 34, 35, 36, 37, 17, 18, 19, 20, 17, 38, 42, 43, 44, 45, 51, 32, 33, 34, 35, 36, 37, 17, 18, 19, 20, 17, 38, 42, 43, 44, 45, 46, 13, 47, 50, 17, 18, 19, 20, 17, 51, 32, 33, 34, 35, 36, 37, 17, 18, 19, 20, 17, 38, 42, 43, 44, 45, 46, 13, 47, 50, 17, 18, 19, 20, 17, 51, 32, 33, 34, 35, 36, 37, 17, 18, 19, 20, 17, 38, 42, 43, 44, 45, 46, 13, 47, 50, 17, 18, 19, 20, 17, 51, 32, 33, 34, 35, 36, 37, 17, 18, 19, 20, 17, 38, 42, 43, 44, 45, 46, 13, 47, 48, 17, 18, 19, 20, 17, 51, 32, 33, 34, 35, 36, 37, 17, 18, 19, 20, 17, 38, 42, 43, 44, 45, 46, 13, 47, 50, 17, 18, 19, 20, 17, 51, 32, 33, 34, 35, 38, 42, 43, 44, 45, 46, 13, 47, 50, 17, 18, 19, 20, 17, 51, 32, 33, 34, 35, 36, 37, 17, 18, 19, 20, 17, 38, 42, 43, 44, 45, 46, 13, 47, 48, 17, 18, 19, 20, 17, 51, 32, 33, 34, 35, 38, 42, 43, 44, 45, 46, 13, 47, 50, 17, 18, 19, 20, 17, 51, 32, 33, 34, 35, 36, 37, 17, 18, 19, 20, 17, 38, 42, 43, 44, 45, 51, 42, 43, 44, 45, 46, 13, 47, 48, 17, 18, 19, 20, 17, 51, 32, 33, 34, 35, 36, 37, 17, 18, 19, 20, 17, 38, 42, 43, 44, 45, 46, 13, 47, 50, 17, 18, 19, 20, 17, 51, 32, 33, 34, 35, 36, 37, 17, 18, 19, 20, 17, 38, 42, 43, 44, 45, 46, 13, 47, 48, 17, 18, 19, 20, 17, 51, 32, 33, 34, 35, 36, 37, 17, 18, 19, 20, 17, 38, 42, 43, 44, 45, 46, 13, 47, 48, 17, 18, 19, 20, 17, 51, 32, 33, 34, 35, 36, 37, 17, 18, 19, 20, 17, 38, 42, 43, 44, 45, 46, 13, 47, 50, 17, 18, 19, 20, 17, 51, 32, 33, 34, 35, 36, 37, 17, 18, 19, 20, 17, 38, 42, 43, 44, 45, 46, 13, 47, 50, 17, 18, 19, 20, 17, 51, 32, 33, 34, 35, 36, 37, 17, 18, 19, 20, 17, 38, 42, 43, 44, 45, 46, 13, 47, 48, 17, 18, 19, 20, 17, 51, 32, 33, 34, 35, 36, 37, 17, 18, 19, 20, 17, 38, 42, 43, 44, 45, 46, 13, 47, 50, 17, 18, 19, 20, 17, 51, 32, 33, 34, 35, 36, 37, 17, 18, 19, 20, 17, 38, 42, 43, 44, 45, 46, 13, 47, 50, 17, 18, 19, 20, 17, 51, 32, 33, 34, 35, 36, 37, 17, 18, 19, 20, 17, 38, 42, 43, 44, 45, 46, 13, 47, 48, 17, 18, 19, 20, 17, 51, 32, 33, 34, 35, 36, 37, 17, 18, 19, 20, 17, 38, 42, 43, 44, 45, 46, 13, 47, 50, 17, 18, 19, 20, 17, 51, 32, 33, 34, 35, 36, 37, 17, 18, 19, 20, 17, 38, 42, 43, 44, 45, 46, 13, 47, 48, 17, 18, 19, 20, 17, 51, 32, 33, 34, 35, 36, 37, 17, 18, 19, 20, 17, 38, 42, 43, 44, 45, 46, 13, 47, 50, 17, 18, 19, 20, 17, 51, 32, 33, 34, 35, 36, 37, 17, 18, 19, 20, 17, 38, 42, 43, 44, 45, 46, 13, 47, 50, 17, 18, 19, 20, 17, 51, 32, 33, 34, 35, 36, 37, 17, 18, 19, 20, 17, 38, 42, 43, 44, 45, 46, 13, 47, 48, 17, 18, 19, 20, 17, 51, 32, 33, 34, 35, 36, 37, 17, 18, 19, 20, 17, 38, 42, 43, 44, 45, 46, 13, 47, 50, 17, 18, 19, 20, 17, 51, 32, 33, 34, 35, 36, 37, 17, 18, 19, 20, 17, 38, 42, 43, 44, 45, 46, 13, 47, 48, 17, 18, 19, 20, 17, 51, 32, 33, 34, 35, 36, 37, 17, 18, 19, 20, 17, 38, 82, 79, 80, 54, 24, 25, 26, 27, 26, 25, 26, 27, 26, 25, 26, 27, 26, 25, 26, 27, 26, 25, 26, 27, 26, 25, 26, 27, 26, 25, 26, 27, 26, 25, 26, 27, 26, 25, 26, 27, 26, 25, 26, 27, 26, 25, 26, 27, 26, 25, 26, 27, 26, 25, 28, 55, 56, 55, 56, 55, 56, 55, 56, 55, 56, 55, 56, 55, 56, 55, 56, 55, 56, 55, 56, 55, 56, 55, 56, 55, 57, 81, 32, 33, 34, 35, 36, 37, 17, 18, 19, 20, 17, 38, 42, 43, 44, 45, 46, 13, 47, 50, 17, 18, 19, 20, 17, 51, 32, 33, 34, 35, 36, 37, 17, 18, 19, 20, 17, 38, 42, 43, 44, 45, 51, 42, 43, 44, 45, 46, 13, 47, 48, 17, 18, 19, 20, 17, 51, 32, 33, 34, 35, 36, 37, 17, 18, 19, 20, 17, 38, 42, 43, 44, 45, 46, 13, 47, 48, 17, 18, 19, 20, 17, 51, 32, 33, 34, 35, 36, 37, 17, 18, 19, 20, 17, 38, 42, 43, 44, 45, 46, 13, 47, 50, 17, 18, 19, 20, 17, 51, 32, 33, 34, 35, 36, 37, 17, 18, 19, 20, 17, 38, 42, 43, 44, 45, 46, 13, 47, 50, 17, 18, 19, 20, 17, 51, 32, 33, 34, 35, 36, 37, 17, 18, 19, 20, 17, 38, 42, 43, 44, 45, 46, 13, 47, 48, 17, 18, 19, 20, 17, 51, 32, 33, 34, 35, 36, 37, 17, 18, 19, 20, 17, 38, 42, 43, 44, 45, 46, 13, 47, 48, 17, 18, 19, 20, 17, 51, 32, 33, 34, 35, 36, 37, 17, 18, 19, 20, 17, 38, 42, 43, 44, 45, 46, 13, 47, 50, 17, 18, 19, 20, 17, 51, 32, 33, 34, 35, 36, 37, 17, 18, 19, 20, 17, 38, 42, 43, 44, 45, 46, 13, 47, 48, 17, 18, 19, 20, 17, 51, 32, 33, 34, 35, 38, 42, 43, 44, 45, 46, 13, 47, 48, 17, 18, 19, 20, 17, 51, 32, 33, 34, 35, 36, 37, 17, 18, 19, 20, 17, 38, 42, 43, 44, 45, 46, 13, 47, 50, 17, 18, 19, 20, 17, 51, 32, 33, 34, 35, 36, 37, 17, 18, 19, 20, 17, 38, 42, 43, 44, 45, 46, 13, 47, 50, 17, 18, 19, 20, 17, 51, 32, 33, 34, 35, 36, 37, 17, 18, 19, 20, 17, 38, 42, 43, 44, 45, 46, 13, 47, 50, 17, 18, 19, 20, 17, 51, 32, 33, 34, 35, 36, 37, 17, 18, 19, 20, 17, 38, 42, 43, 44, 45, 46, 13, 47, 48, 17, 18, 19, 20, 17, 51, 32, 33, 34, 35, 36, 37, 17, 18, 19, 20, 17, 38, 42, 43, 44, 45, 46, 13, 47, 48, 17, 18, 19, 20, 17, 51, 32, 33, 34, 35, 36, 37, 17, 18, 19, 20, 17, 38, 42, 43, 44, 45, 46, 13, 47, 48, 17, 18, 19, 20, 17, 51, 32, 33, 34, 35, 36, 37, 17, 18, 19, 20, 17, 38, 42, 43, 44, 45, 46, 13, 47, 50, 17, 18, 19, 20, 17, 51, 32, 33, 34, 35, 36, 37, 17, 18, 19, 20, 17, 38, 42, 43, 44, 45, 46, 13, 47, 48, 17, 18, 19, 20, 17, 51, 32, 33, 34, 35, 36, 37, 17, 18, 19, 20, 17, 38, 42, 43, 44, 45, 46, 13, 47, 48, 17, 18, 19, 20, 17, 51, 32, 33, 34, 35, 36, 37, 17, 18, 19, 20, 17, 38, 42, 43, 44, 45, 46, 13, 47, 50, 17, 18, 19, 20, 17, 51, 32, 33, 34, 35, 36, 37, 17, 18, 19, 20, 17, 38, 42, 43, 44, 45, 46, 13, 47, 48, 17, 18, 19, 20, 17, 51, 32, 33, 34, 35, 36, 37, 17, 18, 19, 20, 17, 38, 42, 43, 44, 45, 46, 13, 47, 50, 17, 18, 19, 20, 17, 51, 32, 33, 34, 35, 38, 32, 33, 34, 35, 36, 37, 17, 18, 19, 20, 17, 38, 42, 43, 44, 45, 46, 13, 47, 48, 17, 18, 19, 20, 17, 51, 32, 33, 34, 35, 38, 42, 43, 44, 45, 46, 13, 47, 48, 17, 18, 19, 20, 17, 51, 32, 33, 34, 35, 36, 37, 17, 18, 19, 20, 17, 38, 42, 43, 44, 45, 46, 13, 47, 50, 17, 18, 19, 20, 17, 51, 32, 33, 34, 35, 36, 37, 17, 18, 19, 20, 17, 38, 42, 43, 44, 45, 46, 13, 47, 50, 17, 18, 19, 20, 17, 51, 42, 43, 44, 45, 46, 13, 47, 48, 17, 18, 19, 20, 17, 51, 32, 33, 34, 35, 36, 37, 17, 18, 19, 20, 17, 38, 42, 43, 44, 45, 46, 13, 47, 48, 17, 18, 19, 20, 17, 51, 32, 33, 34, 35, 36, 37, 17, 18, 19, 20, 17, 38, 42, 43, 44, 45, 46, 13, 47, 48, 17, 18, 19, 20, 17, 51, 32, 33, 34, 35, 36, 37, 17, 18, 19, 20, 17, 38, 42, 43, 44, 45, 46, 13, 47, 48, 17, 18, 19, 20, 17, 51, 32, 33, 34, 35, 36, 37, 17, 18, 19, 20, 17, 38, 42, 43, 44, 45, 46, 13, 47, 50, 17, 18, 19, 20, 17, 51, 32, 33, 34, 35, 36, 37, 17, 18, 19, 20, 17, 38, 42, 43, 44, 45, 46, 13, 47, 50, 17, 18, 19, 20, 17, 51, 32, 33, 34, 35, 36, 37, 17, 18, 19, 20, 17, 38, 42, 43, 44, 45, 46, 13, 47, 48, 17, 18, 19, 20, 17, 51, 32, 33, 34, 35, 36, 37, 17, 18, 19, 20, 17, 38, 42, 43, 44, 45, 46, 13, 47, 50, 17, 18, 19, 20, 17, 51, 32, 33, 34, 35, 36, 37, 17, 18, 19, 20, 17, 38, 42, 43, 44, 45, 46, 13, 47, 48, 17, 18, 19, 20, 17, 51, 32, 33, 34, 35, 36, 37, 17, 18, 19, 20, 17, 38, 42, 43, 44, 45, 46, 13, 47, 50, 17, 18, 19, 20, 17, 51, 32, 33, 34, 35, 36, 37, 17, 18, 19, 20, 17, 38, 42, 43, 44, 45, 46, 13, 47, 48, 17, 18, 19, 20, 17, 51, 32, 33, 34, 35, 36, 37, 17, 18, 19, 20, 17, 38, 42, 43, 44, 45, 46, 13, 47, 48, 17, 18, 19, 20, 17, 51, 32, 33, 34, 35, 36, 37, 17, 18, 19, 20, 17, 38, 32, 33, 34, 35, 36, 37, 17, 18, 19, 20, 17, 38, 42, 43, 44, 45, 46, 13, 47, 50, 17, 18, 19, 20, 17, 51, 32, 33, 34, 35, 36, 37, 17, 18, 19, 20, 17, 38, 42, 43, 44, 45, 46, 13, 47, 48, 17, 18, 19, 20, 17, 51, 32, 33, 34, 35, 38, 42, 43, 44, 45, 46, 13, 47, 50, 17, 18, 19, 20, 17, 51, 32, 33, 34, 35, 36, 37, 17, 18, 19, 20, 17, 38, 42, 43, 44, 45, 46, 13, 47, 48, 17, 18, 19, 20, 17, 51, 32, 33, 34, 35, 36, 37, 17, 18, 19, 20, 17, 38, 42, 43, 44, 45, 46, 13, 47, 48, 17, 18, 19, 20, 17, 51, 32, 33, 34, 35, 36, 37, 17, 18, 19, 20, 17, 38, 42, 43, 44, 45, 46, 13, 47, 48, 17, 18, 19, 20, 17, 51, 32, 33, 34, 35, 36, 37, 17, 18, 19, 20, 17, 38, 42, 43, 44, 45, 46, 13, 47, 50, 17, 18, 19, 20, 17, 51, 32, 33, 34, 35, 36, 37, 17, 18, 19, 20, 17, 38, 42, 43, 44, 45, 46, 13, 47, 48, 17, 18, 19, 20, 17, 51, 32, 33, 34, 35, 36, 37, 17, 18, 19, 20, 17, 38, 42, 43, 44, 45, 46, 13, 47, 48, 17, 18, 19, 20, 17, 51, 42, 43, 44, 45, 46, 13, 47, 48, 17, 18, 19, 20, 17, 51, 32, 33, 34, 35, 36, 37, 17, 18, 19, 20, 17, 38, 42, 43, 44, 45, 46, 13, 47, 50, 17, 18, 19, 20, 17, 51, 32, 33, 34, 35, 36, 37, 17, 18, 19, 20, 17, 38, 42, 43, 44, 45, 46, 13, 47, 48, 17, 18, 19, 20, 17, 51, 32, 33, 34, 35, 36, 37, 17, 18, 19, 20, 17, 38, 42, 43, 44, 45, 46, 13, 47, 50, 17, 18, 19, 20, 17, 51, 32, 33, 34, 35, 36, 37, 17, 18, 19, 20, 17, 38, 42, 43, 44, 45, 51, 32, 33, 34, 35, 36, 37, 17, 18, 19, 20, 17, 38, 42, 43, 44, 45, 46, 13, 47, 48, 17, 18, 19, 20, 17, 51, 32, 33, 34, 35, 36, 37, 17, 18, 19, 20, 17, 38, 42, 43, 44, 45, 46, 13, 47, 50, 17, 18, 19, 20, 17, 51, 32, 33, 34, 35, 36, 37, 17, 18, 19, 20, 17, 38, 42, 43, 44, 45, 46, 13, 47, 48, 17, 18, 19, 20, 17, 51, 32, 33, 34, 35, 36, 37, 17, 18, 19, 20, 17, 38, 42, 43, 44, 45, 46, 13, 47, 50, 17, 18, 19, 20, 17, 51, 32, 33, 34, 35, 36, 37, 17, 18, 19, 20, 17, 38, 42, 43, 44, 45, 46, 13, 47, 50, 17, 18, 19, 20, 17, 51, 32, 33, 34, 35, 36, 37, 17, 18, 19, 20, 17, 38, 42, 43, 44, 45, 46, 13, 47, 48, 17, 18, 19, 20, 17, 51, 32, 33, 34, 35, 36, 37, 17, 18, 19, 20, 17, 38, 42, 43, 44, 45, 46, 13, 47, 50, 17, 18, 19, 20, 17, 51, 32, 33, 34, 35, 36, 37, 17, 18, 19, 20, 17, 38, 42, 43, 44, 45, 46, 13, 47, 50, 17, 18, 19, 20, 17, 51, 32, 33, 34, 35, 36, 37, 17, 18, 19, 20, 17, 38, 42, 43, 44, 45, 46, 13, 47, 50, 17, 18, 19, 20, 17, 51, 32, 33, 34, 35, 36, 37, 17, 18, 19, 20, 17, 38, 42, 43, 44, 45, 46, 13, 47, 50, 17, 18, 19, 20, 17, 51, 32, 33, 34, 35, 36, 37, 17, 18, 19, 20, 17, 38, 42, 43, 44, 45, 46, 13, 47, 50, 17, 18, 19, 20, 17, 51, 32, 33, 34, 35, 36, 37, 17, 18, 19, 20, 17, 38, 42, 43, 44, 45, 46, 13, 47, 48, 17, 18, 19, 20, 17, 51, 32, 33, 34, 35, 36, 37, 17, 18, 19, 20, 17, 38, 42, 43, 44, 45, 46, 13, 47, 50, 17, 18, 19, 20, 17, 51, 32, 33, 34, 35, 36, 37, 17, 18, 19, 20, 17, 38, 42, 43, 44, 45, 46, 13, 47, 50, 17, 18, 19, 20, 17, 51, 32, 33, 34, 35, 36, 37, 17, 18, 19, 20, 17, 38, 42, 43, 44, 45, 46, 13, 47, 50, 17, 18, 19, 20, 17, 51, 32, 33, 34, 35, 36, 37, 17, 18, 19, 20, 17, 38, 42, 43, 44, 45, 51, 32, 33, 34, 35, 36, 37, 17, 18, 19, 20, 17, 38, 42, 43, 44, 45, 46, 13, 47, 48, 17, 18, 19, 20, 17, 51, 32, 33, 34, 35, 36, 37, 17, 18, 19, 20, 17, 38, 42, 43, 44, 45, 46, 13, 47, 50, 17, 18, 19, 20, 17, 51, 32, 33, 34, 35, 36, 37, 17, 18, 19, 20, 17, 38, 42, 43, 44, 45, 46, 13, 47, 50, 17, 18, 19, 20, 17, 51, 32, 33, 34, 35, 36, 37, 17, 18, 19, 20, 17, 38, 42, 43, 44, 45, 51, 32, 33, 34, 35, 36, 37, 17, 18, 19, 20, 17, 38, 42, 43, 44, 45, 46, 13, 47, 50, 17, 18, 19, 20, 17, 51, 32, 33, 34, 35, 36, 37, 17, 18, 19, 20, 17, 38, 42, 43, 44, 45, 46, 13, 47, 50, 17, 18, 19, 20, 17, 51, 32, 33, 34, 35, 36, 37, 17, 18, 19, 20, 17, 38, 42, 43, 44, 45, 46, 13, 47, 50, 17, 18, 19, 20, 17, 51, 32, 33, 34, 35, 36, 37, 17, 18, 19, 20, 17, 38, 32, 33, 34, 35, 36, 37, 17, 18, 19, 20, 17, 38, 42, 43, 44, 45, 46, 13, 47, 48, 17, 18, 19, 20, 17, 51, 42, 43, 44, 45, 46, 13, 47, 50, 17, 18, 19, 20, 17, 51, 32, 33, 34, 35, 36, 37, 17, 18, 19, 20, 17, 38, 32, 33, 34, 35, 36, 37, 17, 18, 19, 20, 17, 38, 42, 43, 44, 45, 46, 13, 47, 50, 17, 18, 19, 20, 17, 51, 32, 33, 34, 35, 36, 37, 17, 18, 19, 20, 17, 38, 42, 43, 44, 45, 46, 13, 47, 50, 17, 18, 19, 20, 17, 51, 32, 33, 34, 35, 38, 42, 43, 44, 45, 46, 13, 47, 48, 17, 18, 19, 20, 17, 51, 32, 33, 34, 35, 36, 37, 17, 18, 19, 20, 17, 38, 42, 43, 44, 45, 46, 13, 47, 50, 17, 18, 19, 20, 17, 51, 32, 33, 34, 35, 36, 37, 17, 18, 19, 20, 17, 38, 42, 43, 44, 45, 46, 13, 47, 48, 17, 18, 19, 20, 17, 51, 32, 33, 34, 35, 36, 37, 17, 18, 19, 20, 17, 38, 42, 43, 44, 45, 46, 13, 47, 48, 17, 18, 19, 20, 17, 51, 42, 43, 44, 45, 46, 13, 47, 50, 17, 18, 19, 20, 17, 51, 32, 33, 34, 35, 36, 37, 17, 18, 19, 20, 17, 38, 32, 33, 34, 35, 36, 37, 17, 18, 19, 20, 17, 38, 42, 43, 44, 45, 46, 13, 47, 48, 17, 18, 19, 20, 17, 51, 42, 43, 44, 45, 46, 13, 47, 48, 17, 18, 19, 20, 17, 51, 32, 33, 34, 35, 36, 37, 17, 18, 19, 20, 17, 38, 42, 43, 44, 45, 51, 32, 33, 34, 35, 36, 37, 17, 18, 19, 20, 17, 38, 32, 33, 34, 35, 36, 37, 17, 18, 19, 20, 17, 38, 42, 43, 44, 45, 46, 13, 47, 50, 17, 18, 19, 20, 17, 51, 32, 33, 34, 35, 36, 37, 17, 18, 19, 20, 17, 38, 42, 43, 44, 45, 46, 13, 47, 48, 17, 18, 19, 20, 17, 51, 32, 33, 34, 35, 36, 37, 17, 18, 19, 20, 17, 38, 42, 43, 44, 45, 46, 13, 47, 48, 17, 18, 19, 20, 17, 51, 42, 43, 44, 45, 46, 13, 47, 50, 17, 18, 19, 20, 17, 51, 32, 33, 34, 35, 36, 37, 17, 18, 19, 20, 17, 38, 42, 43, 44, 45, 46, 13, 47, 48, 17, 18, 19, 20, 17, 51, 32, 33, 34, 35, 36, 37, 17, 18, 19, 20, 17, 38, 32, 33, 34, 35, 36, 37, 17, 18, 19, 20, 17, 38, 42, 43, 44, 45, 46, 13, 47, 50, 17, 18, 19, 20, 17, 51, 42, 43, 44, 45, 51, 32, 33, 34, 35, 36, 37, 17, 18, 19, 20, 17, 38, 42, 43, 44, 45, 46, 13, 47, 48, 17, 18, 19, 20, 17, 51, 32, 33, 34, 35, 36, 37, 17, 18, 19, 20, 17, 38, 82, 79, 83, 88, 42, 32, 89, )]",False,0.00040397239521966
atomic-updates,Concurrency_prepared,"[61, 64, 67, 68, 71, 72, 79, 80, 54, 24, 25, 26, 27, 25, 26, 27, 25, 26, 27, 25, 26, 27, 25, 26, 27, 25, 26, 27, 25, 26, 27, 25, 26, 27, 25, 26, 27, 25, 26, 27, 25, 26, 27, 25, 26, 27, 25, 26, 27, 25, 26, 27, 25, 26, 27, 25, 26, 27, 25, 26, 27, 25, 26, 27, 25, 26, 27, 25, 26, 27, 25, 26, 27, 25, 26, 27, 25, 26, 27, 25, 26, 27, 25, 26, 27, 25, 26, 27, 25, 26, 27, 25, 26, 27, 25, 26, 27, 25, 26, 27, 25, 26, 27, 25, 26, 27, 25, 26, 27, 25, 26, 27, 25, 26, 27, 25, 26, 27, 25, 26, 27, 25, 26, 27, 25, 26, 27, 25, 26, 27, 25, 26, 27, 25, 26, 27, 25, 26, 27, 25, 26, 27, 25, 26, 27, 25, 26, 27, 25, 26, 27, 25, 26, 27, 25, 26, 27, 25, 26, 27, 25, 26, 27, 25, 26, 27, 25, 26, 27, 25, 26, 27, 25, 26, 27, 25, 26, 27, 25, 26, 27, 25, 26, 27, 25, 26, 27, 25, 26, 27, 25, 26, 27, 25, 26, 27, 25, 26, 27, 25, 26, 27, 25, 26, 27, 25, 26, 27, 25, 26, 27, 25, 26, 27, 25, 26, 27, 25, 26, 27, 25, 26, 27, 25, 26, 27, 25, 26, 27, 25, 26, 27, 25, 26, 27, 25, 26, 27, 25, 26, 27, 25, 26, 27, 25, 26, 27, 25, 26, 27, 25, 26, 27, 25, 26, 27, 25, 26, 27, 25, 26, 27, 25, 26, 27, 25, 26, 27, 25, 26, 27, 25, 26, 27, 25, 26, 27, 25, 26, 27, 25, 26, 27, 25, 26, 27, 25, 26, 27, 25, 26, 27, 25, 26, 27, 25, 26, 27, 25, 26, 27, 25, 26, 27, 25, 26, 27, 25, 26, 27, 25, 26, 27, 25, 26, 27, 25, 26, 27, 25, 26, 27, 25, 26, 27, 25, 26, 27, 25, 26, 27, 25, 26, 27, 25, 26, 27, 25, 26, 27, 25, 26, 27, 25, 26, 27, 25, 26, 27, 25, 26, 27, 25, 26, 27, 25, 26, 27, 25, 26, 27, 25, 26, 27, 25, 26, 27, 25, 26, 27, 25, 26, 27, 25, 26, 27, 25, 26, 27, 25, 26, 27, 25, 26, 27, 25, 26, 27, 25, 26, 27, 25, 26, 27, 25, 26, 27, 25, 26, 27, 25, 26, 27, 25, 26, 27, 25, 26, 27, 25, 26, 27, 25, 26, 27, 25, 26, 27, 25, 26, 27, 25, 26, 27, 25, 26, 27, 25, 26, 27, 25, 26, 27, 25, 26, 27, 25, 26, 27, 25, 26, 27, 25, 26, 27, 25, 26, 27, 25, 26, 27, 25, 26, 27, 25, 26, 27, 25, 26, 27, 25, 26, 27, 25, 26, 27, 25, 26, 27, 25, 26, 27, 25, 26, 27, 25, 26, 27, 25, 26, 27, 25, 26, 27, 25, 26, 27, 25, 26, 27, 25, 26, 27, 25, 26, 27, 25, 26, 27, 25, 26, 27, 25, 26, 27, 25, 26, 27, 25, 26, 27, 25, 26, 27, 25, 26, 27, 25, 26, 27, 25, 26, 27, 25, 26, 27, 25, 26, 27, 25, 26, 27, 25, 26, 27, 25, 26, 27, 25, 26, 27, 25, 26, 27, 25, 26, 27, 25, 26, 27, 25, 26, 27, 25, 26, 27, 25, 26, 27, 25, 26, 27, 25, 26, 27, 25, 26, 27, 25, 26, 27, 25, 26, 27, 25, 26, 27, 25, 26, 27, 25, 26, 27, 25, 26, 27, 25, 26, 27, 25, 26, 27, 25, 26, 27, 25, 26, 27, 25, 26, 27, 25, 26, 27, 25, 26, 27, 25, 26, 27, 25, 26, 27, 25, 26, 27, 25, 26, 27, 25, 26, 27, 25, 26, 27, 25, 26, 27, 25, 26, 27, 25, 26, 27, 25, 26, 27, 25, 26, 27, 25, 26, 27, 25, 26, 27, 25, 26, 27, 25, 26, 27, 25, 26, 27, 25, 26, 27, 25, 26, 27, 25, 26, 27, 25, 26, 27, 25, 26, 27, 25, 26, 27, 25, 26, 27, 25, 26, 27, 25, 26, 27, 25, 26, 27, 25, 26, 27, 25, 26, 27, 25, 26, 27, 25, 26, 27, 25, 26, 27, 25, 26, 27, 25, 26, 27, 25, 26, 27, 25, 26, 27, 25, 26, 27, 25, 26, 27, 25, 26, 27, 25, 26, 27, 25, 26, 27, 25, 26, 27, 25, 26, 27, 25, 26, 27, 25, 26, 27, 25, 26, 27, 25, 26, 27, 25, 26, 27, 25, 26, 27, 25, 26, 27, 25, 26, 27, 25, 26, 27, 25, 26, 27, 25, 26, 27, 25, 26, 27, 25, 26, 27, 25, 26, 27, 25, 26, 27, 25, 26, 27, 25, 26, 27, 25, 26, 27, 25, 26, 27, 25, 26, 27, 25, 26, 27, 25, 26, 27, 25, 26, 27, 25, 26, 27, 25, 26, 27, 25, 26, 27, 25, 26, 27, 25, 26, 27, 25, 26, 27, 25, 26, 27, 25, 26, 27, 25, 26, 27, 25, 26, 27, 25, 26, 27, 25, 26, 27, 25, 26, 27, 25, 26, 27, 25, 26, 27, 25, 26, 27, 25, 26, 27, 25, 26, 27, 25, 26, 27, 25, 26, 27, 25, 26, 27, 25, 26, 27, 25, 26, 27, 25, 26, 27, 25, 26, 27, 25, 26, 27, 25, 26, 27, 25, 26, 27, 25, 26, 27, 25, 26, 27, 25, 26, 27, 25, 26, 27, 25, 26, 27, 25, 26, 27, 25, 26, 27, 25, 26, 27, 25, 26, 27, 25, 26, 27, 25, 26, 27, 25, 26, 27, 25, 26, 27, 25, 26, 27, 25, 26, 27, 25, 26, 27, 25, 26, 27, 25, 26, 27, 25, 26, 27, 25, 26, 27, 25, 26, 27, 25, 26, 27, 25, 26, 27, 25, 26, 27, 25, 26, 27, 25, 26, 27, 25, 26, 27, 25, 26, 27, 25, 26, 27, 25, 26, 27, 25, 26, 27, 25, 26, 27, 25, 26, 27, 25, 26, 27, 25, 26, 27, 25, 26, 27, 25, 26, 27, 25, 26, 27, 25, 26, 27, 25, 26, 27, 25, 26, 27, 25, 26, 27, 25, 26, 27, 25, 26, 27, 25, 26, 27, 25, 26, 27]","[61, 7, 8, 10, 64, 67, (, 68, 31, 32, 33, 34, 35, 36, 37, 17, 18, 19, 20, 17, 38, 71, 72, 41, 42, 43, 44, 45, 46, 13, 47, 50, 17, 18, 19, 20, 17, 51, 75, 76, 78, 79, 80, 54, 24, 25, 26, 27, 26, 25, 26, 27, 26, 25, 26, 27, 26, 25, 26, 27, 26, 25, 26, 27, 26, 25, 26, 27, 26, 25, 26, 27, 26, 25, 26, 27, 26, 25, 26, 27, 26, 25, 26, 27, 26, 25, 26, 27, 26, 25, 26, 27, 26, 25, 26, 27, 26, 25, 26, 27, 26, 25, 26, 27, 26, 25, 28, 55, 56, 55, 56, 55, 56, 55, 56, 55, 56, 55, 56, 55, 56, 55, 56, 55, 56, 55, 56, 55, 56, 55, 56, 55, 56, 55, 56, 55, 56, 55, 57, 81, 32, 33, 34, 35, 36, 37, 17, 18, 19, 20, 17, 38, 42, 43, 44, 45, 46, 13, 47, 48, 17, 18, 19, 20, 17, 51, 32, 33, 34, 35, 38, 42, 43, 44, 45, 46, 13, 47, 48, 17, 18, 19, 20, 17, 51, 32, 33, 34, 35, 36, 37, 17, 18, 19, 20, 17, 38, 42, 43, 44, 45, 46, 13, 47, 48, 17, 18, 19, 20, 17, 51, 32, 33, 34, 35, 36, 37, 17, 18, 19, 20, 17, 38, 42, 43, 44, 45, 46, 13, 47, 50, 17, 18, 19, 20, 17, 51, 42, 43, 44, 45, 46, 13, 47, 50, 17, 18, 19, 20, 17, 51, 32, 33, 34, 35, 36, 37, 17, 18, 19, 20, 17, 38, 42, 43, 44, 45, 46, 13, 47, 48, 17, 18, 19, 20, 17, 51, 32, 33, 34, 35, 36, 37, 17, 18, 19, 20, 17, 38, 42, 43, 44, 45, 46, 13, 47, 48, 17, 18, 19, 20, 17, 51, 32, 33, 34, 35, 36, 37, 17, 18, 19, 20, 17, 38, 42, 43, 44, 45, 51, 32, 33, 34, 35, 36, 37, 17, 18, 19, 20, 17, 38, 42, 43, 44, 45, 46, 13, 47, 50, 17, 18, 19, 20, 17, 51, 32, 33, 34, 35, 36, 37, 17, 18, 19, 20, 17, 38, 42, 43, 44, 45, 46, 13, 47, 48, 17, 18, 19, 20, 17, 51, 32, 33, 34, 35, 36, 37, 17, 18, 19, 20, 17, 38, 42, 43, 44, 45, 46, 13, 47, 48, 17, 18, 19, 20, 17, 51, 32, 33, 34, 35, 36, 37, 17, 18, 19, 20, 17, 38, 42, 43, 44, 45, 46, 13, 47, 48, 17, 18, 19, 20, 17, 51, 32, 33, 34, 35, 36, 37, 17, 18, 19, 20, 17, 38, 42, 43, 44, 45, 46, 13, 47, 50, 17, 18, 19, 20, 17, 51, 32, 33, 34, 35, 36, 37, 17, 18, 19, 20, 17, 38, 42, 43, 44, 45, 46, 13, 47, 50, 17, 18, 19, 20, 17, 51, 32, 33, 34, 35, 36, 37, 17, 18, 19, 20, 17, 38, 42, 43, 44, 45, 46, 13, 47, 50, 17, 18, 19, 20, 17, 51, 32, 33, 34, 35, 36, 37, 17, 18, 19, 20, 17, 38, 42, 43, 44, 45, 46, 13, 47, 50, 17, 18, 19, 20, 17, 51, 32, 33, 34, 35, 36, 37, 17, 18, 19, 20, 17, 38, 42, 43, 44, 45, 51, 32, 33, 34, 35, 36, 37, 17, 18, 19, 20, 17, 38, 42, 43, 44, 45, 46, 13, 47, 48, 17, 18, 19, 20, 17, 51, 32, 33, 34, 35, 36, 37, 17, 18, 19, 20, 17, 38, 42, 43, 44, 45, 46, 13, 47, 50, 17, 18, 19, 20, 17, 51, 32, 33, 34, 35, 36, 37, 17, 18, 19, 20, 17, 38, 42, 43, 44, 45, 46, 13, 47, 50, 17, 18, 19, 20, 17, 51, 32, 33, 34, 35, 36, 37, 17, 18, 19, 20, 17, 38, 42, 43, 44, 45, 46, 13, 47, 48, 17, 18, 19, 20, 17, 51, 32, 33, 34, 35, 36, 37, 17, 18, 19, 20, 17, 38, 42, 43, 44, 45, 46, 13, 47, 48, 17, 18, 19, 20, 17, 51, 32, 33, 34, 35, 36, 37, 17, 18, 19, 20, 17, 38, 42, 43, 44, 45, 46, 13, 47, 48, 17, 18, 19, 20, 17, 51, 32, 33, 34, 35, 36, 37, 17, 18, 19, 20, 17, 38, 42, 43, 44, 45, 46, 13, 47, 48, 17, 18, 19, 20, 17, 51, 32, 33, 34, 35, 36, 37, 17, 18, 19, 20, 17, 38, 42, 43, 44, 45, 46, 13, 47, 50, 17, 18, 19, 20, 17, 51, 32, 33, 34, 35, 36, 37, 17, 18, 19, 20, 17, 38, 42, 43, 44, 45, 46, 13, 47, 50, 17, 18, 19, 20, 17, 51, 32, 33, 34, 35, 36, 37, 17, 18, 19, 20, 17, 38, 42, 43, 44, 45, 46, 13, 47, 50, 17, 18, 19, 20, 17, 51, 32, 33, 34, 35, 36, 37, 17, 18, 19, 20, 17, 38, 42, 43, 44, 45, 46, 13, 47, 50, 17, 18, 19, 20, 17, 51, 32, 33, 34, 35, 36, 37, 17, 18, 19, 20, 17, 38, 42, 43, 44, 45, 46, 13, 47, 48, 17, 18, 19, 20, 17, 51, 32, 33, 34, 35, 36, 37, 17, 18, 19, 20, 17, 38, 42, 43, 44, 45, 46, 13, 47, 48, 17, 18, 19, 20, 17, 51, 32, 33, 34, 35, 36, 37, 17, 18, 19, 20, 17, 38, 42, 43, 44, 45, 46, 13, 47, 50, 17, 18, 19, 20, 17, 51, 32, 33, 34, 35, 36, 37, 17, 18, 19, 20, 17, 38, 42, 43, 44, 45, 51, 32, 33, 34, 35, 36, 37, 17, 18, 19, 20, 17, 38, 42, 43, 44, 45, 46, 13, 47, 50, 17, 18, 19, 20, 17, 51, 32, 33, 34, 35, 36, 37, 17, 18, 19, 20, 17, 38, 42, 43, 44, 45, 46, 13, 47, 48, 17, 18, 19, 20, 17, 51, 32, 33, 34, 35, 36, 37, 17, 18, 19, 20, 17, 38, 42, 43, 44, 45, 46, 13, 47, 50, 17, 18, 19, 20, 17, 51, 32, 33, 34, 35, 36, 37, 17, 18, 19, 20, 17, 38, 42, 43, 44, 45, 46, 13, 47, 48, 17, 18, 19, 20, 17, 51, 32, 33, 34, 35, 38, 42, 43, 44, 45, 46, 13, 47, 50, 17, 18, 19, 20, 17, 51, 32, 33, 34, 35, 36, 37, 17, 18, 19, 20, 17, 38, 42, 43, 44, 45, 46, 13, 47, 48, 17, 18, 19, 20, 17, 51, 32, 33, 34, 35, 36, 37, 17, 18, 19, 20, 17, 38, 42, 43, 44, 45, 46, 13, 47, 48, 17, 18, 19, 20, 17, 51, 32, 33, 34, 35, 38, 42, 43, 44, 45, 46, 13, 47, 50, 17, 18, 19, 20, 17, 51, 32, 33, 34, 35, 36, 37, 17, 18, 19, 20, 17, 38, 42, 43, 44, 45, 46, 13, 47, 50, 17, 18, 19, 20, 17, 51, 32, 33, 34, 35, 36, 37, 17, 18, 19, 20, 17, 38, 42, 43, 44, 45, 46, 13, 47, 48, 17, 18, 19, 20, 17, 51, 32, 33, 34, 35, 36, 37, 17, 18, 19, 20, 17, 38, 42, 43, 44, 45, 46, 13, 47, 50, 17, 18, 19, 20, 17, 51, 32, 33, 34, 35, 38, 42, 43, 44, 45, 46, 13, 47, 50, 17, 18, 19, 20, 17, 51, 32, 33, 34, 35, 36, 37, 17, 18, 19, 20, 17, 38, 42, 43, 44, 45, 46, 13, 47, 48, 17, 18, 19, 20, 17, 51, 32, 33, 34, 35, 36, 37, 17, 18, 19, 20, 17, 38, 42, 43, 44, 45, 46, 13, 47, 48, 17, 18, 19, 20, 17, 51, 32, 33, 34, 35, 36, 37, 17, 18, 19, 20, 17, 38, 42, 43, 44, 45, 46, 13, 47, 50, 17, 18, 19, 20, 17, 51, 32, 33, 34, 35, 36, 37, 17, 18, 19, 20, 17, 38, 42, 43, 44, 45, 46, 13, 47, 50, 17, 18, 19, 20, 17, 51, 32, 33, 34, 35, 36, 37, 17, 18, 19, 20, 17, 38, 42, 43, 44, 45, 46, 13, 47, 48, 17, 18, 19, 20, 17, 51, 32, 33, 34, 35, 36, 37, 17, 18, 19, 20, 17, 38, 42, 43, 44, 45, 46, 13, 47, 48, 17, 18, 19, 20, 17, 51, 32, 33, 34, 35, 36, 37, 17, 18, 19, 20, 17, 38, 42, 43, 44, 45, 51, 32, 33, 34, 35, 36, 37, 17, 18, 19, 20, 17, 38, 42, 43, 44, 45, 46, 13, 47, 48, 17, 18, 19, 20, 17, 51, 32, 33, 34, 35, 36, 37, 17, 18, 19, 20, 17, 38, 42, 43, 44, 45, 46, 13, 47, 48, 17, 18, 19, 20, 17, 51, 32, 33, 34, 35, 36, 37, 17, 18, 19, 20, 17, 38, 42, 43, 44, 45, 46, 13, 47, 50, 17, 18, 19, 20, 17, 51, 32, 33, 34, 35, 36, 37, 17, 18, 19, 20, 17, 38, 42, 43, 44, 45, 46, 13, 47, 48, 17, 18, 19, 20, 17, 51, 32, 33, 34, 35, 36, 37, 17, 18, 19, 20, 17, 38, 42, 43, 44, 45, 46, 13, 47, 48, 17, 18, 19, 20, 17, 51, 32, 33, 34, 35, 36, 37, 17, 18, 19, 20, 17, 38, 42, 43, 44, 45, 46, 13, 47, 50, 17, 18, 19, 20, 17, 51, 32, 33, 34, 35, 36, 37, 17, 18, 19, 20, 17, 38, 42, 43, 44, 45, 46, 13, 47, 50, 17, 18, 19, 20, 17, 51, 32, 33, 34, 35, 36, 37, 17, 18, 19, 20, 17, 38, 42, 43, 44, 45, 46, 13, 47, 50, 17, 18, 19, 20, 17, 51, 32, 33, 34, 35, 36, 37, 17, 18, 19, 20, 17, 38, 42, 43, 44, 45, 46, 13, 47, 48, 17, 18, 19, 20, 17, 51, 32, 33, 34, 35, 36, 37, 17, 18, 19, 20, 17, 38, 42, 43, 44, 45, 46, 13, 47, 48, 17, 18, 19, 20, 17, 51, 32, 33, 34, 35, 36, 37, 17, 18, 19, 20, 17, 38, 42, 43, 44, 45, 46, 13, 47, 50, 17, 18, 19, 20, 17, 51, 32, 33, 34, 35, 38, 42, 43, 44, 45, 46, 13, 47, 48, 17, 18, 19, 20, 17, 51, 32, 33, 34, 35, 36, 37, 17, 18, 19, 20, 17, 38, 42, 43, 44, 45, 46, 13, 47, 50, 17, 18, 19, 20, 17, 51, 32, 33, 34, 35, 38, 42, 43, 44, 45, 46, 13, 47, 50, 17, 18, 19, 20, 17, 51, 32, 33, 34, 35, 36, 37, 17, 18, 19, 20, 17, 38, 42, 43, 44, 45, 46, 13, 47, 48, 17, 18, 19, 20, 17, 51, 32, 33, 34, 35, 36, 37, 17, 18, 19, 20, 17, 38, 42, 43, 44, 45, 46, 13, 47, 50, 17, 18, 19, 20, 17, 51, 32, 33, 34, 35, 36, 37, 17, 18, 19, 20, 17, 38, 42, 43, 44, 45, 46, 13, 47, 50, 17, 18, 19, 20, 17, 51, 32, 33, 34, 35, 36, 37, 17, 18, 19, 20, 17, 38, 42, 43, 44, 45, 46, 13, 47, 48, 17, 18, 19, 20, 17, 51, 32, 33, 34, 35, 36, 37, 17, 18, 19, 20, 17, 38, 42, 43, 44, 45, 46, 13, 47, 50, 17, 18, 19, 20, 17, 51, 32, 33, 34, 35, 36, 37, 17, 18, 19, 20, 17, 38, 42, 43, 44, 45, 46, 13, 47, 48, 17, 18, 19, 20, 17, 51, 32, 33, 34, 35, 36, 37, 17, 18, 19, 20, 17, 38, 42, 43, 44, 45, 51, 32, 33, 34, 35, 36, 37, 17, 18, 19, 20, 17, 38, 42, 43, 44, 45, 46, 13, 47, 48, 17, 18, 19, 20, 17, 51, 32, 33, 34, 35, 36, 37, 17, 18, 19, 20, 17, 38, 42, 43, 44, 45, 46, 13, 47, 48, 17, 18, 19, 20, 17, 51, 32, 33, 34, 35, 36, 37, 17, 18, 19, 20, 17, 38, 42, 43, 44, 45, 46, 13, 47, 50, 17, 18, 19, 20, 17, 51, 32, 33, 34, 35, 36, 37, 17, 18, 19, 20, 17, 38, 42, 43, 44, 45, 46, 13, 47, 50, 17, 18, 19, 20, 17, 51, 32, 33, 34, 35, 36, 37, 17, 18, 19, 20, 17, 38, 42, 43, 44, 45, 46, 13, 47, 50, 17, 18, 19, 20, 17, 51, 32, 33, 34, 35, 36, 37, 17, 18, 19, 20, 17, 38, 42, 43, 44, 45, 46, 13, 47, 48, 17, 18, 19, 20, 17, 51, 32, 33, 34, 35, 36, 37, 17, 18, 19, 20, 17, 38, 42, 43, 44, 45, 46, 13, 47, 50, 17, 18, 19, 20, 17, 51, 32, 33, 34, 35, 36, 37, 17, 18, 19, 20, 17, 38, 42, 43, 44, 45, 46, 13, 47, 48, 17, 18, 19, 20, 17, 51, 32, 33, 34, 35, 36, 37, 17, 18, 19, 20, 17, 38, 42, 43, 44, 45, 46, 13, 47, 50, 17, 18, 19, 20, 17, 51, 32, 33, 34, 35, 36, 37, 17, 18, 19, 20, 17, 38, 42, 43, 44, 45, 46, 13, 47, 48, 17, 18, 19, 20, 17, 51, 32, 33, 34, 35, 36, 37, 17, 18, 19, 20, 17, 38, 42, 43, 44, 45, 46, 13, 47, 50, 17, 18, 19, 20, 17, 51, 32, 33, 34, 35, 36, 37, 17, 18, 19, 20, 17, 38, 42, 43, 44, 45, 46, 13, 47, 50, 17, 18, 19, 20, 17, 51, 32, 33, 34, 35, 36, 37, 17, 18, 19, 20, 17, 38, 42, 43, 44, 45, 46, 13, 47, 48, 17, 18, 19, 20, 17, 51, 32, 33, 34, 35, 36, 37, 17, 18, 19, 20, 17, 38, 42, 43, 44, 45, 46, 13, 47, 48, 17, 18, 19, 20, 17, 51, 32, 33, 34, 35, 36, 37, 17, 18, 19, 20, 17, 38, 42, 43, 44, 45, 46, 13, 47, 48, 17, 18, 19, 20, 17, 51, 32, 33, 34, 35, 36, 37, 17, 18, 19, 20, 17, 38, 42, 43, 44, 45, 46, 13, 47, 48, 17, 18, 19, 20, 17, 51, 32, 33, 34, 35, 36, 37, 17, 18, 19, 20, 17, 38, 42, 43, 44, 45, 46, 13, 47, 50, 17, 18, 19, 20, 17, 51, 32, 33, 34, 35, 36, 37, 17, 18, 19, 20, 17, 38, 42, 43, 44, 45, 46, 13, 47, 50, 17, 18, 19, 20, 17, 51, 32, 33, 34, 35, 36, 37, 17, 18, 19, 20, 17, 38, 42, 43, 44, 45, 46, 13, 47, 48, 17, 18, 19, 20, 17, 51, 32, 33, 34, 35, 36, 37, 17, 18, 19, 20, 17, 38, 42, 43, 44, 45, 46, 13, 47, 50, 17, 18, 19, 20, 17, 51, 32, 33, 34, 35, 36, 37, 17, 18, 19, 20, 17, 38, 42, 43, 44, 45, 46, 13, 47, 48, 17, 18, 19, 20, 17, 51, 32, 33, 34, 35, 36, 37, 17, 18, 19, 20, 17, 38, 42, 43, 44, 45, 46, 13, 47, 50, 17, 18, 19, 20, 17, 51, 32, 33, 34, 35, 38, 42, 43, 44, 45, 46, 13, 47, 48, 17, 18, 19, 20, 17, 51, 82, 79, 80, 54, 24, 25, 26, 27, 26, 25, 26, 27, 26, 25, 26, 27, 26, 25, 26, 27, 26, 25, 26, 27, 26, 25, 26, 27, 26, 25, 26, 27, 26, 25, 26, 27, 26, 25, 26, 27, 26, 25, 26, 27, 26, 25, 26, 27, 26, 25, 26, 27, 26, 25, 26, 27, 26, 25, 26, 27, 26, 25, 26, 27, 26, 25, 28, 55, 56, 55, 56, 55, 56, 55, 56, 55, 56, 55, 56, 55, 56, 55, 56, 55, 56, 55, 56, 55, 56, 55, 56, 55, 56, 55, 56, 55, 56, 55, 57, 81, 32, 33, 34, 35, 36, 37, 17, 18, 19, 20, 17, 38, 42, 43, 44, 45, 46, 13, 47, 50, 17, 18, 19, 20, 17, 51, 32, 33, 34, 35, 36, 37, 17, 18, 19, 20, 17, 38, 42, 43, 44, 45, 46, 13, 47, 50, 17, 18, 19, 20, 17, 51, 32, 33, 34, 35, 36, 37, 17, 18, 19, 20, 17, 38, 42, 43, 44, 45, 46, 13, 47, 48, 17, 18, 19, 20, 17, 51, 32, 33, 34, 35, 36, 37, 17, 18, 19, 20, 17, 38, 42, 43, 44, 45, 46, 13, 47, 48, 17, 18, 19, 20, 17, 51, 32, 33, 34, 35, 36, 37, 17, 18, 19, 20, 17, 38, 42, 43, 44, 45, 46, 13, 47, 50, 17, 18, 19, 20, 17, 51, 32, 33, 34, 35, 36, 37, 17, 18, 19, 20, 17, 38, 42, 43, 44, 45, 46, 13, 47, 50, 17, 18, 19, 20, 17, 51, 32, 33, 34, 35, 38, 42, 43, 44, 45, 46, 13, 47, 50, 17, 18, 19, 20, 17, 51, 32, 33, 34, 35, 36, 37, 17, 18, 19, 20, 17, 38, 42, 43, 44, 45, 46, 13, 47, 48, 17, 18, 19, 20, 17, 51, 32, 33, 34, 35, 36, 37, 17, 18, 19, 20, 17, 38, 42, 43, 44, 45, 46, 13, 47, 50, 17, 18, 19, 20, 17, 51, 32, 33, 34, 35, 36, 37, 17, 18, 19, 20, 17, 38, 42, 43, 44, 45, 46, 13, 47, 48, 17, 18, 19, 20, 17, 51, 32, 33, 34, 35, 36, 37, 17, 18, 19, 20, 17, 38, 42, 43, 44, 45, 46, 13, 47, 50, 17, 18, 19, 20, 17, 51, 32, 33, 34, 35, 36, 37, 17, 18, 19, 20, 17, 38, 42, 43, 44, 45, 46, 13, 47, 50, 17, 18, 19, 20, 17, 51, 32, 33, 34, 35, 36, 37, 17, 18, 19, 20, 17, 38, 42, 43, 44, 45, 46, 13, 47, 50, 17, 18, 19, 20, 17, 51, 32, 33, 34, 35, 36, 37, 17, 18, 19, 20, 17, 38, 42, 43, 44, 45, 46, 13, 47, 50, 17, 18, 19, 20, 17, 51, 32, 33, 34, 35, 36, 37, 17, 18, 19, 20, 17, 38, 42, 43, 44, 45, 46, 13, 47, 48, 17, 18, 19, 20, 17, 51, 32, 33, 34, 35, 36, 37, 17, 18, 19, 20, 17, 38, 42, 43, 44, 45, 51, 32, 33, 34, 35, 36, 37, 17, 18, 19, 20, 17, 38, 42, 43, 44, 45, 46, 13, 47, 50, 17, 18, 19, 20, 17, 51, 32, 33, 34, 35, 36, 37, 17, 18, 19, 20, 17, 38, 42, 43, 44, 45, 46, 13, 47, 50, 17, 18, 19, 20, 17, 51, 32, 33, 34, 35, 36, 37, 17, 18, 19, 20, 17, 38, 42, 43, 44, 45, 46, 13, 47, 48, 17, 18, 19, 20, 17, 51, 32, 33, 34, 35, 38, 42, 43, 44, 45, 51, 32, 33, 34, 35, 36, 37, 17, 18, 19, 20, 17, 38, 42, 43, 44, 45, 46, 13, 47, 50, 17, 18, 19, 20, 17, 51, 32, 33, 34, 35, 36, 37, 17, 18, 19, 20, 17, 38, 42, 43, 44, 45, 46, 13, 47, 50, 17, 18, 19, 20, 17, 51, 32, 33, 34, 35, 36, 37, 17, 18, 19, 20, 17, 38, 42, 43, 44, 45, 46, 13, 47, 48, 17, 18, 19, 20, 17, 51, 32, 33, 34, 35, 36, 37, 17, 18, 19, 20, 17, 38, 42, 43, 44, 45, 46, 13, 47, 48, 17, 18, 19, 20, 17, 51, 32, 33, 34, 35, 36, 37, 17, 18, 19, 20, 17, 38, 42, 43, 44, 45, 46, 13, 47, 48, 17, 18, 19, 20, 17, 51, 32, 33, 34, 35, 36, 37, 17, 18, 19, 20, 17, 38, 42, 43, 44, 45, 46, 13, 47, 48, 17, 18, 19, 20, 17, 51, 32, 33, 34, 35, 36, 37, 17, 18, 19, 20, 17, 38, 42, 43, 44, 45, 46, 13, 47, 48, 17, 18, 19, 20, 17, 51, 32, 33, 34, 35, 36, 37, 17, 18, 19, 20, 17, 38, 42, 43, 44, 45, 46, 13, 47, 48, 17, 18, 19, 20, 17, 51, 32, 33, 34, 35, 36, 37, 17, 18, 19, 20, 17, 38, 42, 43, 44, 45, 46, 13, 47, 50, 17, 18, 19, 20, 17, 51, 32, 33, 34, 35, 36, 37, 17, 18, 19, 20, 17, 38, 42, 43, 44, 45, 46, 13, 47, 48, 17, 18, 19, 20, 17, 51, 32, 33, 34, 35, 36, 37, 17, 18, 19, 20, 17, 38, 42, 43, 44, 45, 46, 13, 47, 50, 17, 18, 19, 20, 17, 51, 32, 33, 34, 35, 36, 37, 17, 18, 19, 20, 17, 38, 42, 43, 44, 45, 46, 13, 47, 48, 17, 18, 19, 20, 17, 51, 32, 33, 34, 35, 36, 37, 17, 18, 19, 20, 17, 38, 42, 43, 44, 45, 46, 13, 47, 50, 17, 18, 19, 20, 17, 51, 32, 33, 34, 35, 36, 37, 17, 18, 19, 20, 17, 38, 42, 43, 44, 45, 46, 13, 47, 48, 17, 18, 19, 20, 17, 51, 32, 33, 34, 35, 36, 37, 17, 18, 19, 20, 17, 38, 42, 43, 44, 45, 46, 13, 47, 48, 17, 18, 19, 20, 17, 51, 32, 33, 34, 35, 36, 37, 17, 18, 19, 20, 17, 38, 42, 43, 44, 45, 46, 13, 47, 48, 17, 18, 19, 20, 17, 51, 32, 33, 34, 35, 36, 37, 17, 18, 19, 20, 17, 38, 42, 43, 44, 45, 46, 13, 47, 48, 17, 18, 19, 20, 17, 51, 32, 33, 34, 35, 36, 37, 17, 18, 19, 20, 17, 38, 32, 33, 34, 35, 36, 37, 17, 18, 19, 20, 17, 38, 42, 43, 44, 45, 46, 13, 47, 50, 17, 18, 19, 20, 17, 51, 32, 33, 34, 35, 36, 37, 17, 18, 19, 20, 17, 38, 42, 43, 44, 45, 46, 13, 47, 48, 17, 18, 19, 20, 17, 51, 32, 33, 34, 35, 36, 37, 17, 18, 19, 20, 17, 38, 42, 43, 44, 45, 46, 13, 47, 48, 17, 18, 19, 20, 17, 51, 32, 33, 34, 35, 36, 37, 17, 18, 19, 20, 17, 38, 42, 43, 44, 45, 46, 13, 47, 48, 17, 18, 19, 20, 17, 51, 32, 33, 34, 35, 36, 37, 17, 18, 19, 20, 17, 38, 42, 43, 44, 45, 46, 13, 47, 48, 17, 18, 19, 20, 17, 51, 32, 33, 34, 35, 36, 37, 17, 18, 19, 20, 17, 38, 42, 43, 44, 45, 46, 13, 47, 48, 17, 18, 19, 20, 17, 51, 32, 33, 34, 35, 36, 37, 17, 18, 19, 20, 17, 38, 42, 43, 44, 45, 46, 13, 47, 48, 17, 18, 19, 20, 17, 51, 32, 33, 34, 35, 38, 42, 43, 44, 45, 46, 13, 47, 48, 17, 18, 19, 20, 17, 51, 32, 33, 34, 35, 36, 37, 17, 18, 19, 20, 17, 38, 42, 43, 44, 45, 46, 13, 47, 50, 17, 18, 19, 20, 17, 51, 32, 33, 34, 35, 36, 37, 17, 18, 19, 20, 17, 38, 42, 43, 44, 45, 46, 13, 47, 48, 17, 18, 19, 20, 17, 51, 32, 33, 34, 35, 36, 37, 17, 18, 19, 20, 17, 38, 42, 43, 44, 45, 46, 13, 47, 50, 17, 18, 19, 20, 17, 51, 32, 33, 34, 35, 36, 37, 17, 18, 19, 20, 17, 38, 42, 43, 44, 45, 46, 13, 47, 50, 17, 18, 19, 20, 17, 51, 32, 33, 34, 35, 36, 37, 17, 18, 19, 20, 17, 38, 42, 43, 44, 45, 46, 13, 47, 48, 17, 18, 19, 20, 17, 51, 32, 33, 34, 35, 36, 37, 17, 18, 19, 20, 17, 38, 42, 43, 44, 45, 46, 13, 47, 48, 17, 18, 19, 20, 17, 51, 32, 33, 34, 35, 36, 37, 17, 18, 19, 20, 17, 38, 42, 43, 44, 45, 46, 13, 47, 48, 17, 18, 19, 20, 17, 51, 32, 33, 34, 35, 36, 37, 17, 18, 19, 20, 17, 38, 42, 43, 44, 45, 51, 32, 33, 34, 35, 36, 37, 17, 18, 19, 20, 17, 38, 42, 43, 44, 45, 46, 13, 47, 50, 17, 18, 19, 20, 17, 51, 42, 43, 44, 45, 46, 13, 47, 48, 17, 18, 19, 20, 17, 51, 32, 33, 34, 35, 36, 37, 17, 18, 19, 20, 17, 38, 42, 43, 44, 45, 46, 13, 47, 50, 17, 18, 19, 20, 17, 51, 32, 33, 34, 35, 36, 37, 17, 18, 19, 20, 17, 38, 42, 43, 44, 45, 46, 13, 47, 48, 17, 18, 19, 20, 17, 51, 32, 33, 34, 35, 36, 37, 17, 18, 19, 20, 17, 38, 42, 43, 44, 45, 46, 13, 47, 48, 17, 18, 19, 20, 17, 51, 32, 33, 34, 35, 36, 37, 17, 18, 19, 20, 17, 38, 42, 43, 44, 45, 46, 13, 47, 50, 17, 18, 19, 20, 17, 51, 32, 33, 34, 35, 36, 37, 17, 18, 19, 20, 17, 38, 42, 43, 44, 45, 46, 13, 47, 50, 17, 18, 19, 20, 17, 51, 32, 33, 34, 35, 36, 37, 17, 18, 19, 20, 17, 38, 42, 43, 44, 45, 46, 13, 47, 50, 17, 18, 19, 20, 17, 51, 32, 33, 34, 35, 36, 37, 17, 18, 19, 20, 17, 38, 42, 43, 44, 45, 46, 13, 47, 48, 17, 18, 19, 20, 17, 51, 32, 33, 34, 35, 36, 37, 17, 18, 19, 20, 17, 38, 42, 43, 44, 45, 46, 13, 47, 50, 17, 18, 19, 20, 17, 51, 32, 33, 34, 35, 36, 37, 17, 18, 19, 20, 17, 38, 42, 43, 44, 45, 46, 13, 47, 48, 17, 18, 19, 20, 17, 51, 32, 33, 34, 35, 36, 37, 17, 18, 19, 20, 17, 38, 42, 43, 44, 45, 46, 13, 47, 50, 17, 18, 19, 20, 17, 51, 32, 33, 34, 35, 36, 37, 17, 18, 19, 20, 17, 38, 42, 43, 44, 45, 46, 13, 47, 48, 17, 18, 19, 20, 17, 51, 32, 33, 34, 35, 36, 37, 17, 18, 19, 20, 17, 38, 42, 43, 44, 45, 46, 13, 47, 50, 17, 18, 19, 20, 17, 51, 32, 33, 34, 35, 36, 37, 17, 18, 19, 20, 17, 38, 42, 43, 44, 45, 46, 13, 47, 48, 17, 18, 19, 20, 17, 51, 32, 33, 34, 35, 36, 37, 17, 18, 19, 20, 17, 38, 42, 43, 44, 45, 46, 13, 47, 48, 17, 18, 19, 20, 17, 51, 32, 33, 34, 35, 36, 37, 17, 18, 19, 20, 17, 38, 42, 43, 44, 45, 46, 13, 47, 50, 17, 18, 19, 20, 17, 51, 32, 33, 34, 35, 38, 42, 43, 44, 45, 46, 13, 47, 48, 17, 18, 19, 20, 17, 51, 32, 33, 34, 35, 36, 37, 17, 18, 19, 20, 17, 38, 42, 43, 44, 45, 46, 13, 47, 48, 17, 18, 19, 20, 17, 51, 32, 33, 34, 35, 36, 37, 17, 18, 19, 20, 17, 38, 42, 43, 44, 45, 46, 13, 47, 48, 17, 18, 19, 20, 17, 51, 32, 33, 34, 35, 38, 42, 43, 44, 45, 46, 13, 47, 50, 17, 18, 19, 20, 17, 51, 32, 33, 34, 35, 36, 37, 17, 18, 19, 20, 17, 38, 42, 43, 44, 45, 46, 13, 47, 48, 17, 18, 19, 20, 17, 51, 32, 33, 34, 35, 36, 37, 17, 18, 19, 20, 17, 38, 42, 43, 44, 45, 46, 13, 47, 48, 17, 18, 19, 20, 17, 51, 32, 33, 34, 35, 36, 37, 17, 18, 19, 20, 17, 38, 42, 43, 44, 45, 46, 13, 47, 50, 17, 18, 19, 20, 17, 51, 32, 33, 34, 35, 36, 37, 17, 18, 19, 20, 17, 38, 42, 43, 44, 45, 46, 13, 47, 48, 17, 18, 19, 20, 17, 51, 32, 33, 34, 35, 36, 37, 17, 18, 19, 20, 17, 38, 42, 43, 44, 45, 46, 13, 47, 48, 17, 18, 19, 20, 17, 51, 32, 33, 34, 35, 36, 37, 17, 18, 19, 20, 17, 38, 42, 43, 44, 45, 46, 13, 47, 50, 17, 18, 19, 20, 17, 51, 32, 33, 34, 35, 36, 37, 17, 18, 19, 20, 17, 38, 42, 43, 44, 45, 46, 13, 47, 50, 17, 18, 19, 20, 17, 51, 32, 33, 34, 35, 36, 37, 17, 18, 19, 20, 17, 38, 42, 43, 44, 45, 51, 32, 33, 34, 35, 36, 37, 17, 18, 19, 20, 17, 38, 42, 43, 44, 45, 46, 13, 47, 48, 17, 18, 19, 20, 17, 51, 32, 33, 34, 35, 36, 37, 17, 18, 19, 20, 17, 38, 42, 43, 44, 45, 46, 13, 47, 48, 17, 18, 19, 20, 17, 51, 32, 33, 34, 35, 36, 37, 17, 18, 19, 20, 17, 38, 42, 43, 44, 45, 51, 32, 33, 34, 35, 36, 37, 17, 18, 19, 20, 17, 38, 42, 43, 44, 45, 51, 32, 33, 34, 35, 36, 37, 17, 18, 19, 20, 17, 38, 42, 43, 44, 45, 46, 13, 47, 48, 17, 18, 19, 20, 17, 51, 32, 33, 34, 35, 36, 37, 17, 18, 19, 20, 17, 38, 42, 43, 44, 45, 46, 13, 47, 48, 17, 18, 19, 20, 17, 51, 32, 33, 34, 35, 36, 37, 17, 18, 19, 20, 17, 38, 42, 43, 44, 45, 46, 13, 47, 48, 17, 18, 19, 20, 17, 51, 32, 33, 34, 35, 36, 37, 17, 18, 19, 20, 17, 38, 42, 43, 44, 45, 46, 13, 47, 50, 17, 18, 19, 20, 17, 51, 32, 33, 34, 35, 38, 42, 43, 44, 45, 46, 13, 47, 50, 17, 18, 19, 20, 17, 51, 32, 33, 34, 35, 36, 37, 17, 18, 19, 20, 17, 38, 42, 43, 44, 45, 46, 13, 47, 48, 17, 18, 19, 20, 17, 51, 32, 33, 34, 35, 38, 42, 43, 44, 45, 46, 13, 47, 50, 17, 18, 19, 20, 17, 51, 32, 33, 34, 35, 36, 37, 17, 18, 19, 20, 17, 38, 42, 43, 44, 45, 46, 13, 47, 50, 17, 18, 19, 20, 17, 51, 32, 33, 34, 35, 36, 37, 17, 18, 19, 20, 17, 38, 42, 43, 44, 45, 46, 13, 47, 50, 17, 18, 19, 20, 17, 51, 32, 33, 34, 35, 36, 37, 17, 18, 19, 20, 17, 38, 82, 79, 80, 54, 24, 25, 26, 27, 26, 25, 26, 27, 26, 25, 26, 27, 26, 25, 26, 27, 26, 25, 26, 27, 26, 25, 26, 27, 26, 25, 26, 27, 26, 25, 26, 27, 26, 25, 26, 27, 26, 25, 26, 27, 26, 25, 26, 27, 26, 25, 26, 27, 26, 25, 26, 27, 26, 25, 26, 27, 26, 25, 26, 27, 26, 25, 28, 55, 56, 55, 56, 55, 56, 55, 56, 55, 56, 55, 56, 55, 56, 55, 56, 55, 56, 55, 56, 55, 56, 55, 56, 55, 56, 55, 56, 55, 56, 55, 57, 81, 42, 43, 44, 45, 46, 13, 47, 48, 17, 18, 19, 20, 17, 51, 32, 33, 34, 35, 36, 37, 17, 18, 19, 20, 17, 38, 42, 43, 44, 45, 46, 13, 47, 50, 17, 18, 19, 20, 17, 51, 32, 33, 34, 35, 36, 37, 17, 18, 19, 20, 17, 38, 42, 43, 44, 45, 46, 13, 47, 50, 17, 18, 19, 20, 17, 51, 32, 33, 34, 35, 36, 37, 17, 18, 19, 20, 17, 38, 42, 43, 44, 45, 46, 13, 47, 48, 17, 18, 19, 20, 17, 51, 32, 33, 34, 35, 36, 37, 17, 18, 19, 20, 17, 38, 42, 43, 44, 45, 46, 13, 47, 48, 17, 18, 19, 20, 17, 51, 32, 33, 34, 35, 36, 37, 17, 18, 19, 20, 17, 38, 42, 43, 44, 45, 46, 13, 47, 50, 17, 18, 19, 20, 17, 51, 32, 33, 34, 35, 36, 37, 17, 18, 19, 20, 17, 38, 42, 43, 44, 45, 46, 13, 47, 50, 17, 18, 19, 20, 17, 51, 32, 33, 34, 35, 36, 37, 17, 18, 19, 20, 17, 38, 42, 43, 44, 45, 46, 13, 47, 48, 17, 18, 19, 20, 17, 51, 32, 33, 34, 35, 36, 37, 17, 18, 19, 20, 17, 38, 42, 43, 44, 45, 46, 13, 47, 48, 17, 18, 19, 20, 17, 51, 32, 33, 34, 35, 36, 37, 17, 18, 19, 20, 17, 38, 42, 43, 44, 45, 46, 13, 47, 48, 17, 18, 19, 20, 17, 51, 32, 33, 34, 35, 36, 37, 17, 18, 19, 20, 17, 38, 42, 43, 44, 45, 46, 13, 47, 48, 17, 18, 19, 20, 17, 51, 32, 33, 34, 35, 36, 37, 17, 18, 19, 20, 17, 38, 42, 43, 44, 45, 46, 13, 47, 50, 17, 18, 19, 20, 17, 51, 32, 33, 34, 35, 36, 37, 17, 18, 19, 20, 17, 38, 42, 43, 44, 45, 46, 13, 47, 50, 17, 18, 19, 20, 17, 51, 32, 33, 34, 35, 36, 37, 17, 18, 19, 20, 17, 38, 42, 43, 44, 45, 46, 13, 47, 48, 17, 18, 19, 20, 17, 51, 32, 33, 34, 35, 36, 37, 17, 18, 19, 20, 17, 38, 42, 43, 44, 45, 46, 13, 47, 50, 17, 18, 19, 20, 17, 51, 32, 33, 34, 35, 36, 37, 17, 18, 19, 20, 17, 38, 42, 43, 44, 45, 46, 13, 47, 48, 17, 18, 19, 20, 17, 51, 32, 33, 34, 35, 36, 37, 17, 18, 19, 20, 17, 38, 42, 43, 44, 45, 46, 13, 47, 48, 17, 18, 19, 20, 17, 51, 32, 33, 34, 35, 36, 37, 17, 18, 19, 20, 17, 38, 42, 43, 44, 45, 46, 13, 47, 50, 17, 18, 19, 20, 17, 51, 32, 33, 34, 35, 36, 37, 17, 18, 19, 20, 17, 38, 42, 43, 44, 45, 46, 13, 47, 48, 17, 18, 19, 20, 17, 51, 32, 33, 34, 35, 36, 37, 17, 18, 19, 20, 17, 38, 32, 33, 34, 35, 36, 37, 17, 18, 19, 20, 17, 38, 42, 43, 44, 45, 51, 32, 33, 34, 35, 36, 37, 17, 18, 19, 20, 17, 38, 42, 43, 44, 45, 46, 13, 47, 48, 17, 18, 19, 20, 17, 51, 32, 33, 34, 35, 36, 37, 17, 18, 19, 20, 17, 38, 42, 43, 44, 45, 46, 13, 47, 48, 17, 18, 19, 20, 17, 51, 32, 33, 34, 35, 36, 37, 17, 18, 19, 20, 17, 38, 42, 43, 44, 45, 46, 13, 47, 50, 17, 18, 19, 20, 17, 51, 32, 33, 34, 35, 36, 37, 17, 18, 19, 20, 17, 38, 42, 43, 44, 45, 46, 13, 47, 48, 17, 18, 19, 20, 17, 51, 32, 33, 34, 35, 36, 37, 17, 18, 19, 20, 17, 38, 42, 43, 44, 45, 46, 13, 47, 50, 17, 18, 19, 20, 17, 51, 32, 33, 34, 35, 36, 37, 17, 18, 19, 20, 17, 38, 42, 43, 44, 45, 46, 13, 47, 50, 17, 18, 19, 20, 17, 51, 32, 33, 34, 35, 36, 37, 17, 18, 19, 20, 17, 38, 42, 43, 44, 45, 46, 13, 47, 48, 17, 18, 19, 20, 17, 51, 32, 33, 34, 35, 36, 37, 17, 18, 19, 20, 17, 38, 42, 43, 44, 45, 46, 13, 47, 48, 17, 18, 19, 20, 17, 51, 32, 33, 34, 35, 36, 37, 17, 18, 19, 20, 17, 38, 42, 43, 44, 45, 46, 13, 47, 48, 17, 18, 19, 20, 17, 51, 32, 33, 34, 35, 36, 37, 17, 18, 19, 20, 17, 38, 42, 43, 44, 45, 46, 13, 47, 48, 17, 18, 19, 20, 17, 51, 32, 33, 34, 35, 36, 37, 17, 18, 19, 20, 17, 38, 42, 43, 44, 45, 46, 13, 47, 48, 17, 18, 19, 20, 17, 51, 32, 33, 34, 35, 36, 37, 17, 18, 19, 20, 17, 38, 42, 43, 44, 45, 46, 13, 47, 48, 17, 18, 19, 20, 17, 51, 32, 33, 34, 35, 36, 37, 17, 18, 19, 20, 17, 38, 42, 43, 44, 45, 46, 13, 47, 50, 17, 18, 19, 20, 17, 51, 32, 33, 34, 35, 36, 37, 17, 18, 19, 20, 17, 38, 42, 43, 44, 45, 46, 13, 47, 50, 17, 18, 19, 20, 17, 51, 32, 33, 34, 35, 36, 37, 17, 18, 19, 20, 17, 38, 42, 43, 44, 45, 46, 13, 47, 48, 17, 18, 19, 20, 17, 51, 32, 33, 34, 35, 36, 37, 17, 18, 19, 20, 17, 38, 42, 43, 44, 45, 46, 13, 47, 50, 17, 18, 19, 20, 17, 51, 32, 33, 34, 35, 36, 37, 17, 18, 19, 20, 17, 38, 42, 43, 44, 45, 46, 13, 47, 48, 17, 18, 19, 20, 17, 51, 32, 33, 34, 35, 36, 37, 17, 18, 19, 20, 17, 38, 42, 43, 44, 45, 46, 13, 47, 50, 17, 18, 19, 20, 17, 51, 32, 33, 34, 35, 36, 37, 17, 18, 19, 20, 17, 38, 42, 43, 44, 45, 46, 13, 47, 50, 17, 18, 19, 20, 17, 51, 32, 33, 34, 35, 36, 37, 17, 18, 19, 20, 17, 38, 42, 43, 44, 45, 46, 13, 47, 50, 17, 18, 19, 20, 17, 51, 32, 33, 34, 35, 36, 37, 17, 18, 19, 20, 17, 38, 42, 43, 44, 45, 46, 13, 47, 50, 17, 18, 19, 20, 17, 51, 32, 33, 34, 35, 36, 37, 17, 18, 19, 20, 17, 38, 42, 43, 44, 45, 46, 13, 47, 48, 17, 18, 19, 20, 17, 51, 32, 33, 34, 35, 36, 37, 17, 18, 19, 20, 17, 38, 42, 43, 44, 45, 46, 13, 47, 48, 17, 18, 19, 20, 17, 51, 32, 33, 34, 35, 36, 37, 17, 18, 19, 20, 17, 38, 42, 43, 44, 45, 46, 13, 47, 50, 17, 18, 19, 20, 17, 51, 32, 33, 34, 35, 36, 37, 17, 18, 19, 20, 17, 38, 42, 43, 44, 45, 46, 13, 47, 50, 17, 18, 19, 20, 17, 51, 32, 33, 34, 35, 36, 37, 17, 18, 19, 20, 17, 38, 42, 43, 44, 45, 46, 13, 47, 48, 17, 18, 19, 20, 17, 51, 42, 43, 44, 45, 46, 13, 47, 48, 17, 18, 19, 20, 17, 51, 32, 33, 34, 35, 36, 37, 17, 18, 19, 20, 17, 38, 42, 43, 44, 45, 46, 13, 47, 48, 17, 18, 19, 20, 17, 51, 32, 33, 34, 35, 36, 37, 17, 18, 19, 20, 17, 38, 42, 43, 44, 45, 46, 13, 47, 48, 17, 18, 19, 20, 17, 51, 32, 33, 34, 35, 36, 37, 17, 18, 19, 20, 17, 38, 42, 43, 44, 45, 46, 13, 47, 50, 17, 18, 19, 20, 17, 51, 32, 33, 34, 35, 36, 37, 17, 18, 19, 20, 17, 38, 42, 43, 44, 45, 46, 13, 47, 48, 17, 18, 19, 20, 17, 51, 32, 33, 34, 35, 36, 37, 17, 18, 19, 20, 17, 38, 42, 43, 44, 45, 46, 13, 47, 50, 17, 18, 19, 20, 17, 51, 32, 33, 34, 35, 36, 37, 17, 18, 19, 20, 17, 38, 32, 33, 34, 35, 36, 37, 17, 18, 19, 20, 17, 38, 42, 43, 44, 45, 46, 13, 47, 48, 17, 18, 19, 20, 17, 51, 32, 33, 34, 35, 36, 37, 17, 18, 19, 20, 17, 38, 42, 43, 44, 45, 46, 13, 47, 48, 17, 18, 19, 20, 17, 51, 32, 33, 34, 35, 36, 37, 17, 18, 19, 20, 17, 38, 42, 43, 44, 45, 46, 13, 47, 48, 17, 18, 19, 20, 17, 51, 32, 33, 34, 35, 38, 42, 43, 44, 45, 46, 13, 47, 48, 17, 18, 19, 20, 17, 51, 32, 33, 34, 35, 36, 37, 17, 18, 19, 20, 17, 38, 42, 43, 44, 45, 46, 13, 47, 50, 17, 18, 19, 20, 17, 51, 32, 33, 34, 35, 36, 37, 17, 18, 19, 20, 17, 38, 42, 43, 44, 45, 46, 13, 47, 48, 17, 18, 19, 20, 17, 51, 32, 33, 34, 35, 36, 37, 17, 18, 19, 20, 17, 38, 42, 43, 44, 45, 46, 13, 47, 48, 17, 18, 19, 20, 17, 51, 32, 33, 34, 35, 36, 37, 17, 18, 19, 20, 17, 38, 42, 43, 44, 45, 46, 13, 47, 48, 17, 18, 19, 20, 17, 51, 32, 33, 34, 35, 38, 42, 43, 44, 45, 46, 13, 47, 48, 17, 18, 19, 20, 17, 51, 32, 33, 34, 35, 36, 37, 17, 18, 19, 20, 17, 38, 42, 43, 44, 45, 46, 13, 47, 50, 17, 18, 19, 20, 17, 51, 32, 33, 34, 35, 36, 37, 17, 18, 19, 20, 17, 38, 42, 43, 44, 45, 46, 13, 47, 48, 17, 18, 19, 20, 17, 51, 32, 33, 34, 35, 36, 37, 17, 18, 19, 20, 17, 38, 42, 43, 44, 45, 46, 13, 47, 50, 17, 18, 19, 20, 17, 51, 32, 33, 34, 35, 36, 37, 17, 18, 19, 20, 17, 38, 42, 43, 44, 45, 46, 13, 47, 50, 17, 18, 19, 20, 17, 51, 32, 33, 34, 35, 36, 37, 17, 18, 19, 20, 17, 38, 42, 43, 44, 45, 46, 13, 47, 48, 17, 18, 19, 20, 17, 51, 32, 33, 34, 35, 36, 37, 17, 18, 19, 20, 17, 38, 42, 43, 44, 45, 46, 13, 47, 48, 17, 18, 19, 20, 17, 51, 32, 33, 34, 35, 36, 37, 17, 18, 19, 20, 17, 38, 42, 43, 44, 45, 51, 32, 33, 34, 35, 36, 37, 17, 18, 19, 20, 17, 38, 42, 43, 44, 45, 46, 13, 47, 48, 17, 18, 19, 20, 17, 51, 32, 33, 34, 35, 36, 37, 17, 18, 19, 20, 17, 38, 42, 43, 44, 45, 46, 13, 47, 48, 17, 18, 19, 20, 17, 51, 32, 33, 34, 35, 36, 37, 17, 18, 19, 20, 17, 38, 42, 43, 44, 45, 46, 13, 47, 50, 17, 18, 19, 20, 17, 51, 32, 33, 34, 35, 36, 37, 17, 18, 19, 20, 17, 38, 42, 43, 44, 45, 46, 13, 47, 48, 17, 18, 19, 20, 17, 51, 42, 43, 44, 45, 46, 13, 47, 48, 17, 18, 19, 20, 17, 51, 32, 33, 34, 35, 36, 37, 17, 18, 19, 20, 17, 38, 42, 43, 44, 45, 46, 13, 47, 48, 17, 18, 19, 20, 17, 51, 32, 33, 34, 35, 36, 37, 17, 18, 19, 20, 17, 38, 32, 33, 34, 35, 36, 37, 17, 18, 19, 20, 17, 38, 42, 43, 44, 45, 46, 13, 47, 48, 17, 18, 19, 20, 17, 51, 32, 33, 34, 35, 36, 37, 17, 18, 19, 20, 17, 38, 42, 43, 44, 45, 46, 13, 47, 50, 17, 18, 19, 20, 17, 51, 32, 33, 34, 35, 38, 42, 43, 44, 45, 46, 13, 47, 48, 17, 18, 19, 20, 17, 51, 42, 43, 44, 45, 46, 13, 47, 50, 17, 18, 19, 20, 17, 51, 32, 33, 34, 35, 36, 37, 17, 18, 19, 20, 17, 38, 42, 43, 44, 45, 46, 13, 47, 48, 17, 18, 19, 20, 17, 51, 32, 33, 34, 35, 36, 37, 17, 18, 19, 20, 17, 38, 42, 43, 44, 45, 46, 13, 47, 48, 17, 18, 19, 20, 17, 51, 32, 33, 34, 35, 36, 37, 17, 18, 19, 20, 17, 38, 42, 43, 44, 45, 46, 13, 47, 48, 17, 18, 19, 20, 17, 51, 32, 33, 34, 35, 36, 37, 17, 18, 19, 20, 17, 38, 32, 33, 34, 35, 36, 37, 17, 18, 19, 20, 17, 38, 42, 43, 44, 45, 46, 13, 47, 50, 17, 18, 19, 20, 17, 51, 42, 43, 44, 45, 46, 13, 47, 48, 17, 18, 19, 20, 17, 51, 32, 33, 34, 35, 36, 37, 17, 18, 19, 20, 17, 38, 42, 43, 44, 45, 46, 13, 47, 50, 17, 18, 19, 20, 17, 51, 32, 33, 34, 35, 36, 37, 17, 18, 19, 20, 17, 38, 42, 43, 44, 45, 46, 13, 47, 48, 17, 18, 19, 20, 17, 51, 32, 33, 34, 35, 36, 37, 17, 18, 19, 20, 17, 38, 42, 43, 44, 45, 46, 13, 47, 50, 17, 18, 19, 20, 17, 51, 32, 33, 34, 35, 36, 37, 17, 18, 19, 20, 17, 38, 42, 43, 44, 45, 46, 13, 47, 48, 17, 18, 19, 20, 17, 51, 32, 33, 34, 35, 36, 37, 17, 18, 19, 20, 17, 38, 32, 33, 34, 35, 36, 37, 17, 18, 19, 20, 17, 38, 42, 43, 44, 45, 46, 13, 47, 50, 17, 18, 19, 20, 17, 51, 42, 43, 44, 45, 46, 13, 47, 48, 17, 18, 19, 20, 17, 51, 32, 33, 34, 35, 36, 37, 17, 18, 19, 20, 17, 38, 42, 43, 44, 45, 46, 13, 47, 48, 17, 18, 19, 20, 17, 51, 32, 33, 34, 35, 36, 37, 17, 18, 19, 20, 17, 38, 42, 43, 44, 45, 46, 13, 47, 50, 17, 18, 19, 20, 17, 51, 32, 33, 34, 35, 38, 42, 43, 44, 45, 46, 13, 47, 50, 17, 18, 19, 20, 17, 51, 32, 33, 34, 35, 36, 37, 17, 18, 19, 20, 17, 38, 42, 43, 44, 45, 46, 13, 47, 50, 17, 18, 19, 20, 17, 51, 32, 33, 34, 35, 36, 37, 17, 18, 19, 20, 17, 38, 42, 43, 44, 45, 46, 13, 47, 48, 17, 18, 19, 20, 17, 51, 32, 33, 34, 35, 36, 37, 17, 18, 19, 20, 17, 38, 42, 43, 44, 45, 46, 13, 47, 50, 17, 18, 19, 20, 17, 51, 32, 33, 34, 35, 36, 37, 17, 18, 19, 20, 17, 38, 82, 79, 80, 54, 24, 25, 26, 27, 26, 25, 26, 27, 26, 25, 26, 27, 26, 25, 26, 27, 26, 25, 26, 27, 26, 25, 26, 27, 26, 25, 26, 27, 26, 25, 26, 27, 26, 25, 26, 27, 26, 25, 26, 27, 26, 25, 26, 27, 26, 25, 26, 27, 26, 25, 26, 27, 26, 25, 26, 27, 26, 25, 26, 27, 26, 25, 28, 55, 56, 55, 56, 55, 56, 55, 56, 55, 56, 55, 56, 55, 56, 55, 56, 55, 56, 55, 56, 55, 56, 55, 56, 55, 56, 55, 56, 55, 56, 55, 57, 81, 42, 43, 44, 45, 46, 13, 47, 50, 17, 18, 19, 20, 17, 51, 32, 33, 34, 35, 36, 37, 17, 18, 19, 20, 17, 38, 42, 43, 44, 45, 46, 13, 47, 50, 17, 18, 19, 20, 17, 51, 32, 33, 34, 35, 36, 37, 17, 18, 19, 20, 17, 38, 42, 43, 44, 45, 46, 13, 47, 50, 17, 18, 19, 20, 17, 51, 32, 33, 34, 35, 38, 42, 43, 44, 45, 46, 13, 47, 48, 17, 18, 19, 20, 17, 51, 32, 33, 34, 35, 36, 37, 17, 18, 19, 20, 17, 38, 42, 43, 44, 45, 46, 13, 47, 50, 17, 18, 19, 20, 17, 51, 32, 33, 34, 35, 36, 37, 17, 18, 19, 20, 17, 38, 42, 43, 44, 45, 46, 13, 47, 50, 17, 18, 19, 20, 17, 51, 32, 33, 34, 35, 36, 37, 17, 18, 19, 20, 17, 38, 32, 33, 34, 35, 36, 37, 17, 18, 19, 20, 17, 38, 42, 43, 44, 45, 46, 13, 47, 50, 17, 18, 19, 20, 17, 51, 32, 33, 34, 35, 36, 37, 17, 18, 19, 20, 17, 38, 42, 43, 44, 45, 46, 13, 47, 48, 17, 18, 19, 20, 17, 51, 32, 33, 34, 35, 36, 37, 17, 18, 19, 20, 17, 38, 42, 43, 44, 45, 51, 32, 33, 34, 35, 36, 37, 17, 18, 19, 20, 17, 38, 42, 43, 44, 45, 46, 13, 47, 48, 17, 18, 19, 20, 17, 51, 32, 33, 34, 35, 36, 37, 17, 18, 19, 20, 17, 38, 42, 43, 44, 45, 46, 13, 47, 48, 17, 18, 19, 20, 17, 51, 32, 33, 34, 35, 36, 37, 17, 18, 19, 20, 17, 38, 42, 43, 44, 45, 46, 13, 47, 48, 17, 18, 19, 20, 17, 51, 32, 33, 34, 35, 36, 37, 17, 18, 19, 20, 17, 38, 42, 43, 44, 45, 46, 13, 47, 48, 17, 18, 19, 20, 17, 51, 32, 33, 34, 35, 36, 37, 17, 18, 19, 20, 17, 38, 42, 43, 44, 45, 46, 13, 47, 48, 17, 18, 19, 20, 17, 51, 32, 33, 34, 35, 36, 37, 17, 18, 19, 20, 17, 38, 42, 43, 44, 45, 46, 13, 47, 50, 17, 18, 19, 20, 17, 51, 32, 33, 34, 35, 38, 42, 43, 44, 45, 46, 13, 47, 50, 17, 18, 19, 20, 17, 51, 32, 33, 34, 35, 36, 37, 17, 18, 19, 20, 17, 38, 42, 43, 44, 45, 46, 13, 47, 50, 17, 18, 19, 20, 17, 51, 32, 33, 34, 35, 36, 37, 17, 18, 19, 20, 17, 38, 42, 43, 44, 45, 46, 13, 47, 50, 17, 18, 19, 20, 17, 51, 32, 33, 34, 35, 36, 37, 17, 18, 19, 20, 17, 38, 42, 43, 44, 45, 46, 13, 47, 50, 17, 18, 19, 20, 17, 51, 32, 33, 34, 35, 36, 37, 17, 18, 19, 20, 17, 38, 42, 43, 44, 45, 46, 13, 47, 50, 17, 18, 19, 20, 17, 51, 32, 33, 34, 35, 38, 42, 43, 44, 45, 46, 13, 47, 50, 17, 18, 19, 20, 17, 51, 32, 33, 34, 35, 36, 37, 17, 18, 19, 20, 17, 38, 42, 43, 44, 45, 46, 13, 47, 48, 17, 18, 19, 20, 17, 51, 32, 33, 34, 35, 36, 37, 17, 18, 19, 20, 17, 38, 42, 43, 44, 45, 51, 32, 33, 34, 35, 36, 37, 17, 18, 19, 20, 17, 38, 42, 43, 44, 45, 46, 13, 47, 50, 17, 18, 19, 20, 17, 51, 32, 33, 34, 35, 36, 37, 17, 18, 19, 20, 17, 38, 42, 43, 44, 45, 46, 13, 47, 48, 17, 18, 19, 20, 17, 51, 32, 33, 34, 35, 36, 37, 17, 18, 19, 20, 17, 38, 42, 43, 44, 45, 46, 13, 47, 48, 17, 18, 19, 20, 17, 51, 32, 33, 34, 35, 36, 37, 17, 18, 19, 20, 17, 38, 42, 43, 44, 45, 51, 32, 33, 34, 35, 36, 37, 17, 18, 19, 20, 17, 38, 42, 43, 44, 45, 46, 13, 47, 50, 17, 18, 19, 20, 17, 51, 32, 33, 34, 35, 36, 37, 17, 18, 19, 20, 17, 38, 42, 43, 44, 45, 46, 13, 47, 48, 17, 18, 19, 20, 17, 51, 32, 33, 34, 35, 36, 37, 17, 18, 19, 20, 17, 38, 42, 43, 44, 45, 46, 13, 47, 48, 17, 18, 19, 20, 17, 51, 32, 33, 34, 35, 36, 37, 17, 18, 19, 20, 17, 38, 42, 43, 44, 45, 46, 13, 47, 48, 17, 18, 19, 20, 17, 51, 32, 33, 34, 35, 36, 37, 17, 18, 19, 20, 17, 38, 42, 43, 44, 45, 51, 32, 33, 34, 35, 36, 37, 17, 18, 19, 20, 17, 38, 42, 43, 44, 45, 46, 13, 47, 48, 17, 18, 19, 20, 17, 51, 32, 33, 34, 35, 36, 37, 17, 18, 19, 20, 17, 38, 42, 43, 44, 45, 46, 13, 47, 48, 17, 18, 19, 20, 17, 51, 32, 33, 34, 35, 36, 37, 17, 18, 19, 20, 17, 38, 42, 43, 44, 45, 46, 13, 47, 48, 17, 18, 19, 20, 17, 51, 32, 33, 34, 35, 36, 37, 17, 18, 19, 20, 17, 38, 42, 43, 44, 45, 46, 13, 47, 48, 17, 18, 19, 20, 17, 51, 32, 33, 34, 35, 38, 42, 43, 44, 45, 46, 13, 47, 50, 17, 18, 19, 20, 17, 51, 32, 33, 34, 35, 36, 37, 17, 18, 19, 20, 17, 38, 42, 43, 44, 45, 46, 13, 47, 48, 17, 18, 19, 20, 17, 51, 32, 33, 34, 35, 38, 42, 43, 44, 45, 51, 32, 33, 34, 35, 36, 37, 17, 18, 19, 20, 17, 38, 42, 43, 44, 45, 46, 13, 47, 50, 17, 18, 19, 20, 17, 51, 32, 33, 34, 35, 36, 37, 17, 18, 19, 20, 17, 38, 42, 43, 44, 45, 46, 13, 47, 48, 17, 18, 19, 20, 17, 51, 32, 33, 34, 35, 36, 37, 17, 18, 19, 20, 17, 38, 42, 43, 44, 45, 46, 13, 47, 48, 17, 18, 19, 20, 17, 51, 32, 33, 34, 35, 36, 37, 17, 18, 19, 20, 17, 38, 42, 43, 44, 45, 46, 13, 47, 50, 17, 18, 19, 20, 17, 51, 32, 33, 34, 35, 36, 37, 17, 18, 19, 20, 17, 38, 42, 43, 44, 45, 46, 13, 47, 48, 17, 18, 19, 20, 17, 51, 32, 33, 34, 35, 38, 42, 43, 44, 45, 46, 13, 47, 50, 17, 18, 19, 20, 17, 51, 32, 33, 34, 35, 36, 37, 17, 18, 19, 20, 17, 38, 42, 43, 44, 45, 46, 13, 47, 50, 17, 18, 19, 20, 17, 51, 32, 33, 34, 35, 36, 37, 17, 18, 19, 20, 17, 38, 42, 43, 44, 45, 46, 13, 47, 48, 17, 18, 19, 20, 17, 51, 32, 33, 34, 35, 36, 37, 17, 18, 19, 20, 17, 38, 42, 43, 44, 45, 46, 13, 47, 50, 17, 18, 19, 20, 17, 51, 32, 33, 34, 35, 36, 37, 17, 18, 19, 20, 17, 38, 42, 43, 44, 45, 46, 13, 47, 50, 17, 18, 19, 20, 17, 51, 32, 33, 34, 35, 36, 37, 17, 18, 19, 20, 17, 38, 42, 43, 44, 45, 46, 13, 47, 48, 17, 18, 19, 20, 17, 51, 32, 33, 34, 35, 36, 37, 17, 18, 19, 20, 17, 38, 42, 43, 44, 45, 46, 13, 47, 50, 17, 18, 19, 20, 17, 51, 32, 33, 34, 35, 36, 37, 17, 18, 19, 20, 17, 38, 42, 43, 44, 45, 46, 13, 47, 48, 17, 18, 19, 20, 17, 51, 32, 33, 34, 35, 36, 37, 17, 18, 19, 20, 17, 38, 42, 43, 44, 45, 46, 13, 47, 48, 17, 18, 19, 20, 17, 51, 42, 43, 44, 45, 46, 13, 47, 48, 17, 18, 19, 20, 17, 51, 32, 33, 34, 35, 36, 37, 17, 18, 19, 20, 17, 38, 32, 33, 34, 35, 36, 37, 17, 18, 19, 20, 17, 38, 42, 43, 44, 45, 46, 13, 47, 50, 17, 18, 19, 20, 17, 51, 32, 33, 34, 35, 36, 37, 17, 18, 19, 20, 17, 38, 42, 43, 44, 45, 46, 13, 47, 48, 17, 18, 19, 20, 17, 51, 32, 33, 34, 35, 36, 37, 17, 18, 19, 20, 17, 38, 42, 43, 44, 45, 46, 13, 47, 50, 17, 18, 19, 20, 17, 51, 32, 33, 34, 35, 36, 37, 17, 18, 19, 20, 17, 38, 42, 43, 44, 45, 46, 13, 47, 50, 17, 18, 19, 20, 17, 51, 32, 33, 34, 35, 36, 37, 17, 18, 19, 20, 17, 38, 42, 43, 44, 45, 46, 13, 47, 48, 17, 18, 19, 20, 17, 51, 32, 33, 34, 35, 36, 37, 17, 18, 19, 20, 17, 38, 42, 43, 44, 45, 46, 13, 47, 48, 17, 18, 19, 20, 17, 51, 32, 33, 34, 35, 36, 37, 17, 18, 19, 20, 17, 38, 42, 43, 44, 45, 46, 13, 47, 50, 17, 18, 19, 20, 17, 51, 32, 33, 34, 35, 36, 37, 17, 18, 19, 20, 17, 38, 42, 43, 44, 45, 46, 13, 47, 48, 17, 18, 19, 20, 17, 51, 32, 33, 34, 35, 38, 42, 43, 44, 45, 46, 13, 47, 48, 17, 18, 19, 20, 17, 51, 42, 43, 44, 45, 46, 13, 47, 48, 17, 18, 19, 20, 17, 51, 32, 33, 34, 35, 36, 37, 17, 18, 19, 20, 17, 38, 42, 43, 44, 45, 51, 32, 33, 34, 35, 36, 37, 17, 18, 19, 20, 17, 38, 42, 43, 44, 45, 46, 13, 47, 48, 17, 18, 19, 20, 17, 51, 32, 33, 34, 35, 36, 37, 17, 18, 19, 20, 17, 38, 42, 43, 44, 45, 46, 13, 47, 48, 17, 18, 19, 20, 17, 51, 32, 33, 34, 35, 36, 37, 17, 18, 19, 20, 17, 38, 42, 43, 44, 45, 46, 13, 47, 48, 17, 18, 19, 20, 17, 51, 32, 33, 34, 35, 36, 37, 17, 18, 19, 20, 17, 38, 42, 43, 44, 45, 46, 13, 47, 50, 17, 18, 19, 20, 17, 51, 32, 33, 34, 35, 36, 37, 17, 18, 19, 20, 17, 38, 42, 43, 44, 45, 46, 13, 47, 48, 17, 18, 19, 20, 17, 51, 32, 33, 34, 35, 36, 37, 17, 18, 19, 20, 17, 38, 42, 43, 44, 45, 46, 13, 47, 50, 17, 18, 19, 20, 17, 51, 32, 33, 34, 35, 38, 42, 43, 44, 45, 46, 13, 47, 50, 17, 18, 19, 20, 17, 51, 32, 33, 34, 35, 36, 37, 17, 18, 19, 20, 17, 38, 42, 43, 44, 45, 46, 13, 47, 50, 17, 18, 19, 20, 17, 51, 32, 33, 34, 35, 36, 37, 17, 18, 19, 20, 17, 38, 42, 43, 44, 45, 46, 13, 47, 48, 17, 18, 19, 20, 17, 51, 32, 33, 34, 35, 36, 37, 17, 18, 19, 20, 17, 38, 42, 43, 44, 45, 51, 32, 33, 34, 35, 36, 37, 17, 18, 19, 20, 17, 38, 42, 43, 44, 45, 46, 13, 47, 48, 17, 18, 19, 20, 17, 51, 32, 33, 34, 35, 36, 37, 17, 18, 19, 20, 17, 38, 42, 43, 44, 45, 46, 13, 47, 50, 17, 18, 19, 20, 17, 51, 32, 33, 34, 35, 36, 37, 17, 18, 19, 20, 17, 38, 42, 43, 44, 45, 46, 13, 47, 50, 17, 18, 19, 20, 17, 51, 32, 33, 34, 35, 36, 37, 17, 18, 19, 20, 17, 38, 42, 43, 44, 45, 46, 13, 47, 48, 17, 18, 19, 20, 17, 51, 32, 33, 34, 35, 36, 37, 17, 18, 19, 20, 17, 38, 42, 43, 44, 45, 46, 13, 47, 48, 17, 18, 19, 20, 17, 51, 32, 33, 34, 35, 36, 37, 17, 18, 19, 20, 17, 38, 42, 43, 44, 45, 46, 13, 47, 48, 17, 18, 19, 20, 17, 51, 32, 33, 34, 35, 36, 37, 17, 18, 19, 20, 17, 38, 42, 43, 44, 45, 51, 32, 33, 34, 35, 36, 37, 17, 18, 19, 20, 17, 38, 42, 43, 44, 45, 46, 13, 47, 48, 17, 18, 19, 20, 17, 51, 32, 33, 34, 35, 36, 37, 17, 18, 19, 20, 17, 38, 42, 43, 44, 45, 46, 13, 47, 50, 17, 18, 19, 20, 17, 51, 32, 33, 34, 35, 36, 37, 17, 18, 19, 20, 17, 38, 42, 43, 44, 45, 46, 13, 47, 50, 17, 18, 19, 20, 17, 51, 32, 33, 34, 35, 36, 37, 17, 18, 19, 20, 17, 38, 42, 43, 44, 45, 46, 13, 47, 50, 17, 18, 19, 20, 17, 51, 32, 33, 34, 35, 36, 37, 17, 18, 19, 20, 17, 38, 42, 43, 44, 45, 46, 13, 47, 48, 17, 18, 19, 20, 17, 51, 32, 33, 34, 35, 36, 37, 17, 18, 19, 20, 17, 38, 42, 43, 44, 45, 46, 13, 47, 48, 17, 18, 19, 20, 17, 51, 32, 33, 34, 35, 38, 42, 43, 44, 45, 46, 13, 47, 48, 17, 18, 19, 20, 17, 51, 32, 33, 34, 35, 36, 37, 17, 18, 19, 20, 17, 38, 42, 43, 44, 45, 46, 13, 47, 48, 17, 18, 19, 20, 17, 51, 32, 33, 34, 35, 38, 42, 43, 44, 45, 46, 13, 47, 50, 17, 18, 19, 20, 17, 51, 32, 33, 34, 35, 36, 37, 17, 18, 19, 20, 17, 38, 42, 43, 44, 45, 51, 32, 33, 34, 35, 36, 37, 17, 18, 19, 20, 17, 38, 42, 43, 44, 45, 46, 13, 47, 48, 17, 18, 19, 20, 17, 51, 32, 33, 34, 35, 36, 37, 17, 18, 19, 20, 17, 38, 42, 43, 44, 45, 46, 13, 47, 50, 17, 18, 19, 20, 17, 51, 32, 33, 34, 35, 36, 37, 17, 18, 19, 20, 17, 38, 42, 43, 44, 45, 46, 13, 47, 48, 17, 18, 19, 20, 17, 51, 32, 33, 34, 35, 36, 37, 17, 18, 19, 20, 17, 38, 42, 43, 44, 45, 46, 13, 47, 48, 17, 18, 19, 20, 17, 51, 32, 33, 34, 35, 36, 37, 17, 18, 19, 20, 17, 38, 82, 79, 80, 54, 24, 25, 26, 27, 26, 25, 26, 27, 26, 25, 26, 27, 26, 25, 26, 27, 26, 25, 26, 27, 26, 25, 26, 27, 26, 25, 26, 27, 26, 25, 26, 27, 26, 25, 26, 27, 26, 25, 26, 27, 26, 25, 26, 27, 26, 25, 26, 27, 26, 25, 26, 27, 26, 25, 26, 27, 26, 25, 26, 27, 26, 25, 28, 55, 56, 55, 56, 55, 56, 55, 56, 55, 56, 55, 56, 55, 56, 55, 56, 55, 56, 55, 56, 55, 56, 55, 56, 55, 56, 55, 56, 55, 56, 55, 57, 81, 42, 43, 44, 45, 46, 13, 47, 50, 17, 18, 19, 20, 17, 51, 32, 33, 34, 35, 36, 37, 17, 18, 19, 20, 17, 38, 42, 43, 44, 45, 46, 13, 47, 50, 17, 18, 19, 20, 17, 51, 32, 33, 34, 35, 36, 37, 17, 18, 19, 20, 17, 38, 42, 43, 44, 45, 46, 13, 47, 48, 17, 18, 19, 20, 17, 51, 32, 33, 34, 35, 36, 37, 17, 18, 19, 20, 17, 38, 42, 43, 44, 45, 46, 13, 47, 48, 17, 18, 19, 20, 17, 51, 32, 33, 34, 35, 36, 37, 17, 18, 19, 20, 17, 38, 42, 43, 44, 45, 46, 13, 47, 48, 17, 18, 19, 20, 17, 51, 32, 33, 34, 35, 36, 37, 17, 18, 19, 20, 17, 38, 42, 43, 44, 45, 46, 13, 47, 48, 17, 18, 19, 20, 17, 51, 32, 33, 34, 35, 36, 37, 17, 18, 19, 20, 17, 38, 42, 43, 44, 45, 46, 13, 47, 48, 17, 18, 19, 20, 17, 51, 32, 33, 34, 35, 36, 37, 17, 18, 19, 20, 17, 38, 42, 43, 44, 45, 46, 13, 47, 50, 17, 18, 19, 20, 17, 51, 32, 33, 34, 35, 36, 37, 17, 18, 19, 20, 17, 38, 42, 43, 44, 45, 51, 32, 33, 34, 35, 36, 37, 17, 18, 19, 20, 17, 38, 42, 43, 44, 45, 46, 13, 47, 50, 17, 18, 19, 20, 17, 51, 32, 33, 34, 35, 36, 37, 17, 18, 19, 20, 17, 38, 42, 43, 44, 45, 46, 13, 47, 48, 17, 18, 19, 20, 17, 51, 32, 33, 34, 35, 36, 37, 17, 18, 19, 20, 17, 38, 42, 43, 44, 45, 46, 13, 47, 50, 17, 18, 19, 20, 17, 51, 32, 33, 34, 35, 36, 37, 17, 18, 19, 20, 17, 38, 42, 43, 44, 45, 46, 13, 47, 48, 17, 18, 19, 20, 17, 51, 32, 33, 34, 35, 36, 37, 17, 18, 19, 20, 17, 38, 42, 43, 44, 45, 46, 13, 47, 48, 17, 18, 19, 20, 17, 51, 32, 33, 34, 35, 36, 37, 17, 18, 19, 20, 17, 38, 42, 43, 44, 45, 51, 32, 33, 34, 35, 36, 37, 17, 18, 19, 20, 17, 38, 42, 43, 44, 45, 46, 13, 47, 50, 17, 18, 19, 20, 17, 51, 32, 33, 34, 35, 38, 42, 43, 44, 45, 46, 13, 47, 50, 17, 18, 19, 20, 17, 51, 32, 33, 34, 35, 36, 37, 17, 18, 19, 20, 17, 38, 42, 43, 44, 45, 46, 13, 47, 50, 17, 18, 19, 20, 17, 51, 32, 33, 34, 35, 36, 37, 17, 18, 19, 20, 17, 38, 42, 43, 44, 45, 46, 13, 47, 48, 17, 18, 19, 20, 17, 51, 32, 33, 34, 35, 36, 37, 17, 18, 19, 20, 17, 38, 42, 43, 44, 45, 46, 13, 47, 48, 17, 18, 19, 20, 17, 51, 32, 33, 34, 35, 36, 37, 17, 18, 19, 20, 17, 38, 42, 43, 44, 45, 46, 13, 47, 50, 17, 18, 19, 20, 17, 51, 32, 33, 34, 35, 36, 37, 17, 18, 19, 20, 17, 38, 42, 43, 44, 45, 46, 13, 47, 48, 17, 18, 19, 20, 17, 51, 32, 33, 34, 35, 36, 37, 17, 18, 19, 20, 17, 38, 42, 43, 44, 45, 46, 13, 47, 48, 17, 18, 19, 20, 17, 51, 32, 33, 34, 35, 36, 37, 17, 18, 19, 20, 17, 38, 42, 43, 44, 45, 46, 13, 47, 50, 17, 18, 19, 20, 17, 51, 32, 33, 34, 35, 36, 37, 17, 18, 19, 20, 17, 38, 42, 43, 44, 45, 46, 13, 47, 48, 17, 18, 19, 20, 17, 51, 32, 33, 34, 35, 36, 37, 17, 18, 19, 20, 17, 38, 42, 43, 44, 45, 46, 13, 47, 48, 17, 18, 19, 20, 17, 51, 32, 33, 34, 35, 36, 37, 17, 18, 19, 20, 17, 38, 42, 43, 44, 45, 46, 13, 47, 50, 17, 18, 19, 20, 17, 51, 32, 33, 34, 35, 36, 37, 17, 18, 19, 20, 17, 38, 32, 33, 34, 35, 36, 37, 17, 18, 19, 20, 17, 38, 42, 43, 44, 45, 46, 13, 47, 48, 17, 18, 19, 20, 17, 51, 32, 33, 34, 35, 36, 37, 17, 18, 19, 20, 17, 38, 42, 43, 44, 45, 51, 32, 33, 34, 35, 36, 37, 17, 18, 19, 20, 17, 38, 42, 43, 44, 45, 46, 13, 47, 50, 17, 18, 19, 20, 17, 51, 32, 33, 34, 35, 36, 37, 17, 18, 19, 20, 17, 38, 42, 43, 44, 45, 46, 13, 47, 50, 17, 18, 19, 20, 17, 51, 32, 33, 34, 35, 36, 37, 17, 18, 19, 20, 17, 38, 42, 43, 44, 45, 46, 13, 47, 48, 17, 18, 19, 20, 17, 51, 32, 33, 34, 35, 36, 37, 17, 18, 19, 20, 17, 38, 42, 43, 44, 45, 46, 13, 47, 48, 17, 18, 19, 20, 17, 51, 32, 33, 34, 35, 36, 37, 17, 18, 19, 20, 17, 38, 42, 43, 44, 45, 46, 13, 47, 48, 17, 18, 19, 20, 17, 51, 32, 33, 34, 35, 38, 42, 43, 44, 45, 46, 13, 47, 50, 17, 18, 19, 20, 17, 51, 32, 33, 34, 35, 36, 37, 17, 18, 19, 20, 17, 38, 42, 43, 44, 45, 46, 13, 47, 48, 17, 18, 19, 20, 17, 51, 32, 33, 34, 35, 36, 37, 17, 18, 19, 20, 17, 38, 42, 43, 44, 45, 46, 13, 47, 48, 17, 18, 19, 20, 17, 51, 32, 33, 34, 35, 36, 37, 17, 18, 19, 20, 17, 38, 42, 43, 44, 45, 46, 13, 47, 50, 17, 18, 19, 20, 17, 51, 32, 33, 34, 35, 36, 37, 17, 18, 19, 20, 17, 38, 42, 43, 44, 45, 46, 13, 47, 48, 17, 18, 19, 20, 17, 51, 32, 33, 34, 35, 36, 37, 17, 18, 19, 20, 17, 38, 42, 43, 44, 45, 46, 13, 47, 48, 17, 18, 19, 20, 17, 51, 32, 33, 34, 35, 36, 37, 17, 18, 19, 20, 17, 38, 42, 43, 44, 45, 51, 32, 33, 34, 35, 36, 37, 17, 18, 19, 20, 17, 38, 42, 43, 44, 45, 46, 13, 47, 48, 17, 18, 19, 20, 17, 51, 32, 33, 34, 35, 38, 42, 43, 44, 45, 46, 13, 47, 50, 17, 18, 19, 20, 17, 51, 32, 33, 34, 35, 36, 37, 17, 18, 19, 20, 17, 38, 42, 43, 44, 45, 46, 13, 47, 48, 17, 18, 19, 20, 17, 51, 32, 33, 34, 35, 36, 37, 17, 18, 19, 20, 17, 38, 42, 43, 44, 45, 46, 13, 47, 50, 17, 18, 19, 20, 17, 51, 32, 33, 34, 35, 36, 37, 17, 18, 19, 20, 17, 38, 42, 43, 44, 45, 46, 13, 47, 48, 17, 18, 19, 20, 17, 51, 32, 33, 34, 35, 36, 37, 17, 18, 19, 20, 17, 38, 42, 43, 44, 45, 46, 13, 47, 50, 17, 18, 19, 20, 17, 51, 32, 33, 34, 35, 36, 37, 17, 18, 19, 20, 17, 38, 42, 43, 44, 45, 46, 13, 47, 48, 17, 18, 19, 20, 17, 51, 32, 33, 34, 35, 36, 37, 17, 18, 19, 20, 17, 38, 42, 43, 44, 45, 46, 13, 47, 48, 17, 18, 19, 20, 17, 51, 32, 33, 34, 35, 36, 37, 17, 18, 19, 20, 17, 38, 42, 43, 44, 45, 46, 13, 47, 50, 17, 18, 19, 20, 17, 51, 32, 33, 34, 35, 36, 37, 17, 18, 19, 20, 17, 38, 42, 43, 44, 45, 51, 32, 33, 34, 35, 36, 37, 17, 18, 19, 20, 17, 38, 42, 43, 44, 45, 51, 32, 33, 34, 35, 36, 37, 17, 18, 19, 20, 17, 38, 42, 43, 44, 45, 46, 13, 47, 48, 17, 18, 19, 20, 17, 51, 32, 33, 34, 35, 36, 37, 17, 18, 19, 20, 17, 38, 42, 43, 44, 45, 46, 13, 47, 48, 17, 18, 19, 20, 17, 51, 32, 33, 34, 35, 36, 37, 17, 18, 19, 20, 17, 38, 42, 43, 44, 45, 46, 13, 47, 48, 17, 18, 19, 20, 17, 51, 32, 33, 34, 35, 36, 37, 17, 18, 19, 20, 17, 38, 42, 43, 44, 45, 46, 13, 47, 50, 17, 18, 19, 20, 17, 51, 32, 33, 34, 35, 36, 37, 17, 18, 19, 20, 17, 38, 42, 43, 44, 45, 46, 13, 47, 48, 17, 18, 19, 20, 17, 51, 32, 33, 34, 35, 36, 37, 17, 18, 19, 20, 17, 38, 42, 43, 44, 45, 46, 13, 47, 50, 17, 18, 19, 20, 17, 51, 32, 33, 34, 35, 36, 37, 17, 18, 19, 20, 17, 38, 42, 43, 44, 45, 46, 13, 47, 50, 17, 18, 19, 20, 17, 51, 32, 33, 34, 35, 36, 37, 17, 18, 19, 20, 17, 38, 42, 43, 44, 45, 46, 13, 47, 50, 17, 18, 19, 20, 17, 51, 32, 33, 34, 35, 36, 37, 17, 18, 19, 20, 17, 38, 42, 43, 44, 45, 46, 13, 47, 48, 17, 18, 19, 20, 17, 51, 32, 33, 34, 35, 36, 37, 17, 18, 19, 20, 17, 38, 42, 43, 44, 45, 46, 13, 47, 48, 17, 18, 19, 20, 17, 51, 32, 33, 34, 35, 36, 37, 17, 18, 19, 20, 17, 38, 42, 43, 44, 45, 46, 13, 47, 48, 17, 18, 19, 20, 17, 51, 32, 33, 34, 35, 36, 37, 17, 18, 19, 20, 17, 38, 42, 43, 44, 45, 46, 13, 47, 50, 17, 18, 19, 20, 17, 51, 32, 33, 34, 35, 36, 37, 17, 18, 19, 20, 17, 38, 42, 43, 44, 45, 46, 13, 47, 50, 17, 18, 19, 20, 17, 51, 32, 33, 34, 35, 38, 42, 43, 44, 45, 46, 13, 47, 50, 17, 18, 19, 20, 17, 51, 32, 33, 34, 35, 36, 37, 17, 18, 19, 20, 17, 38, 42, 43, 44, 45, 46, 13, 47, 48, 17, 18, 19, 20, 17, 51, 32, 33, 34, 35, 36, 37, 17, 18, 19, 20, 17, 38, 42, 43, 44, 45, 51, 32, 33, 34, 35, 36, 37, 17, 18, 19, 20, 17, 38, 42, 43, 44, 45, 51, 32, 33, 34, 35, 38, 42, 43, 44, 45, 46, 13, 47, 50, 17, 18, 19, 20, 17, 51, 32, 33, 34, 35, 36, 37, 17, 18, 19, 20, 17, 38, 42, 43, 44, 45, 46, 13, 47, 50, 17, 18, 19, 20, 17, 51, 32, 33, 34, 35, 36, 37, 17, 18, 19, 20, 17, 38, 42, 43, 44, 45, 46, 13, 47, 50, 17, 18, 19, 20, 17, 51, 32, 33, 34, 35, 36, 37, 17, 18, 19, 20, 17, 38, 42, 43, 44, 45, 46, 13, 47, 48, 17, 18, 19, 20, 17, 51, 32, 33, 34, 35, 36, 37, 17, 18, 19, 20, 17, 38, 42, 43, 44, 45, 46, 13, 47, 48, 17, 18, 19, 20, 17, 51, 32, 33, 34, 35, 36, 37, 17, 18, 19, 20, 17, 38, 42, 43, 44, 45, 46, 13, 47, 48, 17, 18, 19, 20, 17, 51, 32, 33, 34, 35, 36, 37, 17, 18, 19, 20, 17, 38, 42, 43, 44, 45, 46, 13, 47, 50, 17, 18, 19, 20, 17, 51, 42, 43, 44, 45, 46, 13, 47, 50, 17, 18, 19, 20, 17, 51, 32, 33, 34, 35, 36, 37, 17, 18, 19, 20, 17, 38, 42, 43, 44, 45, 46, 13, 47, 48, 17, 18, 19, 20, 17, 51, 32, 33, 34, 35, 36, 37, 17, 18, 19, 20, 17, 38, 42, 43, 44, 45, 46, 13, 47, 48, 17, 18, 19, 20, 17, 51, 32, 33, 34, 35, 36, 37, 17, 18, 19, 20, 17, 38, 42, 43, 44, 45, 46, 13, 47, 48, 17, 18, 19, 20, 17, 51, 32, 33, 34, 35, 36, 37, 17, 18, 19, 20, 17, 38, 42, 43, 44, 45, 46, 13, 47, 48, 17, 18, 19, 20, 17, 51, 32, 33, 34, 35, 36, 37, 17, 18, 19, 20, 17, 38, 42, 43, 44, 45, 46, 13, 47, 48, 17, 18, 19, 20, 17, 51, 32, 33, 34, 35, 36, 37, 17, 18, 19, 20, 17, 38, 42, 43, 44, 45, 46, 13, 47, 48, 17, 18, 19, 20, 17, 51, 32, 33, 34, 35, 36, 37, 17, 18, 19, 20, 17, 38, 42, 43, 44, 45, 46, 13, 47, 50, 17, 18, 19, 20, 17, 51, 32, 33, 34, 35, 36, 37, 17, 18, 19, 20, 17, 38, 42, 43, 44, 45, 51, 32, 33, 34, 35, 36, 37, 17, 18, 19, 20, 17, 38, 42, 43, 44, 45, 46, 13, 47, 50, 17, 18, 19, 20, 17, 51, 32, 33, 34, 35, 36, 37, 17, 18, 19, 20, 17, 38, 42, 43, 44, 45, 46, 13, 47, 50, 17, 18, 19, 20, 17, 51, 32, 33, 34, 35, 36, 37, 17, 18, 19, 20, 17, 38, 42, 43, 44, 45, 46, 13, 47, 48, 17, 18, 19, 20, 17, 51, 32, 33, 34, 35, 36, 37, 17, 18, 19, 20, 17, 38, 42, 43, 44, 45, 46, 13, 47, 48, 17, 18, 19, 20, 17, 51, 32, 33, 34, 35, 36, 37, 17, 18, 19, 20, 17, 38, 42, 43, 44, 45, 46, 13, 47, 48, 17, 18, 19, 20, 17, 51, 32, 33, 34, 35, 36, 37, 17, 18, 19, 20, 17, 38, 42, 43, 44, 45, 46, 13, 47, 48, 17, 18, 19, 20, 17, 51, 32, 33, 34, 35, 36, 37, 17, 18, 19, 20, 17, 38, 42, 43, 44, 45, 46, 13, 47, 48, 17, 18, 19, 20, 17, 51, 32, 33, 34, 35, 36, 37, 17, 18, 19, 20, 17, 38, 42, 43, 44, 45, 46, 13, 47, 48, 17, 18, 19, 20, 17, 51, 32, 33, 34, 35, 36, 37, 17, 18, 19, 20, 17, 38, 42, 43, 44, 45, 46, 13, 47, 48, 17, 18, 19, 20, 17, 51, 32, 33, 34, 35, 36, 37, 17, 18, 19, 20, 17, 38, 42, 43, 44, 45, 46, 13, 47, 48, 17, 18, 19, 20, 17, 51, 32, 33, 34, 35, 36, 37, 17, 18, 19, 20, 17, 38, 82, 79, 80, 54, 24, 25, 26, 27, 26, 25, 26, 27, 26, 25, 26, 27, 26, 25, 26, 27, 26, 25, 26, 27, 26, 25, 26, 27, 26, 25, 26, 27, 26, 25, 26, 27, 26, 25, 26, 27, 26, 25, 26, 27, 26, 25, 26, 27, 26, 25, 26, 27, 26, 25, 26, 27, 26, 25, 26, 27, 26, 25, 26, 27, 26, 25, 28, 55, 56, 55, 56, 55, 56, 55, 56, 55, 56, 55, 56, 55, 56, 55, 56, 55, 56, 55, 56, 55, 56, 55, 56, 55, 56, 55, 56, 55, 56, 55, 57, 81, 42, 43, 44, 45, 46, 13, 47, 48, 17, 18, 19, 20, 17, 51, 32, 33, 34, 35, 36, 37, 17, 18, 19, 20, 17, 38, 42, 43, 44, 45, 46, 13, 47, 48, 17, 18, 19, 20, 17, 51, 32, 33, 34, 35, 36, 37, 17, 18, 19, 20, 17, 38, 42, 43, 44, 45, 46, 13, 47, 48, 17, 18, 19, 20, 17, 51, 32, 33, 34, 35, 36, 37, 17, 18, 19, 20, 17, 38, 42, 43, 44, 45, 46, 13, 47, 48, 17, 18, 19, 20, 17, 51, 32, 33, 34, 35, 38, 42, 43, 44, 45, 46, 13, 47, 50, 17, 18, 19, 20, 17, 51, 32, 33, 34, 35, 36, 37, 17, 18, 19, 20, 17, 38, 32, 33, 34, 35, 36, 37, 17, 18, 19, 20, 17, 38, 42, 43, 44, 45, 46, 13, 47, 48, 17, 18, 19, 20, 17, 51, 42, 43, 44, 45, 46, 13, 47, 50, 17, 18, 19, 20, 17, 51, 32, 33, 34, 35, 36, 37, 17, 18, 19, 20, 17, 38, 42, 43, 44, 45, 46, 13, 47, 48, 17, 18, 19, 20, 17, 51, 32, 33, 34, 35, 36, 37, 17, 18, 19, 20, 17, 38, 42, 43, 44, 45, 46, 13, 47, 48, 17, 18, 19, 20, 17, 51, 32, 33, 34, 35, 36, 37, 17, 18, 19, 20, 17, 38, 42, 43, 44, 45, 46, 13, 47, 48, 17, 18, 19, 20, 17, 51, 32, 33, 34, 35, 36, 37, 17, 18, 19, 20, 17, 38, 42, 43, 44, 45, 46, 13, 47, 48, 17, 18, 19, 20, 17, 51, 32, 33, 34, 35, 36, 37, 17, 18, 19, 20, 17, 38, 42, 43, 44, 45, 46, 13, 47, 48, 17, 18, 19, 20, 17, 51, 32, 33, 34, 35, 36, 37, 17, 18, 19, 20, 17, 38, 42, 43, 44, 45, 46, 13, 47, 50, 17, 18, 19, 20, 17, 51, 32, 33, 34, 35, 36, 37, 17, 18, 19, 20, 17, 38, 42, 43, 44, 45, 51, 32, 33, 34, 35, 36, 37, 17, 18, 19, 20, 17, 38, 42, 43, 44, 45, 46, 13, 47, 50, 17, 18, 19, 20, 17, 51, 32, 33, 34, 35, 36, 37, 17, 18, 19, 20, 17, 38, 42, 43, 44, 45, 46, 13, 47, 50, 17, 18, 19, 20, 17, 51, 32, 33, 34, 35, 36, 37, 17, 18, 19, 20, 17, 38, 42, 43, 44, 45, 46, 13, 47, 50, 17, 18, 19, 20, 17, 51, 32, 33, 34, 35, 36, 37, 17, 18, 19, 20, 17, 38, 42, 43, 44, 45, 46, 13, 47, 48, 17, 18, 19, 20, 17, 51, 32, 33, 34, 35, 36, 37, 17, 18, 19, 20, 17, 38, 42, 43, 44, 45, 46, 13, 47, 50, 17, 18, 19, 20, 17, 51, 32, 33, 34, 35, 38, 42, 43, 44, 45, 46, 13, 47, 50, 17, 18, 19, 20, 17, 51, 32, 33, 34, 35, 36, 37, 17, 18, 19, 20, 17, 38, 42, 43, 44, 45, 51, 32, 33, 34, 35, 38, 42, 43, 44, 45, 46, 13, 47, 50, 17, 18, 19, 20, 17, 51, 32, 33, 34, 35, 36, 37, 17, 18, 19, 20, 17, 38, 42, 43, 44, 45, 46, 13, 47, 50, 17, 18, 19, 20, 17, 51, 32, 33, 34, 35, 36, 37, 17, 18, 19, 20, 17, 38, 42, 43, 44, 45, 46, 13, 47, 50, 17, 18, 19, 20, 17, 51, 32, 33, 34, 35, 36, 37, 17, 18, 19, 20, 17, 38, 42, 43, 44, 45, 46, 13, 47, 50, 17, 18, 19, 20, 17, 51, 32, 33, 34, 35, 36, 37, 17, 18, 19, 20, 17, 38, 42, 43, 44, 45, 46, 13, 47, 50, 17, 18, 19, 20, 17, 51, 32, 33, 34, 35, 36, 37, 17, 18, 19, 20, 17, 38, 42, 43, 44, 45, 46, 13, 47, 48, 17, 18, 19, 20, 17, 51, 32, 33, 34, 35, 36, 37, 17, 18, 19, 20, 17, 38, 42, 43, 44, 45, 46, 13, 47, 48, 17, 18, 19, 20, 17, 51, 32, 33, 34, 35, 36, 37, 17, 18, 19, 20, 17, 38, 42, 43, 44, 45, 46, 13, 47, 50, 17, 18, 19, 20, 17, 51, 32, 33, 34, 35, 36, 37, 17, 18, 19, 20, 17, 38, 42, 43, 44, 45, 46, 13, 47, 48, 17, 18, 19, 20, 17, 51, 32, 33, 34, 35, 36, 37, 17, 18, 19, 20, 17, 38, 42, 43, 44, 45, 46, 13, 47, 48, 17, 18, 19, 20, 17, 51, 32, 33, 34, 35, 36, 37, 17, 18, 19, 20, 17, 38, 42, 43, 44, 45, 46, 13, 47, 50, 17, 18, 19, 20, 17, 51, 32, 33, 34, 35, 36, 37, 17, 18, 19, 20, 17, 38, 42, 43, 44, 45, 46, 13, 47, 48, 17, 18, 19, 20, 17, 51, 32, 33, 34, 35, 36, 37, 17, 18, 19, 20, 17, 38, 42, 43, 44, 45, 46, 13, 47, 50, 17, 18, 19, 20, 17, 51, 32, 33, 34, 35, 36, 37, 17, 18, 19, 20, 17, 38, 42, 43, 44, 45, 46, 13, 47, 50, 17, 18, 19, 20, 17, 51, 32, 33, 34, 35, 36, 37, 17, 18, 19, 20, 17, 38, 42, 43, 44, 45, 46, 13, 47, 50, 17, 18, 19, 20, 17, 51, 32, 33, 34, 35, 36, 37, 17, 18, 19, 20, 17, 38, 42, 43, 44, 45, 46, 13, 47, 50, 17, 18, 19, 20, 17, 51, 32, 33, 34, 35, 36, 37, 17, 18, 19, 20, 17, 38, 42, 43, 44, 45, 46, 13, 47, 48, 17, 18, 19, 20, 17, 51, 32, 33, 34, 35, 36, 37, 17, 18, 19, 20, 17, 38, 42, 43, 44, 45, 46, 13, 47, 48, 17, 18, 19, 20, 17, 51, 32, 33, 34, 35, 36, 37, 17, 18, 19, 20, 17, 38, 42, 43, 44, 45, 46, 13, 47, 48, 17, 18, 19, 20, 17, 51, 32, 33, 34, 35, 36, 37, 17, 18, 19, 20, 17, 38, 42, 43, 44, 45, 46, 13, 47, 50, 17, 18, 19, 20, 17, 51, 32, 33, 34, 35, 36, 37, 17, 18, 19, 20, 17, 38, 42, 43, 44, 45, 46, 13, 47, 48, 17, 18, 19, 20, 17, 51, 32, 33, 34, 35, 36, 37, 17, 18, 19, 20, 17, 38, 42, 43, 44, 45, 46, 13, 47, 48, 17, 18, 19, 20, 17, 51, 32, 33, 34, 35, 36, 37, 17, 18, 19, 20, 17, 38, 42, 43, 44, 45, 46, 13, 47, 48, 17, 18, 19, 20, 17, 51, 32, 33, 34, 35, 36, 37, 17, 18, 19, 20, 17, 38, 42, 43, 44, 45, 46, 13, 47, 50, 17, 18, 19, 20, 17, 51, 32, 33, 34, 35, 36, 37, 17, 18, 19, 20, 17, 38, 42, 43, 44, 45, 46, 13, 47, 48, 17, 18, 19, 20, 17, 51, 32, 33, 34, 35, 36, 37, 17, 18, 19, 20, 17, 38, 42, 43, 44, 45, 46, 13, 47, 50, 17, 18, 19, 20, 17, 51, 32, 33, 34, 35, 36, 37, 17, 18, 19, 20, 17, 38, 42, 43, 44, 45, 46, 13, 47, 48, 17, 18, 19, 20, 17, 51, 32, 33, 34, 35, 36, 37, 17, 18, 19, 20, 17, 38, 42, 43, 44, 45, 46, 13, 47, 48, 17, 18, 19, 20, 17, 51, 32, 33, 34, 35, 36, 37, 17, 18, 19, 20, 17, 38, 42, 43, 44, 45, 46, 13, 47, 50, 17, 18, 19, 20, 17, 51, 32, 33, 34, 35, 36, 37, 17, 18, 19, 20, 17, 38, 42, 43, 44, 45, 46, 13, 47, 48, 17, 18, 19, 20, 17, 51, 32, 33, 34, 35, 36, 37, 17, 18, 19, 20, 17, 38, 42, 43, 44, 45, 46, 13, 47, 50, 17, 18, 19, 20, 17, 51, 32, 33, 34, 35, 36, 37, 17, 18, 19, 20, 17, 38, 42, 43, 44, 45, 46, 13, 47, 48, 17, 18, 19, 20, 17, 51, 32, 33, 34, 35, 36, 37, 17, 18, 19, 20, 17, 38, 42, 43, 44, 45, 46, 13, 47, 48, 17, 18, 19, 20, 17, 51, 32, 33, 34, 35, 36, 37, 17, 18, 19, 20, 17, 38, 42, 43, 44, 45, 46, 13, 47, 50, 17, 18, 19, 20, 17, 51, 32, 33, 34, 35, 36, 37, 17, 18, 19, 20, 17, 38, 42, 43, 44, 45, 46, 13, 47, 48, 17, 18, 19, 20, 17, 51, 32, 33, 34, 35, 36, 37, 17, 18, 19, 20, 17, 38, 42, 43, 44, 45, 46, 13, 47, 48, 17, 18, 19, 20, 17, 51, 32, 33, 34, 35, 36, 37, 17, 18, 19, 20, 17, 38, 42, 43, 44, 45, 46, 13, 47, 48, 17, 18, 19, 20, 17, 51, 32, 33, 34, 35, 36, 37, 17, 18, 19, 20, 17, 38, 42, 43, 44, 45, 46, 13, 47, 48, 17, 18, 19, 20, 17, 51, 32, 33, 34, 35, 36, 37, 17, 18, 19, 20, 17, 38, 42, 43, 44, 45, 46, 13, 47, 48, 17, 18, 19, 20, 17, 51, 32, 33, 34, 35, 36, 37, 17, 18, 19, 20, 17, 38, 42, 43, 44, 45, 46, 13, 47, 50, 17, 18, 19, 20, 17, 51, 32, 33, 34, 35, 36, 37, 17, 18, 19, 20, 17, 38, 42, 43, 44, 45, 46, 13, 47, 48, 17, 18, 19, 20, 17, 51, 32, 33, 34, 35, 36, 37, 17, 18, 19, 20, 17, 38, 42, 43, 44, 45, 51, 32, 33, 34, 35, 36, 37, 17, 18, 19, 20, 17, 38, 42, 43, 44, 45, 46, 13, 47, 48, 17, 18, 19, 20, 17, 51, 32, 33, 34, 35, 36, 37, 17, 18, 19, 20, 17, 38, 42, 43, 44, 45, 46, 13, 47, 48, 17, 18, 19, 20, 17, 51, 32, 33, 34, 35, 36, 37, 17, 18, 19, 20, 17, 38, 42, 43, 44, 45, 46, 13, 47, 50, 17, 18, 19, 20, 17, 51, 32, 33, 34, 35, 36, 37, 17, 18, 19, 20, 17, 38, 42, 43, 44, 45, 46, 13, 47, 48, 17, 18, 19, 20, 17, 51, 32, 33, 34, 35, 38, 42, 43, 44, 45, 46, 13, 47, 48, 17, 18, 19, 20, 17, 51, 32, 33, 34, 35, 36, 37, 17, 18, 19, 20, 17, 38, 42, 43, 44, 45, 46, 13, 47, 48, 17, 18, 19, 20, 17, 51, 32, 33, 34, 35, 36, 37, 17, 18, 19, 20, 17, 38, 42, 43, 44, 45, 51, 32, 33, 34, 35, 36, 37, 17, 18, 19, 20, 17, 38, 42, 43, 44, 45, 46, 13, 47, 48, 17, 18, 19, 20, 17, 51, 32, 33, 34, 35, 36, 37, 17, 18, 19, 20, 17, 38, 42, 43, 44, 45, 46, 13, 47, 50, 17, 18, 19, 20, 17, 51, 32, 33, 34, 35, 36, 37, 17, 18, 19, 20, 17, 38, 42, 43, 44, 45, 46, 13, 47, 48, 17, 18, 19, 20, 17, 51, 32, 33, 34, 35, 36, 37, 17, 18, 19, 20, 17, 38, 42, 43, 44, 45, 46, 13, 47, 50, 17, 18, 19, 20, 17, 51, 32, 33, 34, 35, 36, 37, 17, 18, 19, 20, 17, 38, 42, 43, 44, 45, 46, 13, 47, 48, 17, 18, 19, 20, 17, 51, 32, 33, 34, 35, 38, 42, 43, 44, 45, 46, 13, 47, 48, 17, 18, 19, 20, 17, 51, 32, 33, 34, 35, 36, 37, 17, 18, 19, 20, 17, 38, 42, 43, 44, 45, 46, 13, 47, 50, 17, 18, 19, 20, 17, 51, 32, 33, 34, 35, 36, 37, 17, 18, 19, 20, 17, 38, 42, 43, 44, 45, 51, 32, 33, 34, 35, 36, 37, 17, 18, 19, 20, 17, 38, 42, 43, 44, 45, 46, 13, 47, 48, 17, 18, 19, 20, 17, 51, 32, 33, 34, 35, 36, 37, 17, 18, 19, 20, 17, 38, 42, 43, 44, 45, 51, 32, 33, 34, 35, 36, 37, 17, 18, 19, 20, 17, 38, 42, 43, 44, 45, 46, 13, 47, 48, 17, 18, 19, 20, 17, 51, 32, 33, 34, 35, 36, 37, 17, 18, 19, 20, 17, 38, 42, 43, 44, 45, 46, 13, 47, 48, 17, 18, 19, 20, 17, 51, 32, 33, 34, 35, 38, 42, 43, 44, 45, 46, 13, 47, 48, 17, 18, 19, 20, 17, 51, 32, 33, 34, 35, 36, 37, 17, 18, 19, 20, 17, 38, 42, 43, 44, 45, 46, 13, 47, 48, 17, 18, 19, 20, 17, 51, 32, 33, 34, 35, 36, 37, 17, 18, 19, 20, 17, 38, 42, 43, 44, 45, 46, 13, 47, 48, 17, 18, 19, 20, 17, 51, 32, 33, 34, 35, 36, 37, 17, 18, 19, 20, 17, 38, 42, 43, 44, 45, 46, 13, 47, 50, 17, 18, 19, 20, 17, 51, 32, 33, 34, 35, 36, 37, 17, 18, 19, 20, 17, 38, 42, 43, 44, 45, 46, 13, 47, 50, 17, 18, 19, 20, 17, 51, 32, 33, 34, 35, 36, 37, 17, 18, 19, 20, 17, 38, 42, 43, 44, 45, 51, 32, 33, 34, 35, 36, 37, 17, 18, 19, 20, 17, 38, 42, 43, 44, 45, 46, 13, 47, 48, 17, 18, 19, 20, 17, 51, 32, 33, 34, 35, 36, 37, 17, 18, 19, 20, 17, 38, 42, 43, 44, 45, 46, 13, 47, 48, 17, 18, 19, 20, 17, 51, 32, 33, 34, 35, 36, 37, 17, 18, 19, 20, 17, 38, 42, 43, 44, 45, 46, 13, 47, 50, 17, 18, 19, 20, 17, 51, 32, 33, 34, 35, 36, 37, 17, 18, 19, 20, 17, 38, 42, 43, 44, 45, 46, 13, 47, 50, 17, 18, 19, 20, 17, 51, 32, 33, 34, 35, 36, 37, 17, 18, 19, 20, 17, 38, 42, 43, 44, 45, 46, 13, 47, 50, 17, 18, 19, 20, 17, 51, 32, 33, 34, 35, 36, 37, 17, 18, 19, 20, 17, 38, 42, 43, 44, 45, 46, 13, 47, 48, 17, 18, 19, 20, 17, 51, 32, 33, 34, 35, 36, 37, 17, 18, 19, 20, 17, 38, 42, 43, 44, 45, 46, 13, 47, 48, 17, 18, 19, 20, 17, 51, 32, 33, 34, 35, 36, 37, 17, 18, 19, 20, 17, 38, 82, 79, 80, 54, 24, 25, 26, 27, 26, 25, 26, 27, 26, 25, 26, 27, 26, 25, 26, 27, 26, 25, 26, 27, 26, 25, 26, 27, 26, 25, 26, 27, 26, 25, 26, 27, 26, 25, 26, 27, 26, 25, 26, 27, 26, 25, 26, 27, 26, 25, 26, 27, 26, 25, 26, 27, 26, 25, 26, 27, 26, 25, 26, 27, 26, 25, 28, 55, 56, 55, 56, 55, 56, 55, 56, 55, 56, 55, 56, 55, 56, 55, 56, 55, 56, 55, 56, 55, 56, 55, 56, 55, 56, 55, 56, 55, 56, 55, 57, 81, 42, 43, 44, 45, 46, 13, 47, 48, 17, 18, 19, 20, 17, 51, 32, 33, 34, 35, 36, 37, 17, 18, 19, 20, 17, 38, 42, 43, 44, 45, 46, 13, 47, 48, 17, 18, 19, 20, 17, 51, 32, 33, 34, 35, 36, 37, 17, 18, 19, 20, 17, 38, 42, 43, 44, 45, 46, 13, 47, 48, 17, 18, 19, 20, 17, 51, 32, 33, 34, 35, 36, 37, 17, 18, 19, 20, 17, 38, 42, 43, 44, 45, 46, 13, 47, 50, 17, 18, 19, 20, 17, 51, 32, 33, 34, 35, 36, 37, 17, 18, 19, 20, 17, 38, 42, 43, 44, 45, 46, 13, 47, 50, 17, 18, 19, 20, 17, 51, 32, 33, 34, 35, 36, 37, 17, 18, 19, 20, 17, 38, 42, 43, 44, 45, 46, 13, 47, 50, 17, 18, 19, 20, 17, 51, 32, 33, 34, 35, 36, 37, 17, 18, 19, 20, 17, 38, 42, 43, 44, 45, 46, 13, 47, 48, 17, 18, 19, 20, 17, 51, 32, 33, 34, 35, 36, 37, 17, 18, 19, 20, 17, 38, 42, 43, 44, 45, 51, 32, 33, 34, 35, 36, 37, 17, 18, 19, 20, 17, 38, 42, 43, 44, 45, 46, 13, 47, 48, 17, 18, 19, 20, 17, 51, 32, 33, 34, 35, 36, 37, 17, 18, 19, 20, 17, 38, 42, 43, 44, 45, 46, 13, 47, 48, 17, 18, 19, 20, 17, 51, 32, 33, 34, 35, 38, 42, 43, 44, 45, 46, 13, 47, 48, 17, 18, 19, 20, 17, 51, 32, 33, 34, 35, 36, 37, 17, 18, 19, 20, 17, 38, 42, 43, 44, 45, 46, 13, 47, 48, 17, 18, 19, 20, 17, 51, 32, 33, 34, 35, 36, 37, 17, 18, 19, 20, 17, 38, 42, 43, 44, 45, 46, 13, 47, 48, 17, 18, 19, 20, 17, 51, 32, 33, 34, 35, 36, 37, 17, 18, 19, 20, 17, 38, 42, 43, 44, 45, 46, 13, 47, 48, 17, 18, 19, 20, 17, 51, 32, 33, 34, 35, 36, 37, 17, 18, 19, 20, 17, 38, 42, 43, 44, 45, 51, 32, 33, 34, 35, 38, 42, 43, 44, 45, 46, 13, 47, 50, 17, 18, 19, 20, 17, 51, 32, 33, 34, 35, 36, 37, 17, 18, 19, 20, 17, 38, 42, 43, 44, 45, 46, 13, 47, 48, 17, 18, 19, 20, 17, 51, 32, 33, 34, 35, 38, 32, 33, 34, 35, 36, 37, 17, 18, 19, 20, 17, 38, 42, 43, 44, 45, 51, 32, 33, 34, 35, 36, 37, 17, 18, 19, 20, 17, 38, 42, 43, 44, 45, 46, 13, 47, 48, 17, 18, 19, 20, 17, 51, 32, 33, 34, 35, 36, 37, 17, 18, 19, 20, 17, 38, 42, 43, 44, 45, 46, 13, 47, 48, 17, 18, 19, 20, 17, 51, 32, 33, 34, 35, 36, 37, 17, 18, 19, 20, 17, 38, 42, 43, 44, 45, 46, 13, 47, 48, 17, 18, 19, 20, 17, 51, 32, 33, 34, 35, 36, 37, 17, 18, 19, 20, 17, 38, 42, 43, 44, 45, 46, 13, 47, 48, 17, 18, 19, 20, 17, 51, 32, 33, 34, 35, 36, 37, 17, 18, 19, 20, 17, 38, 42, 43, 44, 45, 46, 13, 47, 48, 17, 18, 19, 20, 17, 51, 32, 33, 34, 35, 36, 37, 17, 18, 19, 20, 17, 38, 42, 43, 44, 45, 46, 13, 47, 50, 17, 18, 19, 20, 17, 51, 32, 33, 34, 35, 36, 37, 17, 18, 19, 20, 17, 38, 42, 43, 44, 45, 46, 13, 47, 50, 17, 18, 19, 20, 17, 51, 32, 33, 34, 35, 36, 37, 17, 18, 19, 20, 17, 38, 42, 43, 44, 45, 46, 13, 47, 48, 17, 18, 19, 20, 17, 51, 32, 33, 34, 35, 36, 37, 17, 18, 19, 20, 17, 38, 42, 43, 44, 45, 46, 13, 47, 48, 17, 18, 19, 20, 17, 51, 32, 33, 34, 35, 36, 37, 17, 18, 19, 20, 17, 38, 42, 43, 44, 45, 46, 13, 47, 50, 17, 18, 19, 20, 17, 51, 32, 33, 34, 35, 36, 37, 17, 18, 19, 20, 17, 38, 42, 43, 44, 45, 46, 13, 47, 48, 17, 18, 19, 20, 17, 51, 32, 33, 34, 35, 36, 37, 17, 18, 19, 20, 17, 38, 42, 43, 44, 45, 46, 13, 47, 50, 17, 18, 19, 20, 17, 51, 32, 33, 34, 35, 36, 37, 17, 18, 19, 20, 17, 38, 42, 43, 44, 45, 46, 13, 47, 50, 17, 18, 19, 20, 17, 51, 32, 33, 34, 35, 36, 37, 17, 18, 19, 20, 17, 38, 42, 43, 44, 45, 46, 13, 47, 48, 17, 18, 19, 20, 17, 51, 32, 33, 34, 35, 36, 37, 17, 18, 19, 20, 17, 38, 42, 43, 44, 45, 46, 13, 47, 48, 17, 18, 19, 20, 17, 51, 32, 33, 34, 35, 38, 42, 43, 44, 45, 46, 13, 47, 50, 17, 18, 19, 20, 17, 51, 32, 33, 34, 35, 36, 37, 17, 18, 19, 20, 17, 38, 42, 43, 44, 45, 46, 13, 47, 48, 17, 18, 19, 20, 17, 51, 32, 33, 34, 35, 36, 37, 17, 18, 19, 20, 17, 38, 42, 43, 44, 45, 46, 13, 47, 50, 17, 18, 19, 20, 17, 51, 32, 33, 34, 35, 36, 37, 17, 18, 19, 20, 17, 38, 42, 43, 44, 45, 46, 13, 47, 50, 17, 18, 19, 20, 17, 51, 32, 33, 34, 35, 36, 37, 17, 18, 19, 20, 17, 38, 42, 43, 44, 45, 46, 13, 47, 50, 17, 18, 19, 20, 17, 51, 32, 33, 34, 35, 36, 37, 17, 18, 19, 20, 17, 38, 42, 43, 44, 45, 46, 13, 47, 48, 17, 18, 19, 20, 17, 51, 32, 33, 34, 35, 36, 37, 17, 18, 19, 20, 17, 38, 42, 43, 44, 45, 46, 13, 47, 50, 17, 18, 19, 20, 17, 51, 32, 33, 34, 35, 36, 37, 17, 18, 19, 20, 17, 38, 42, 43, 44, 45, 46, 13, 47, 48, 17, 18, 19, 20, 17, 51, 32, 33, 34, 35, 36, 37, 17, 18, 19, 20, 17, 38, 42, 43, 44, 45, 46, 13, 47, 48, 17, 18, 19, 20, 17, 51, 32, 33, 34, 35, 38, 42, 43, 44, 45, 51, 32, 33, 34, 35, 36, 37, 17, 18, 19, 20, 17, 38, 42, 43, 44, 45, 51, 32, 33, 34, 35, 36, 37, 17, 18, 19, 20, 17, 38, 42, 43, 44, 45, 46, 13, 47, 48, 17, 18, 19, 20, 17, 51, 32, 33, 34, 35, 36, 37, 17, 18, 19, 20, 17, 38, 42, 43, 44, 45, 46, 13, 47, 48, 17, 18, 19, 20, 17, 51, 32, 33, 34, 35, 36, 37, 17, 18, 19, 20, 17, 38, 42, 43, 44, 45, 46, 13, 47, 50, 17, 18, 19, 20, 17, 51, 32, 33, 34, 35, 38, 42, 43, 44, 45, 46, 13, 47, 48, 17, 18, 19, 20, 17, 51, 32, 33, 34, 35, 36, 37, 17, 18, 19, 20, 17, 38, 42, 43, 44, 45, 46, 13, 47, 50, 17, 18, 19, 20, 17, 51, 32, 33, 34, 35, 38, 42, 43, 44, 45, 46, 13, 47, 48, 17, 18, 19, 20, 17, 51, 32, 33, 34, 35, 36, 37, 17, 18, 19, 20, 17, 38, 42, 43, 44, 45, 46, 13, 47, 48, 17, 18, 19, 20, 17, 51, 32, 33, 34, 35, 36, 37, 17, 18, 19, 20, 17, 38, 42, 43, 44, 45, 46, 13, 47, 48, 17, 18, 19, 20, 17, 51, 32, 33, 34, 35, 36, 37, 17, 18, 19, 20, 17, 38, 42, 43, 44, 45, 46, 13, 47, 48, 17, 18, 19, 20, 17, 51, 32, 33, 34, 35, 36, 37, 17, 18, 19, 20, 17, 38, 42, 43, 44, 45, 46, 13, 47, 48, 17, 18, 19, 20, 17, 51, 32, 33, 34, 35, 36, 37, 17, 18, 19, 20, 17, 38, 42, 43, 44, 45, 51, 32, 33, 34, 35, 36, 37, 17, 18, 19, 20, 17, 38, 42, 43, 44, 45, 46, 13, 47, 50, 17, 18, 19, 20, 17, 51, 32, 33, 34, 35, 36, 37, 17, 18, 19, 20, 17, 38, 42, 43, 44, 45, 46, 13, 47, 50, 17, 18, 19, 20, 17, 51, 32, 33, 34, 35, 36, 37, 17, 18, 19, 20, 17, 38, 42, 43, 44, 45, 46, 13, 47, 48, 17, 18, 19, 20, 17, 51, 32, 33, 34, 35, 36, 37, 17, 18, 19, 20, 17, 38, 42, 43, 44, 45, 46, 13, 47, 50, 17, 18, 19, 20, 17, 51, 32, 33, 34, 35, 36, 37, 17, 18, 19, 20, 17, 38, 42, 43, 44, 45, 46, 13, 47, 50, 17, 18, 19, 20, 17, 51, 32, 33, 34, 35, 36, 37, 17, 18, 19, 20, 17, 38, 42, 43, 44, 45, 46, 13, 47, 50, 17, 18, 19, 20, 17, 51, 32, 33, 34, 35, 36, 37, 17, 18, 19, 20, 17, 38, 42, 43, 44, 45, 46, 13, 47, 50, 17, 18, 19, 20, 17, 51, 32, 33, 34, 35, 36, 37, 17, 18, 19, 20, 17, 38, 42, 43, 44, 45, 46, 13, 47, 50, 17, 18, 19, 20, 17, 51, 32, 33, 34, 35, 36, 37, 17, 18, 19, 20, 17, 38, 42, 43, 44, 45, 46, 13, 47, 48, 17, 18, 19, 20, 17, 51, 32, 33, 34, 35, 38, 42, 43, 44, 45, 46, 13, 47, 48, 17, 18, 19, 20, 17, 51, 32, 33, 34, 35, 36, 37, 17, 18, 19, 20, 17, 38, 42, 43, 44, 45, 46, 13, 47, 48, 17, 18, 19, 20, 17, 51, 32, 33, 34, 35, 36, 37, 17, 18, 19, 20, 17, 38, 42, 43, 44, 45, 46, 13, 47, 50, 17, 18, 19, 20, 17, 51, 32, 33, 34, 35, 36, 37, 17, 18, 19, 20, 17, 38, 42, 43, 44, 45, 46, 13, 47, 48, 17, 18, 19, 20, 17, 51, 32, 33, 34, 35, 36, 37, 17, 18, 19, 20, 17, 38, 42, 43, 44, 45, 46, 13, 47, 48, 17, 18, 19, 20, 17, 51, 32, 33, 34, 35, 36, 37, 17, 18, 19, 20, 17, 38, 42, 43, 44, 45, 46, 13, 47, 50, 17, 18, 19, 20, 17, 51, 32, 33, 34, 35, 36, 37, 17, 18, 19, 20, 17, 38, 42, 43, 44, 45, 46, 13, 47, 50, 17, 18, 19, 20, 17, 51, 32, 33, 34, 35, 36, 37, 17, 18, 19, 20, 17, 38, 42, 43, 44, 45, 46, 13, 47, 48, 17, 18, 19, 20, 17, 51, 32, 33, 34, 35, 36, 37, 17, 18, 19, 20, 17, 38, 42, 43, 44, 45, 46, 13, 47, 48, 17, 18, 19, 20, 17, 51, 32, 33, 34, 35, 36, 37, 17, 18, 19, 20, 17, 38, 42, 43, 44, 45, 46, 13, 47, 50, 17, 18, 19, 20, 17, 51, 32, 33, 34, 35, 36, 37, 17, 18, 19, 20, 17, 38, 42, 43, 44, 45, 46, 13, 47, 50, 17, 18, 19, 20, 17, 51, 32, 33, 34, 35, 36, 37, 17, 18, 19, 20, 17, 38, 42, 43, 44, 45, 46, 13, 47, 50, 17, 18, 19, 20, 17, 51, 32, 33, 34, 35, 36, 37, 17, 18, 19, 20, 17, 38, 42, 43, 44, 45, 51, 42, 43, 44, 45, 46, 13, 47, 50, 17, 18, 19, 20, 17, 51, 32, 33, 34, 35, 36, 37, 17, 18, 19, 20, 17, 38, 32, 33, 34, 35, 36, 37, 17, 18, 19, 20, 17, 38, 42, 43, 44, 45, 46, 13, 47, 48, 17, 18, 19, 20, 17, 51, 42, 43, 44, 45, 46, 13, 47, 50, 17, 18, 19, 20, 17, 51, 32, 33, 34, 35, 36, 37, 17, 18, 19, 20, 17, 38, 42, 43, 44, 45, 46, 13, 47, 50, 17, 18, 19, 20, 17, 51, 32, 33, 34, 35, 36, 37, 17, 18, 19, 20, 17, 38, 42, 43, 44, 45, 46, 13, 47, 48, 17, 18, 19, 20, 17, 51, 32, 33, 34, 35, 36, 37, 17, 18, 19, 20, 17, 38, 42, 43, 44, 45, 51, 32, 33, 34, 35, 36, 37, 17, 18, 19, 20, 17, 38, 42, 43, 44, 45, 46, 13, 47, 48, 17, 18, 19, 20, 17, 51, 32, 33, 34, 35, 36, 37, 17, 18, 19, 20, 17, 38, 42, 43, 44, 45, 46, 13, 47, 50, 17, 18, 19, 20, 17, 51, 32, 33, 34, 35, 36, 37, 17, 18, 19, 20, 17, 38, 42, 43, 44, 45, 51, 32, 33, 34, 35, 36, 37, 17, 18, 19, 20, 17, 38, 42, 43, 44, 45, 51, 32, 33, 34, 35, 36, 37, 17, 18, 19, 20, 17, 38, 42, 43, 44, 45, 46, 13, 47, 50, 17, 18, 19, 20, 17, 51, 32, 33, 34, 35, 36, 37, 17, 18, 19, 20, 17, 38, 42, 43, 44, 45, 46, 13, 47, 48, 17, 18, 19, 20, 17, 51, 32, 33, 34, 35, 36, 37, 17, 18, 19, 20, 17, 38, 42, 43, 44, 45, 46, 13, 47, 48, 17, 18, 19, 20, 17, 51, 32, 33, 34, 35, 36, 37, 17, 18, 19, 20, 17, 38, 42, 43, 44, 45, 46, 13, 47, 48, 17, 18, 19, 20, 17, 51, 32, 33, 34, 35, 38, 32, 33, 34, 35, 36, 37, 17, 18, 19, 20, 17, 38, 42, 43, 44, 45, 46, 13, 47, 50, 17, 18, 19, 20, 17, 51, 32, 33, 34, 35, 36, 37, 17, 18, 19, 20, 17, 38, 42, 43, 44, 45, 46, 13, 47, 50, 17, 18, 19, 20, 17, 51, 32, 33, 34, 35, 36, 37, 17, 18, 19, 20, 17, 38, 42, 43, 44, 45, 46, 13, 47, 48, 17, 18, 19, 20, 17, 51, 32, 33, 34, 35, 36, 37, 17, 18, 19, 20, 17, 38, 42, 43, 44, 45, 46, 13, 47, 48, 17, 18, 19, 20, 17, 51, 32, 33, 34, 35, 36, 37, 17, 18, 19, 20, 17, 38, 42, 43, 44, 45, 46, 13, 47, 50, 17, 18, 19, 20, 17, 51, 82, 79, 80, 54, 24, 25, 26, 27, 26, 25, 26, 27, 26, 25, 26, 27, 26, 25, 26, 27, 26, 25, 26, 27, 26, 25, 26, 27, 26, 25, 26, 27, 26, 25, 26, 27, 26, 25, 26, 27, 26, 25, 26, 27, 26, 25, 26, 27, 26, 25, 26, 27, 26, 25, 26, 27, 26, 25, 26, 27, 26, 25, 26, 27, 26, 25, 28, 55, 56, 55, 56, 55, 56, 55, 56, 55, 56, 55, 56, 55, 56, 55, 56, 55, 56, 55, 56, 55, 56, 55, 56, 55, 56, 55, 56, 55, 56, 55, 57, 81, 32, 33, 34, 35, 38, 42, 43, 44, 45, 46, 13, 47, 50, 17, 18, 19, 20, 17, 51, 32, 33, 34, 35, 36, 37, 17, 18, 19, 20, 17, 38, 42, 43, 44, 45, 46, 13, 47, 48, 17, 18, 19, 20, 17, 51, 32, 33, 34, 35, 36, 37, 17, 18, 19, 20, 17, 38, 42, 43, 44, 45, 46, 13, 47, 48, 17, 18, 19, 20, 17, 51, 32, 33, 34, 35, 36, 37, 17, 18, 19, 20, 17, 38, 42, 43, 44, 45, 46, 13, 47, 48, 17, 18, 19, 20, 17, 51, 32, 33, 34, 35, 36, 37, 17, 18, 19, 20, 17, 38, 42, 43, 44, 45, 46, 13, 47, 50, 17, 18, 19, 20, 17, 51, 42, 43, 44, 45, 46, 13, 47, 48, 17, 18, 19, 20, 17, 51, 32, 33, 34, 35, 36, 37, 17, 18, 19, 20, 17, 38, 42, 43, 44, 45, 46, 13, 47, 50, 17, 18, 19, 20, 17, 51, 32, 33, 34, 35, 36, 37, 17, 18, 19, 20, 17, 38, 42, 43, 44, 45, 46, 13, 47, 48, 17, 18, 19, 20, 17, 51, 32, 33, 34, 35, 36, 37, 17, 18, 19, 20, 17, 38, 42, 43, 44, 45, 46, 13, 47, 50, 17, 18, 19, 20, 17, 51, 32, 33, 34, 35, 38, 42, 43, 44, 45, 46, 13, 47, 48, 17, 18, 19, 20, 17, 51, 32, 33, 34, 35, 36, 37, 17, 18, 19, 20, 17, 38, 42, 43, 44, 45, 46, 13, 47, 50, 17, 18, 19, 20, 17, 51, 32, 33, 34, 35, 38, 42, 43, 44, 45, 46, 13, 47, 50, 17, 18, 19, 20, 17, 51, 32, 33, 34, 35, 36, 37, 17, 18, 19, 20, 17, 38, 42, 43, 44, 45, 46, 13, 47, 48, 17, 18, 19, 20, 17, 51, 32, 33, 34, 35, 36, 37, 17, 18, 19, 20, 17, 38, 42, 43, 44, 45, 46, 13, 47, 50, 17, 18, 19, 20, 17, 51, 32, 33, 34, 35, 36, 37, 17, 18, 19, 20, 17, 38, 42, 43, 44, 45, 46, 13, 47, 48, 17, 18, 19, 20, 17, 51, 32, 33, 34, 35, 36, 37, 17, 18, 19, 20, 17, 38, 42, 43, 44, 45, 46, 13, 47, 48, 17, 18, 19, 20, 17, 51, 32, 33, 34, 35, 36, 37, 17, 18, 19, 20, 17, 38, 42, 43, 44, 45, 46, 13, 47, 48, 17, 18, 19, 20, 17, 51, 32, 33, 34, 35, 36, 37, 17, 18, 19, 20, 17, 38, 42, 43, 44, 45, 46, 13, 47, 50, 17, 18, 19, 20, 17, 51, 32, 33, 34, 35, 38, 42, 43, 44, 45, 51, 32, 33, 34, 35, 36, 37, 17, 18, 19, 20, 17, 38, 42, 43, 44, 45, 46, 13, 47, 48, 17, 18, 19, 20, 17, 51, 32, 33, 34, 35, 36, 37, 17, 18, 19, 20, 17, 38, 42, 43, 44, 45, 46, 13, 47, 48, 17, 18, 19, 20, 17, 51, 32, 33, 34, 35, 36, 37, 17, 18, 19, 20, 17, 38, 42, 43, 44, 45, 51, 32, 33, 34, 35, 36, 37, 17, 18, 19, 20, 17, 38, 42, 43, 44, 45, 46, 13, 47, 50, 17, 18, 19, 20, 17, 51, 32, 33, 34, 35, 36, 37, 17, 18, 19, 20, 17, 38, 42, 43, 44, 45, 46, 13, 47, 48, 17, 18, 19, 20, 17, 51, 32, 33, 34, 35, 36, 37, 17, 18, 19, 20, 17, 38, 42, 43, 44, 45, 46, 13, 47, 50, 17, 18, 19, 20, 17, 51, 32, 33, 34, 35, 38, 42, 43, 44, 45, 46, 13, 47, 50, 17, 18, 19, 20, 17, 51, 32, 33, 34, 35, 36, 37, 17, 18, 19, 20, 17, 38, 42, 43, 44, 45, 46, 13, 47, 48, 17, 18, 19, 20, 17, 51, 32, 33, 34, 35, 36, 37, 17, 18, 19, 20, 17, 38, 42, 43, 44, 45, 46, 13, 47, 50, 17, 18, 19, 20, 17, 51, 32, 33, 34, 35, 36, 37, 17, 18, 19, 20, 17, 38, 42, 43, 44, 45, 46, 13, 47, 48, 17, 18, 19, 20, 17, 51, 32, 33, 34, 35, 38, 42, 43, 44, 45, 46, 13, 47, 50, 17, 18, 19, 20, 17, 51, 32, 33, 34, 35, 36, 37, 17, 18, 19, 20, 17, 38, 42, 43, 44, 45, 46, 13, 47, 48, 17, 18, 19, 20, 17, 51, 32, 33, 34, 35, 36, 37, 17, 18, 19, 20, 17, 38, 42, 43, 44, 45, 46, 13, 47, 50, 17, 18, 19, 20, 17, 51, 32, 33, 34, 35, 36, 37, 17, 18, 19, 20, 17, 38, 42, 43, 44, 45, 46, 13, 47, 48, 17, 18, 19, 20, 17, 51, 32, 33, 34, 35, 36, 37, 17, 18, 19, 20, 17, 38, 42, 43, 44, 45, 51, 32, 33, 34, 35, 36, 37, 17, 18, 19, 20, 17, 38, 42, 43, 44, 45, 46, 13, 47, 50, 17, 18, 19, 20, 17, 51, 32, 33, 34, 35, 36, 37, 17, 18, 19, 20, 17, 38, 42, 43, 44, 45, 46, 13, 47, 50, 17, 18, 19, 20, 17, 51, 32, 33, 34, 35, 36, 37, 17, 18, 19, 20, 17, 38, 42, 43, 44, 45, 46, 13, 47, 50, 17, 18, 19, 20, 17, 51, 32, 33, 34, 35, 36, 37, 17, 18, 19, 20, 17, 38, 42, 43, 44, 45, 46, 13, 47, 48, 17, 18, 19, 20, 17, 51, 32, 33, 34, 35, 36, 37, 17, 18, 19, 20, 17, 38, 42, 43, 44, 45, 46, 13, 47, 50, 17, 18, 19, 20, 17, 51, 32, 33, 34, 35, 36, 37, 17, 18, 19, 20, 17, 38, 42, 43, 44, 45, 46, 13, 47, 50, 17, 18, 19, 20, 17, 51, 32, 33, 34, 35, 36, 37, 17, 18, 19, 20, 17, 38, 42, 43, 44, 45, 46, 13, 47, 48, 17, 18, 19, 20, 17, 51, 32, 33, 34, 35, 36, 37, 17, 18, 19, 20, 17, 38, 42, 43, 44, 45, 46, 13, 47, 48, 17, 18, 19, 20, 17, 51, 32, 33, 34, 35, 36, 37, 17, 18, 19, 20, 17, 38, 42, 43, 44, 45, 46, 13, 47, 50, 17, 18, 19, 20, 17, 51, 32, 33, 34, 35, 36, 37, 17, 18, 19, 20, 17, 38, 42, 43, 44, 45, 46, 13, 47, 50, 17, 18, 19, 20, 17, 51, 32, 33, 34, 35, 36, 37, 17, 18, 19, 20, 17, 38, 42, 43, 44, 45, 46, 13, 47, 48, 17, 18, 19, 20, 17, 51, 32, 33, 34, 35, 36, 37, 17, 18, 19, 20, 17, 38, 42, 43, 44, 45, 46, 13, 47, 48, 17, 18, 19, 20, 17, 51, 32, 33, 34, 35, 36, 37, 17, 18, 19, 20, 17, 38, 42, 43, 44, 45, 46, 13, 47, 48, 17, 18, 19, 20, 17, 51, 32, 33, 34, 35, 36, 37, 17, 18, 19, 20, 17, 38, 42, 43, 44, 45, 46, 13, 47, 50, 17, 18, 19, 20, 17, 51, 32, 33, 34, 35, 36, 37, 17, 18, 19, 20, 17, 38, 42, 43, 44, 45, 46, 13, 47, 48, 17, 18, 19, 20, 17, 51, 32, 33, 34, 35, 36, 37, 17, 18, 19, 20, 17, 38, 42, 43, 44, 45, 46, 13, 47, 48, 17, 18, 19, 20, 17, 51, 32, 33, 34, 35, 36, 37, 17, 18, 19, 20, 17, 38, 42, 43, 44, 45, 46, 13, 47, 48, 17, 18, 19, 20, 17, 51, 32, 33, 34, 35, 36, 37, 17, 18, 19, 20, 17, 38, 42, 43, 44, 45, 46, 13, 47, 48, 17, 18, 19, 20, 17, 51, 32, 33, 34, 35, 36, 37, 17, 18, 19, 20, 17, 38, 42, 43, 44, 45, 46, 13, 47, 48, 17, 18, 19, 20, 17, 51, 32, 33, 34, 35, 36, 37, 17, 18, 19, 20, 17, 38, 32, 33, 34, 35, 36, 37, 17, 18, 19, 20, 17, 38, 42, 43, 44, 45, 46, 13, 47, 48, 17, 18, 19, 20, 17, 51, 32, 33, 34, 35, 36, 37, 17, 18, 19, 20, 17, 38, 42, 43, 44, 45, 51, 32, 33, 34, 35, 36, 37, 17, 18, 19, 20, 17, 38, 42, 43, 44, 45, 46, 13, 47, 50, 17, 18, 19, 20, 17, 51, 32, 33, 34, 35, 36, 37, 17, 18, 19, 20, 17, 38, 42, 43, 44, 45, 46, 13, 47, 50, 17, 18, 19, 20, 17, 51, 32, 33, 34, 35, 36, 37, 17, 18, 19, 20, 17, 38, 42, 43, 44, 45, 46, 13, 47, 48, 17, 18, 19, 20, 17, 51, 32, 33, 34, 35, 36, 37, 17, 18, 19, 20, 17, 38, 42, 43, 44, 45, 46, 13, 47, 48, 17, 18, 19, 20, 17, 51, 32, 33, 34, 35, 36, 37, 17, 18, 19, 20, 17, 38, 42, 43, 44, 45, 46, 13, 47, 50, 17, 18, 19, 20, 17, 51, 32, 33, 34, 35, 36, 37, 17, 18, 19, 20, 17, 38, 42, 43, 44, 45, 46, 13, 47, 50, 17, 18, 19, 20, 17, 51, 32, 33, 34, 35, 36, 37, 17, 18, 19, 20, 17, 38, 42, 43, 44, 45, 46, 13, 47, 50, 17, 18, 19, 20, 17, 51, 32, 33, 34, 35, 36, 37, 17, 18, 19, 20, 17, 38, 42, 43, 44, 45, 46, 13, 47, 50, 17, 18, 19, 20, 17, 51, 32, 33, 34, 35, 38, 42, 43, 44, 45, 46, 13, 47, 48, 17, 18, 19, 20, 17, 51, 32, 33, 34, 35, 36, 37, 17, 18, 19, 20, 17, 38, 42, 43, 44, 45, 51, 32, 33, 34, 35, 36, 37, 17, 18, 19, 20, 17, 38, 42, 43, 44, 45, 46, 13, 47, 48, 17, 18, 19, 20, 17, 51, 32, 33, 34, 35, 36, 37, 17, 18, 19, 20, 17, 38, 42, 43, 44, 45, 46, 13, 47, 48, 17, 18, 19, 20, 17, 51, 42, 43, 44, 45, 46, 13, 47, 50, 17, 18, 19, 20, 17, 51, 32, 33, 34, 35, 36, 37, 17, 18, 19, 20, 17, 38, 42, 43, 44, 45, 46, 13, 47, 48, 17, 18, 19, 20, 17, 51, 32, 33, 34, 35, 36, 37, 17, 18, 19, 20, 17, 38, 42, 43, 44, 45, 46, 13, 47, 50, 17, 18, 19, 20, 17, 51, 32, 33, 34, 35, 36, 37, 17, 18, 19, 20, 17, 38, 42, 43, 44, 45, 46, 13, 47, 50, 17, 18, 19, 20, 17, 51, 32, 33, 34, 35, 36, 37, 17, 18, 19, 20, 17, 38, 42, 43, 44, 45, 46, 13, 47, 50, 17, 18, 19, 20, 17, 51, 32, 33, 34, 35, 36, 37, 17, 18, 19, 20, 17, 38, 42, 43, 44, 45, 46, 13, 47, 50, 17, 18, 19, 20, 17, 51, 32, 33, 34, 35, 36, 37, 17, 18, 19, 20, 17, 38, 42, 43, 44, 45, 46, 13, 47, 50, 17, 18, 19, 20, 17, 51, 32, 33, 34, 35, 36, 37, 17, 18, 19, 20, 17, 38, 42, 43, 44, 45, 46, 13, 47, 50, 17, 18, 19, 20, 17, 51, 32, 33, 34, 35, 36, 37, 17, 18, 19, 20, 17, 38, 42, 43, 44, 45, 51, 32, 33, 34, 35, 36, 37, 17, 18, 19, 20, 17, 38, 42, 43, 44, 45, 46, 13, 47, 50, 17, 18, 19, 20, 17, 51, 32, 33, 34, 35, 36, 37, 17, 18, 19, 20, 17, 38, 32, 33, 34, 35, 36, 37, 17, 18, 19, 20, 17, 38, 42, 43, 44, 45, 46, 13, 47, 48, 17, 18, 19, 20, 17, 51, 32, 33, 34, 35, 36, 37, 17, 18, 19, 20, 17, 38, 42, 43, 44, 45, 46, 13, 47, 50, 17, 18, 19, 20, 17, 51, 32, 33, 34, 35, 36, 37, 17, 18, 19, 20, 17, 38, 42, 43, 44, 45, 46, 13, 47, 48, 17, 18, 19, 20, 17, 51, 32, 33, 34, 35, 36, 37, 17, 18, 19, 20, 17, 38, 42, 43, 44, 45, 46, 13, 47, 48, 17, 18, 19, 20, 17, 51, 32, 33, 34, 35, 36, 37, 17, 18, 19, 20, 17, 38, 42, 43, 44, 45, 46, 13, 47, 48, 17, 18, 19, 20, 17, 51, 32, 33, 34, 35, 36, 37, 17, 18, 19, 20, 17, 38, 42, 43, 44, 45, 46, 13, 47, 50, 17, 18, 19, 20, 17, 51, 32, 33, 34, 35, 36, 37, 17, 18, 19, 20, 17, 38, 42, 43, 44, 45, 46, 13, 47, 50, 17, 18, 19, 20, 17, 51, 32, 33, 34, 35, 36, 37, 17, 18, 19, 20, 17, 38, 42, 43, 44, 45, 46, 13, 47, 48, 17, 18, 19, 20, 17, 51, 32, 33, 34, 35, 36, 37, 17, 18, 19, 20, 17, 38, 42, 43, 44, 45, 46, 13, 47, 50, 17, 18, 19, 20, 17, 51, 32, 33, 34, 35, 36, 37, 17, 18, 19, 20, 17, 38, 42, 43, 44, 45, 46, 13, 47, 48, 17, 18, 19, 20, 17, 51, 32, 33, 34, 35, 36, 37, 17, 18, 19, 20, 17, 38, 42, 43, 44, 45, 51, 32, 33, 34, 35, 36, 37, 17, 18, 19, 20, 17, 38, 42, 43, 44, 45, 46, 13, 47, 48, 17, 18, 19, 20, 17, 51, 32, 33, 34, 35, 36, 37, 17, 18, 19, 20, 17, 38, 42, 43, 44, 45, 46, 13, 47, 50, 17, 18, 19, 20, 17, 51, 32, 33, 34, 35, 36, 37, 17, 18, 19, 20, 17, 38, 42, 43, 44, 45, 46, 13, 47, 48, 17, 18, 19, 20, 17, 51, 32, 33, 34, 35, 36, 37, 17, 18, 19, 20, 17, 38, 42, 43, 44, 45, 46, 13, 47, 48, 17, 18, 19, 20, 17, 51, 32, 33, 34, 35, 36, 37, 17, 18, 19, 20, 17, 38, 42, 43, 44, 45, 46, 13, 47, 50, 17, 18, 19, 20, 17, 51, 32, 33, 34, 35, 38, 42, 43, 44, 45, 46, 13, 47, 48, 17, 18, 19, 20, 17, 51, 32, 33, 34, 35, 36, 37, 17, 18, 19, 20, 17, 38, 42, 43, 44, 45, 46, 13, 47, 48, 17, 18, 19, 20, 17, 51, 82, 79, 80, 54, 24, 25, 26, 27, 26, 25, 26, 27, 26, 25, 26, 27, 26, 25, 26, 27, 26, 25, 26, 27, 26, 25, 26, 27, 26, 25, 26, 27, 26, 25, 26, 27, 26, 25, 26, 27, 26, 25, 26, 27, 26, 25, 26, 27, 26, 25, 26, 27, 26, 25, 26, 27, 26, 25, 26, 27, 26, 25, 26, 27, 26, 25, 28, 55, 56, 55, 56, 55, 56, 55, 56, 55, 56, 55, 56, 55, 56, 55, 56, 55, 56, 55, 56, 55, 56, 55, 56, 55, 56, 55, 56, 55, 56, 55, 57, 81, 32, 33, 34, 35, 36, 37, 17, 18, 19, 20, 17, 38, 42, 43, 44, 45, 46, 13, 47, 50, 17, 18, 19, 20, 17, 51, 32, 33, 34, 35, 36, 37, 17, 18, 19, 20, 17, 38, 42, 43, 44, 45, 51, 32, 33, 34, 35, 36, 37, 17, 18, 19, 20, 17, 38, 42, 43, 44, 45, 46, 13, 47, 48, 17, 18, 19, 20, 17, 51, 32, 33, 34, 35, 36, 37, 17, 18, 19, 20, 17, 38, 42, 43, 44, 45, 46, 13, 47, 48, 17, 18, 19, 20, 17, 51, 32, 33, 34, 35, 36, 37, 17, 18, 19, 20, 17, 38, 42, 43, 44, 45, 51, 42, 43, 44, 45, 46, 13, 47, 50, 17, 18, 19, 20, 17, 51, 32, 33, 34, 35, 36, 37, 17, 18, 19, 20, 17, 38, 42, 43, 44, 45, 46, 13, 47, 48, 17, 18, 19, 20, 17, 51, 32, 33, 34, 35, 36, 37, 17, 18, 19, 20, 17, 38, 42, 43, 44, 45, 46, 13, 47, 50, 17, 18, 19, 20, 17, 51, 32, 33, 34, 35, 36, 37, 17, 18, 19, 20, 17, 38, 42, 43, 44, 45, 46, 13, 47, 50, 17, 18, 19, 20, 17, 51, 32, 33, 34, 35, 36, 37, 17, 18, 19, 20, 17, 38, 42, 43, 44, 45, 46, 13, 47, 48, 17, 18, 19, 20, 17, 51, 32, 33, 34, 35, 36, 37, 17, 18, 19, 20, 17, 38, 42, 43, 44, 45, 46, 13, 47, 50, 17, 18, 19, 20, 17, 51, 32, 33, 34, 35, 36, 37, 17, 18, 19, 20, 17, 38, 42, 43, 44, 45, 46, 13, 47, 48, 17, 18, 19, 20, 17, 51, 32, 33, 34, 35, 36, 37, 17, 18, 19, 20, 17, 38, 42, 43, 44, 45, 46, 13, 47, 50, 17, 18, 19, 20, 17, 51, 32, 33, 34, 35, 38, 42, 43, 44, 45, 46, 13, 47, 50, 17, 18, 19, 20, 17, 51, 32, 33, 34, 35, 38, 42, 43, 44, 45, 46, 13, 47, 48, 17, 18, 19, 20, 17, 51, 32, 33, 34, 35, 36, 37, 17, 18, 19, 20, 17, 38, 42, 43, 44, 45, 46, 13, 47, 48, 17, 18, 19, 20, 17, 51, 32, 33, 34, 35, 36, 37, 17, 18, 19, 20, 17, 38, 42, 43, 44, 45, 46, 13, 47, 48, 17, 18, 19, 20, 17, 51, 32, 33, 34, 35, 36, 37, 17, 18, 19, 20, 17, 38, 42, 43, 44, 45, 46, 13, 47, 50, 17, 18, 19, 20, 17, 51, 32, 33, 34, 35, 36, 37, 17, 18, 19, 20, 17, 38, 42, 43, 44, 45, 46, 13, 47, 50, 17, 18, 19, 20, 17, 51, 32, 33, 34, 35, 36, 37, 17, 18, 19, 20, 17, 38, 42, 43, 44, 45, 46, 13, 47, 48, 17, 18, 19, 20, 17, 51, 32, 33, 34, 35, 36, 37, 17, 18, 19, 20, 17, 38, 42, 43, 44, 45, 46, 13, 47, 48, 17, 18, 19, 20, 17, 51, 32, 33, 34, 35, 36, 37, 17, 18, 19, 20, 17, 38, 42, 43, 44, 45, 46, 13, 47, 48, 17, 18, 19, 20, 17, 51, 32, 33, 34, 35, 36, 37, 17, 18, 19, 20, 17, 38, 42, 43, 44, 45, 46, 13, 47, 48, 17, 18, 19, 20, 17, 51, 32, 33, 34, 35, 36, 37, 17, 18, 19, 20, 17, 38, 32, 33, 34, 35, 36, 37, 17, 18, 19, 20, 17, 38, 42, 43, 44, 45, 46, 13, 47, 50, 17, 18, 19, 20, 17, 51, 32, 33, 34, 35, 36, 37, 17, 18, 19, 20, 17, 38, 42, 43, 44, 45, 46, 13, 47, 48, 17, 18, 19, 20, 17, 51, 32, 33, 34, 35, 36, 37, 17, 18, 19, 20, 17, 38, 42, 43, 44, 45, 46, 13, 47, 50, 17, 18, 19, 20, 17, 51, 32, 33, 34, 35, 36, 37, 17, 18, 19, 20, 17, 38, 42, 43, 44, 45, 51, 32, 33, 34, 35, 36, 37, 17, 18, 19, 20, 17, 38, 42, 43, 44, 45, 46, 13, 47, 50, 17, 18, 19, 20, 17, 51, 32, 33, 34, 35, 38, 42, 43, 44, 45, 46, 13, 47, 50, 17, 18, 19, 20, 17, 51, 32, 33, 34, 35, 36, 37, 17, 18, 19, 20, 17, 38, 42, 43, 44, 45, 46, 13, 47, 50, 17, 18, 19, 20, 17, 51, 32, 33, 34, 35, 36, 37, 17, 18, 19, 20, 17, 38, 42, 43, 44, 45, 46, 13, 47, 50, 17, 18, 19, 20, 17, 51, 32, 33, 34, 35, 36, 37, 17, 18, 19, 20, 17, 38, 42, 43, 44, 45, 51, 32, 33, 34, 35, 36, 37, 17, 18, 19, 20, 17, 38, 42, 43, 44, 45, 46, 13, 47, 48, 17, 18, 19, 20, 17, 51, 32, 33, 34, 35, 36, 37, 17, 18, 19, 20, 17, 38, 42, 43, 44, 45, 46, 13, 47, 48, 17, 18, 19, 20, 17, 51, 32, 33, 34, 35, 36, 37, 17, 18, 19, 20, 17, 38, 42, 43, 44, 45, 46, 13, 47, 48, 17, 18, 19, 20, 17, 51, 32, 33, 34, 35, 36, 37, 17, 18, 19, 20, 17, 38, 42, 43, 44, 45, 46, 13, 47, 48, 17, 18, 19, 20, 17, 51, 32, 33, 34, 35, 36, 37, 17, 18, 19, 20, 17, 38, 42, 43, 44, 45, 46, 13, 47, 48, 17, 18, 19, 20, 17, 51, 32, 33, 34, 35, 36, 37, 17, 18, 19, 20, 17, 38, 42, 43, 44, 45, 46, 13, 47, 50, 17, 18, 19, 20, 17, 51, 32, 33, 34, 35, 36, 37, 17, 18, 19, 20, 17, 38, 42, 43, 44, 45, 46, 13, 47, 48, 17, 18, 19, 20, 17, 51, 32, 33, 34, 35, 36, 37, 17, 18, 19, 20, 17, 38, 42, 43, 44, 45, 46, 13, 47, 50, 17, 18, 19, 20, 17, 51, 32, 33, 34, 35, 36, 37, 17, 18, 19, 20, 17, 38, 42, 43, 44, 45, 46, 13, 47, 48, 17, 18, 19, 20, 17, 51, 32, 33, 34, 35, 36, 37, 17, 18, 19, 20, 17, 38, 42, 43, 44, 45, 46, 13, 47, 48, 17, 18, 19, 20, 17, 51, 32, 33, 34, 35, 36, 37, 17, 18, 19, 20, 17, 38, 42, 43, 44, 45, 46, 13, 47, 48, 17, 18, 19, 20, 17, 51, 42, 43, 44, 45, 46, 13, 47, 48, 17, 18, 19, 20, 17, 51, 32, 33, 34, 35, 38, 42, 43, 44, 45, 46, 13, 47, 48, 17, 18, 19, 20, 17, 51, 32, 33, 34, 35, 36, 37, 17, 18, 19, 20, 17, 38, 42, 43, 44, 45, 46, 13, 47, 50, 17, 18, 19, 20, 17, 51, 32, 33, 34, 35, 36, 37, 17, 18, 19, 20, 17, 38, 42, 43, 44, 45, 46, 13, 47, 48, 17, 18, 19, 20, 17, 51, 32, 33, 34, 35, 36, 37, 17, 18, 19, 20, 17, 38, 42, 43, 44, 45, 46, 13, 47, 48, 17, 18, 19, 20, 17, 51, 32, 33, 34, 35, 36, 37, 17, 18, 19, 20, 17, 38, 42, 43, 44, 45, 46, 13, 47, 50, 17, 18, 19, 20, 17, 51, 32, 33, 34, 35, 36, 37, 17, 18, 19, 20, 17, 38, 42, 43, 44, 45, 46, 13, 47, 48, 17, 18, 19, 20, 17, 51, 32, 33, 34, 35, 36, 37, 17, 18, 19, 20, 17, 38, 42, 43, 44, 45, 46, 13, 47, 48, 17, 18, 19, 20, 17, 51, 32, 33, 34, 35, 36, 37, 17, 18, 19, 20, 17, 38, 42, 43, 44, 45, 46, 13, 47, 50, 17, 18, 19, 20, 17, 51, 32, 33, 34, 35, 36, 37, 17, 18, 19, 20, 17, 38, 42, 43, 44, 45, 46, 13, 47, 48, 17, 18, 19, 20, 17, 51, 32, 33, 34, 35, 36, 37, 17, 18, 19, 20, 17, 38, 42, 43, 44, 45, 46, 13, 47, 48, 17, 18, 19, 20, 17, 51, 32, 33, 34, 35, 36, 37, 17, 18, 19, 20, 17, 38, 42, 43, 44, 45, 46, 13, 47, 48, 17, 18, 19, 20, 17, 51, 32, 33, 34, 35, 36, 37, 17, 18, 19, 20, 17, 38, 42, 43, 44, 45, 46, 13, 47, 48, 17, 18, 19, 20, 17, 51, 32, 33, 34, 35, 36, 37, 17, 18, 19, 20, 17, 38, 42, 43, 44, 45, 46, 13, 47, 50, 17, 18, 19, 20, 17, 51, 32, 33, 34, 35, 36, 37, 17, 18, 19, 20, 17, 38, 42, 43, 44, 45, 46, 13, 47, 50, 17, 18, 19, 20, 17, 51, 32, 33, 34, 35, 36, 37, 17, 18, 19, 20, 17, 38, 42, 43, 44, 45, 46, 13, 47, 50, 17, 18, 19, 20, 17, 51, 32, 33, 34, 35, 36, 37, 17, 18, 19, 20, 17, 38, 42, 43, 44, 45, 46, 13, 47, 48, 17, 18, 19, 20, 17, 51, 32, 33, 34, 35, 36, 37, 17, 18, 19, 20, 17, 38, 42, 43, 44, 45, 46, 13, 47, 48, 17, 18, 19, 20, 17, 51, 32, 33, 34, 35, 36, 37, 17, 18, 19, 20, 17, 38, 42, 43, 44, 45, 46, 13, 47, 48, 17, 18, 19, 20, 17, 51, 32, 33, 34, 35, 36, 37, 17, 18, 19, 20, 17, 38, 42, 43, 44, 45, 46, 13, 47, 48, 17, 18, 19, 20, 17, 51, 32, 33, 34, 35, 36, 37, 17, 18, 19, 20, 17, 38, 42, 43, 44, 45, 46, 13, 47, 48, 17, 18, 19, 20, 17, 51, 32, 33, 34, 35, 36, 37, 17, 18, 19, 20, 17, 38, 42, 43, 44, 45, 46, 13, 47, 50, 17, 18, 19, 20, 17, 51, 32, 33, 34, 35, 36, 37, 17, 18, 19, 20, 17, 38, 42, 43, 44, 45, 46, 13, 47, 48, 17, 18, 19, 20, 17, 51, 32, 33, 34, 35, 36, 37, 17, 18, 19, 20, 17, 38, 42, 43, 44, 45, 46, 13, 47, 48, 17, 18, 19, 20, 17, 51, 32, 33, 34, 35, 36, 37, 17, 18, 19, 20, 17, 38, 42, 43, 44, 45, 46, 13, 47, 48, 17, 18, 19, 20, 17, 51, 32, 33, 34, 35, 36, 37, 17, 18, 19, 20, 17, 38, 42, 43, 44, 45, 46, 13, 47, 50, 17, 18, 19, 20, 17, 51, 32, 33, 34, 35, 36, 37, 17, 18, 19, 20, 17, 38, 42, 43, 44, 45, 46, 13, 47, 48, 17, 18, 19, 20, 17, 51, 32, 33, 34, 35, 36, 37, 17, 18, 19, 20, 17, 38, 42, 43, 44, 45, 46, 13, 47, 48, 17, 18, 19, 20, 17, 51, 32, 33, 34, 35, 36, 37, 17, 18, 19, 20, 17, 38, 32, 33, 34, 35, 36, 37, 17, 18, 19, 20, 17, 38, 42, 43, 44, 45, 46, 13, 47, 48, 17, 18, 19, 20, 17, 51, 32, 33, 34, 35, 36, 37, 17, 18, 19, 20, 17, 38, 42, 43, 44, 45, 46, 13, 47, 48, 17, 18, 19, 20, 17, 51, 32, 33, 34, 35, 36, 37, 17, 18, 19, 20, 17, 38, 42, 43, 44, 45, 46, 13, 47, 48, 17, 18, 19, 20, 17, 51, 42, 43, 44, 45, 51, 32, 33, 34, 35, 36, 37, 17, 18, 19, 20, 17, 38, 42, 43, 44, 45, 46, 13, 47, 48, 17, 18, 19, 20, 17, 51, 32, 33, 34, 35, 36, 37, 17, 18, 19, 20, 17, 38, 42, 43, 44, 45, 46, 13, 47, 48, 17, 18, 19, 20, 17, 51, 32, 33, 34, 35, 36, 37, 17, 18, 19, 20, 17, 38, 42, 43, 44, 45, 46, 13, 47, 48, 17, 18, 19, 20, 17, 51, 32, 33, 34, 35, 36, 37, 17, 18, 19, 20, 17, 38, 42, 43, 44, 45, 46, 13, 47, 48, 17, 18, 19, 20, 17, 51, 32, 33, 34, 35, 36, 37, 17, 18, 19, 20, 17, 38, 32, 33, 34, 35, 36, 37, 17, 18, 19, 20, 17, 38, 42, 43, 44, 45, 46, 13, 47, 48, 17, 18, 19, 20, 17, 51, 32, 33, 34, 35, 38, 42, 43, 44, 45, 46, 13, 47, 48, 17, 18, 19, 20, 17, 51, 32, 33, 34, 35, 38, 42, 43, 44, 45, 46, 13, 47, 50, 17, 18, 19, 20, 17, 51, 32, 33, 34, 35, 36, 37, 17, 18, 19, 20, 17, 38, 42, 43, 44, 45, 46, 13, 47, 48, 17, 18, 19, 20, 17, 51, 32, 33, 34, 35, 36, 37, 17, 18, 19, 20, 17, 38, 42, 43, 44, 45, 46, 13, 47, 50, 17, 18, 19, 20, 17, 51, 32, 33, 34, 35, 36, 37, 17, 18, 19, 20, 17, 38, 42, 43, 44, 45, 46, 13, 47, 50, 17, 18, 19, 20, 17, 51, 32, 33, 34, 35, 36, 37, 17, 18, 19, 20, 17, 38, 42, 43, 44, 45, 46, 13, 47, 48, 17, 18, 19, 20, 17, 51, 32, 33, 34, 35, 36, 37, 17, 18, 19, 20, 17, 38, 42, 43, 44, 45, 46, 13, 47, 48, 17, 18, 19, 20, 17, 51, 32, 33, 34, 35, 36, 37, 17, 18, 19, 20, 17, 38, 42, 43, 44, 45, 46, 13, 47, 48, 17, 18, 19, 20, 17, 51, 42, 43, 44, 45, 46, 13, 47, 48, 17, 18, 19, 20, 17, 51, 32, 33, 34, 35, 36, 37, 17, 18, 19, 20, 17, 38, 32, 33, 34, 35, 36, 37, 17, 18, 19, 20, 17, 38, 42, 43, 44, 45, 51, 32, 33, 34, 35, 36, 37, 17, 18, 19, 20, 17, 38, 42, 43, 44, 45, 46, 13, 47, 48, 17, 18, 19, 20, 17, 51, 32, 33, 34, 35, 36, 37, 17, 18, 19, 20, 17, 38, 42, 43, 44, 45, 46, 13, 47, 48, 17, 18, 19, 20, 17, 51, 32, 33, 34, 35, 36, 37, 17, 18, 19, 20, 17, 38, 42, 43, 44, 45, 51, 42, 43, 44, 45, 46, 13, 47, 50, 17, 18, 19, 20, 17, 51, 32, 33, 34, 35, 36, 37, 17, 18, 19, 20, 17, 38, 42, 43, 44, 45, 46, 13, 47, 48, 17, 18, 19, 20, 17, 51, 32, 33, 34, 35, 36, 37, 17, 18, 19, 20, 17, 38, 82, 79, 80, 54, 24, 25, 26, 27, 26, 25, 26, 27, 26, 25, 26, 27, 26, 25, 26, 27, 26, 25, 26, 27, 26, 25, 26, 27, 26, 25, 26, 27, 26, 25, 26, 27, 26, 25, 26, 27, 26, 25, 26, 27, 26, 25, 26, 27, 26, 25, 26, 27, 26, 25, 26, 27, 26, 25, 26, 27, 26, 25, 26, 27, 26, 25, 28, 55, 56, 55, 56, 55, 56, 55, 56, 55, 56, 55, 56, 55, 56, 55, 56, 55, 56, 55, 56, 55, 56, 55, 56, 55, 56, 55, 56, 55, 56, 55, 57, 81, 32, 33, 34, 35, 36, 37, 17, 18, 19, 20, 17, 38, 42, 43, 44, 45, 46, 13, 47, 48, 17, 18, 19, 20, 17, 51, 32, 33, 34, 35, 36, 37, 17, 18, 19, 20, 17, 38, 42, 43, 44, 45, 46, 13, 47, 48, 17, 18, 19, 20, 17, 51, 42, 43, 44, 45, 46, 13, 47, 48, 17, 18, 19, 20, 17, 51, 32, 33, 34, 35, 36, 37, 17, 18, 19, 20, 17, 38, 42, 43, 44, 45, 46, 13, 47, 48, 17, 18, 19, 20, 17, 51, 32, 33, 34, 35, 36, 37, 17, 18, 19, 20, 17, 38, 42, 43, 44, 45, 46, 13, 47, 48, 17, 18, 19, 20, 17, 51, 32, 33, 34, 35, 36, 37, 17, 18, 19, 20, 17, 38, 42, 43, 44, 45, 46, 13, 47, 50, 17, 18, 19, 20, 17, 51, 32, 33, 34, 35, 36, 37, 17, 18, 19, 20, 17, 38, 42, 43, 44, 45, 51, 32, 33, 34, 35, 36, 37, 17, 18, 19, 20, 17, 38, 42, 43, 44, 45, 46, 13, 47, 48, 17, 18, 19, 20, 17, 51, 32, 33, 34, 35, 36, 37, 17, 18, 19, 20, 17, 38, 42, 43, 44, 45, 46, 13, 47, 48, 17, 18, 19, 20, 17, 51, 32, 33, 34, 35, 36, 37, 17, 18, 19, 20, 17, 38, 42, 43, 44, 45, 46, 13, 47, 50, 17, 18, 19, 20, 17, 51, 32, 33, 34, 35, 36, 37, 17, 18, 19, 20, 17, 38, 42, 43, 44, 45, 46, 13, 47, 50, 17, 18, 19, 20, 17, 51, 32, 33, 34, 35, 36, 37, 17, 18, 19, 20, 17, 38, 42, 43, 44, 45, 46, 13, 47, 48, 17, 18, 19, 20, 17, 51, 32, 33, 34, 35, 36, 37, 17, 18, 19, 20, 17, 38, 42, 43, 44, 45, 46, 13, 47, 50, 17, 18, 19, 20, 17, 51, 32, 33, 34, 35, 36, 37, 17, 18, 19, 20, 17, 38, 42, 43, 44, 45, 46, 13, 47, 48, 17, 18, 19, 20, 17, 51, 32, 33, 34, 35, 36, 37, 17, 18, 19, 20, 17, 38, 42, 43, 44, 45, 46, 13, 47, 50, 17, 18, 19, 20, 17, 51, 32, 33, 34, 35, 36, 37, 17, 18, 19, 20, 17, 38, 42, 43, 44, 45, 46, 13, 47, 48, 17, 18, 19, 20, 17, 51, 32, 33, 34, 35, 38, 42, 43, 44, 45, 46, 13, 47, 48, 17, 18, 19, 20, 17, 51, 32, 33, 34, 35, 36, 37, 17, 18, 19, 20, 17, 38, 42, 43, 44, 45, 46, 13, 47, 50, 17, 18, 19, 20, 17, 51, 32, 33, 34, 35, 36, 37, 17, 18, 19, 20, 17, 38, 42, 43, 44, 45, 46, 13, 47, 50, 17, 18, 19, 20, 17, 51, 32, 33, 34, 35, 38, 42, 43, 44, 45, 46, 13, 47, 50, 17, 18, 19, 20, 17, 51, 32, 33, 34, 35, 36, 37, 17, 18, 19, 20, 17, 38, 42, 43, 44, 45, 46, 13, 47, 48, 17, 18, 19, 20, 17, 51, 32, 33, 34, 35, 36, 37, 17, 18, 19, 20, 17, 38, 42, 43, 44, 45, 51, 32, 33, 34, 35, 36, 37, 17, 18, 19, 20, 17, 38, 42, 43, 44, 45, 46, 13, 47, 50, 17, 18, 19, 20, 17, 51, 32, 33, 34, 35, 36, 37, 17, 18, 19, 20, 17, 38, 42, 43, 44, 45, 46, 13, 47, 48, 17, 18, 19, 20, 17, 51, 32, 33, 34, 35, 36, 37, 17, 18, 19, 20, 17, 38, 42, 43, 44, 45, 46, 13, 47, 50, 17, 18, 19, 20, 17, 51, 32, 33, 34, 35, 36, 37, 17, 18, 19, 20, 17, 38, 42, 43, 44, 45, 51, 32, 33, 34, 35, 36, 37, 17, 18, 19, 20, 17, 38, 42, 43, 44, 45, 46, 13, 47, 48, 17, 18, 19, 20, 17, 51, 32, 33, 34, 35, 36, 37, 17, 18, 19, 20, 17, 38, 42, 43, 44, 45, 46, 13, 47, 50, 17, 18, 19, 20, 17, 51, 32, 33, 34, 35, 36, 37, 17, 18, 19, 20, 17, 38, 42, 43, 44, 45, 51, 32, 33, 34, 35, 36, 37, 17, 18, 19, 20, 17, 38, 42, 43, 44, 45, 46, 13, 47, 48, 17, 18, 19, 20, 17, 51, 32, 33, 34, 35, 36, 37, 17, 18, 19, 20, 17, 38, 42, 43, 44, 45, 46, 13, 47, 48, 17, 18, 19, 20, 17, 51, 32, 33, 34, 35, 36, 37, 17, 18, 19, 20, 17, 38, 42, 43, 44, 45, 46, 13, 47, 50, 17, 18, 19, 20, 17, 51, 32, 33, 34, 35, 38, 42, 43, 44, 45, 46, 13, 47, 50, 17, 18, 19, 20, 17, 51, 32, 33, 34, 35, 38, 42, 43, 44, 45, 51, 32, 33, 34, 35, 36, 37, 17, 18, 19, 20, 17, 38, 42, 43, 44, 45, 46, 13, 47, 50, 17, 18, 19, 20, 17, 51, 32, 33, 34, 35, 36, 37, 17, 18, 19, 20, 17, 38, 42, 43, 44, 45, 46, 13, 47, 48, 17, 18, 19, 20, 17, 51, 32, 33, 34, 35, 36, 37, 17, 18, 19, 20, 17, 38, 42, 43, 44, 45, 46, 13, 47, 48, 17, 18, 19, 20, 17, 51, 32, 33, 34, 35, 36, 37, 17, 18, 19, 20, 17, 38, 42, 43, 44, 45, 46, 13, 47, 48, 17, 18, 19, 20, 17, 51, 32, 33, 34, 35, 36, 37, 17, 18, 19, 20, 17, 38, 42, 43, 44, 45, 46, 13, 47, 50, 17, 18, 19, 20, 17, 51, 32, 33, 34, 35, 38, 42, 43, 44, 45, 46, 13, 47, 48, 17, 18, 19, 20, 17, 51, 32, 33, 34, 35, 38, 42, 43, 44, 45, 51, 32, 33, 34, 35, 36, 37, 17, 18, 19, 20, 17, 38, 42, 43, 44, 45, 46, 13, 47, 48, 17, 18, 19, 20, 17, 51, 32, 33, 34, 35, 36, 37, 17, 18, 19, 20, 17, 38, 42, 43, 44, 45, 46, 13, 47, 50, 17, 18, 19, 20, 17, 51, 32, 33, 34, 35, 36, 37, 17, 18, 19, 20, 17, 38, 42, 43, 44, 45, 46, 13, 47, 50, 17, 18, 19, 20, 17, 51, 32, 33, 34, 35, 36, 37, 17, 18, 19, 20, 17, 38, 42, 43, 44, 45, 46, 13, 47, 50, 17, 18, 19, 20, 17, 51, 32, 33, 34, 35, 38, 42, 43, 44, 45, 46, 13, 47, 50, 17, 18, 19, 20, 17, 51, 32, 33, 34, 35, 36, 37, 17, 18, 19, 20, 17, 38, 42, 43, 44, 45, 46, 13, 47, 50, 17, 18, 19, 20, 17, 51, 32, 33, 34, 35, 36, 37, 17, 18, 19, 20, 17, 38, 42, 43, 44, 45, 46, 13, 47, 48, 17, 18, 19, 20, 17, 51, 32, 33, 34, 35, 36, 37, 17, 18, 19, 20, 17, 38, 42, 43, 44, 45, 46, 13, 47, 48, 17, 18, 19, 20, 17, 51, 32, 33, 34, 35, 36, 37, 17, 18, 19, 20, 17, 38, 42, 43, 44, 45, 46, 13, 47, 50, 17, 18, 19, 20, 17, 51, 32, 33, 34, 35, 36, 37, 17, 18, 19, 20, 17, 38, 42, 43, 44, 45, 46, 13, 47, 50, 17, 18, 19, 20, 17, 51, 32, 33, 34, 35, 36, 37, 17, 18, 19, 20, 17, 38, 42, 43, 44, 45, 46, 13, 47, 48, 17, 18, 19, 20, 17, 51, 32, 33, 34, 35, 36, 37, 17, 18, 19, 20, 17, 38, 42, 43, 44, 45, 46, 13, 47, 48, 17, 18, 19, 20, 17, 51, 32, 33, 34, 35, 36, 37, 17, 18, 19, 20, 17, 38, 42, 43, 44, 45, 46, 13, 47, 48, 17, 18, 19, 20, 17, 51, 32, 33, 34, 35, 36, 37, 17, 18, 19, 20, 17, 38, 42, 43, 44, 45, 46, 13, 47, 50, 17, 18, 19, 20, 17, 51, 32, 33, 34, 35, 38, 42, 43, 44, 45, 46, 13, 47, 48, 17, 18, 19, 20, 17, 51, 32, 33, 34, 35, 36, 37, 17, 18, 19, 20, 17, 38, 42, 43, 44, 45, 46, 13, 47, 50, 17, 18, 19, 20, 17, 51, 32, 33, 34, 35, 36, 37, 17, 18, 19, 20, 17, 38, 42, 43, 44, 45, 46, 13, 47, 48, 17, 18, 19, 20, 17, 51, 32, 33, 34, 35, 36, 37, 17, 18, 19, 20, 17, 38, 42, 43, 44, 45, 46, 13, 47, 48, 17, 18, 19, 20, 17, 51, 32, 33, 34, 35, 36, 37, 17, 18, 19, 20, 17, 38, 42, 43, 44, 45, 46, 13, 47, 48, 17, 18, 19, 20, 17, 51, 32, 33, 34, 35, 36, 37, 17, 18, 19, 20, 17, 38, 42, 43, 44, 45, 46, 13, 47, 50, 17, 18, 19, 20, 17, 51, 32, 33, 34, 35, 36, 37, 17, 18, 19, 20, 17, 38, 42, 43, 44, 45, 46, 13, 47, 48, 17, 18, 19, 20, 17, 51, 32, 33, 34, 35, 36, 37, 17, 18, 19, 20, 17, 38, 42, 43, 44, 45, 46, 13, 47, 50, 17, 18, 19, 20, 17, 51, 32, 33, 34, 35, 38, 42, 43, 44, 45, 46, 13, 47, 50, 17, 18, 19, 20, 17, 51, 32, 33, 34, 35, 36, 37, 17, 18, 19, 20, 17, 38, 42, 43, 44, 45, 46, 13, 47, 48, 17, 18, 19, 20, 17, 51, 32, 33, 34, 35, 36, 37, 17, 18, 19, 20, 17, 38, 42, 43, 44, 45, 46, 13, 47, 50, 17, 18, 19, 20, 17, 51, 32, 33, 34, 35, 36, 37, 17, 18, 19, 20, 17, 38, 42, 43, 44, 45, 46, 13, 47, 48, 17, 18, 19, 20, 17, 51, 32, 33, 34, 35, 38, 42, 43, 44, 45, 46, 13, 47, 48, 17, 18, 19, 20, 17, 51, 32, 33, 34, 35, 36, 37, 17, 18, 19, 20, 17, 38, 42, 43, 44, 45, 46, 13, 47, 50, 17, 18, 19, 20, 17, 51, 32, 33, 34, 35, 36, 37, 17, 18, 19, 20, 17, 38, 42, 43, 44, 45, 46, 13, 47, 50, 17, 18, 19, 20, 17, 51, 32, 33, 34, 35, 36, 37, 17, 18, 19, 20, 17, 38, 42, 43, 44, 45, 46, 13, 47, 48, 17, 18, 19, 20, 17, 51, 32, 33, 34, 35, 36, 37, 17, 18, 19, 20, 17, 38, 42, 43, 44, 45, 46, 13, 47, 48, 17, 18, 19, 20, 17, 51, 32, 33, 34, 35, 36, 37, 17, 18, 19, 20, 17, 38, 42, 43, 44, 45, 46, 13, 47, 48, 17, 18, 19, 20, 17, 51, 32, 33, 34, 35, 36, 37, 17, 18, 19, 20, 17, 38, 42, 43, 44, 45, 46, 13, 47, 48, 17, 18, 19, 20, 17, 51, 32, 33, 34, 35, 36, 37, 17, 18, 19, 20, 17, 38, 42, 43, 44, 45, 46, 13, 47, 48, 17, 18, 19, 20, 17, 51, 32, 33, 34, 35, 36, 37, 17, 18, 19, 20, 17, 38, 42, 43, 44, 45, 46, 13, 47, 50, 17, 18, 19, 20, 17, 51, 32, 33, 34, 35, 36, 37, 17, 18, 19, 20, 17, 38, 42, 43, 44, 45, 46, 13, 47, 48, 17, 18, 19, 20, 17, 51, 32, 33, 34, 35, 36, 37, 17, 18, 19, 20, 17, 38, 42, 43, 44, 45, 46, 13, 47, 50, 17, 18, 19, 20, 17, 51, 32, 33, 34, 35, 36, 37, 17, 18, 19, 20, 17, 38, 42, 43, 44, 45, 46, 13, 47, 48, 17, 18, 19, 20, 17, 51, 32, 33, 34, 35, 36, 37, 17, 18, 19, 20, 17, 38, 42, 43, 44, 45, 46, 13, 47, 48, 17, 18, 19, 20, 17, 51, 32, 33, 34, 35, 36, 37, 17, 18, 19, 20, 17, 38, 42, 43, 44, 45, 46, 13, 47, 48, 17, 18, 19, 20, 17, 51, 32, 33, 34, 35, 36, 37, 17, 18, 19, 20, 17, 38, 42, 43, 44, 45, 46, 13, 47, 48, 17, 18, 19, 20, 17, 51, 32, 33, 34, 35, 36, 37, 17, 18, 19, 20, 17, 38, 42, 43, 44, 45, 46, 13, 47, 50, 17, 18, 19, 20, 17, 51, 32, 33, 34, 35, 36, 37, 17, 18, 19, 20, 17, 38, 42, 43, 44, 45, 46, 13, 47, 48, 17, 18, 19, 20, 17, 51, 32, 33, 34, 35, 36, 37, 17, 18, 19, 20, 17, 38, 42, 43, 44, 45, 46, 13, 47, 50, 17, 18, 19, 20, 17, 51, 32, 33, 34, 35, 36, 37, 17, 18, 19, 20, 17, 38, 32, 33, 34, 35, 36, 37, 17, 18, 19, 20, 17, 38, 42, 43, 44, 45, 46, 13, 47, 48, 17, 18, 19, 20, 17, 51, 32, 33, 34, 35, 36, 37, 17, 18, 19, 20, 17, 38, 42, 43, 44, 45, 46, 13, 47, 50, 17, 18, 19, 20, 17, 51, 42, 43, 44, 45, 46, 13, 47, 48, 17, 18, 19, 20, 17, 51, 32, 33, 34, 35, 36, 37, 17, 18, 19, 20, 17, 38, 42, 43, 44, 45, 46, 13, 47, 48, 17, 18, 19, 20, 17, 51, 32, 33, 34, 35, 36, 37, 17, 18, 19, 20, 17, 38, 42, 43, 44, 45, 46, 13, 47, 48, 17, 18, 19, 20, 17, 51, 32, 33, 34, 35, 36, 37, 17, 18, 19, 20, 17, 38, 42, 43, 44, 45, 46, 13, 47, 50, 17, 18, 19, 20, 17, 51, 32, 33, 34, 35, 36, 37, 17, 18, 19, 20, 17, 38, 42, 43, 44, 45, 46, 13, 47, 48, 17, 18, 19, 20, 17, 51, 32, 33, 34, 35, 36, 37, 17, 18, 19, 20, 17, 38, 32, 33, 34, 35, 36, 37, 17, 18, 19, 20, 17, 38, 42, 43, 44, 45, 46, 13, 47, 48, 17, 18, 19, 20, 17, 51, 32, 33, 34, 35, 36, 37, 17, 18, 19, 20, 17, 38, 42, 43, 44, 45, 51, 32, 33, 34, 35, 36, 37, 17, 18, 19, 20, 17, 38, 42, 43, 44, 45, 46, 13, 47, 48, 17, 18, 19, 20, 17, 51, 82, 79, 80, 54, 24, 25, 26, 27, 26, 25, 26, 27, 26, 25, 26, 27, 26, 25, 26, 27, 26, 25, 26, 27, 26, 25, 26, 27, 26, 25, 26, 27, 26, 25, 26, 27, 26, 25, 26, 27, 26, 25, 26, 27, 26, 25, 26, 27, 26, 25, 26, 27, 26, 25, 26, 27, 26, 25, 26, 27, 26, 25, 26, 27, 26, 25, 28, 55, 56, 55, 56, 55, 56, 55, 56, 55, 56, 55, 56, 55, 56, 55, 56, 55, 56, 55, 56, 55, 56, 55, 56, 55, 56, 55, 56, 55, 56, 55, 57, 81, 32, 33, 34, 35, 36, 37, 17, 18, 19, 20, 17, 38, 42, 43, 44, 45, 46, 13, 47, 50, 17, 18, 19, 20, 17, 51, 32, 33, 34, 35, 36, 37, 17, 18, 19, 20, 17, 38, 42, 43, 44, 45, 46, 13, 47, 48, 17, 18, 19, 20, 17, 51, 32, 33, 34, 35, 36, 37, 17, 18, 19, 20, 17, 38, 42, 43, 44, 45, 46, 13, 47, 48, 17, 18, 19, 20, 17, 51, 32, 33, 34, 35, 36, 37, 17, 18, 19, 20, 17, 38, 42, 43, 44, 45, 46, 13, 47, 50, 17, 18, 19, 20, 17, 51, 32, 33, 34, 35, 36, 37, 17, 18, 19, 20, 17, 38, 42, 43, 44, 45, 46, 13, 47, 48, 17, 18, 19, 20, 17, 51, 32, 33, 34, 35, 36, 37, 17, 18, 19, 20, 17, 38, 42, 43, 44, 45, 46, 13, 47, 50, 17, 18, 19, 20, 17, 51, 32, 33, 34, 35, 36, 37, 17, 18, 19, 20, 17, 38, 42, 43, 44, 45, 46, 13, 47, 50, 17, 18, 19, 20, 17, 51, 32, 33, 34, 35, 36, 37, 17, 18, 19, 20, 17, 38, 42, 43, 44, 45, 46, 13, 47, 48, 17, 18, 19, 20, 17, 51, 32, 33, 34, 35, 36, 37, 17, 18, 19, 20, 17, 38, 42, 43, 44, 45, 46, 13, 47, 48, 17, 18, 19, 20, 17, 51, 32, 33, 34, 35, 36, 37, 17, 18, 19, 20, 17, 38, 42, 43, 44, 45, 46, 13, 47, 48, 17, 18, 19, 20, 17, 51, 32, 33, 34, 35, 36, 37, 17, 18, 19, 20, 17, 38, 42, 43, 44, 45, 46, 13, 47, 48, 17, 18, 19, 20, 17, 51, 32, 33, 34, 35, 36, 37, 17, 18, 19, 20, 17, 38, 42, 43, 44, 45, 46, 13, 47, 50, 17, 18, 19, 20, 17, 51, 32, 33, 34, 35, 36, 37, 17, 18, 19, 20, 17, 38, 42, 43, 44, 45, 46, 13, 47, 48, 17, 18, 19, 20, 17, 51, 32, 33, 34, 35, 36, 37, 17, 18, 19, 20, 17, 38, 42, 43, 44, 45, 46, 13, 47, 48, 17, 18, 19, 20, 17, 51, 32, 33, 34, 35, 36, 37, 17, 18, 19, 20, 17, 38, 42, 43, 44, 45, 46, 13, 47, 48, 17, 18, 19, 20, 17, 51, 32, 33, 34, 35, 36, 37, 17, 18, 19, 20, 17, 38, 42, 43, 44, 45, 46, 13, 47, 48, 17, 18, 19, 20, 17, 51, 32, 33, 34, 35, 36, 37, 17, 18, 19, 20, 17, 38, 42, 43, 44, 45, 46, 13, 47, 48, 17, 18, 19, 20, 17, 51, 32, 33, 34, 35, 36, 37, 17, 18, 19, 20, 17, 38, 42, 43, 44, 45, 46, 13, 47, 50, 17, 18, 19, 20, 17, 51, 32, 33, 34, 35, 36, 37, 17, 18, 19, 20, 17, 38, 42, 43, 44, 45, 46, 13, 47, 48, 17, 18, 19, 20, 17, 51, 32, 33, 34, 35, 36, 37, 17, 18, 19, 20, 17, 38, 42, 43, 44, 45, 46, 13, 47, 50, 17, 18, 19, 20, 17, 51, 32, 33, 34, 35, 36, 37, 17, 18, 19, 20, 17, 38, 42, 43, 44, 45, 46, 13, 47, 50, 17, 18, 19, 20, 17, 51, 32, 33, 34, 35, 36, 37, 17, 18, 19, 20, 17, 38, 42, 43, 44, 45, 46, 13, 47, 50, 17, 18, 19, 20, 17, 51, 32, 33, 34, 35, 36, 37, 17, 18, 19, 20, 17, 38, 42, 43, 44, 45, 46, 13, 47, 50, 17, 18, 19, 20, 17, 51, 32, 33, 34, 35, 36, 37, 17, 18, 19, 20, 17, 38, 42, 43, 44, 45, 46, 13, 47, 48, 17, 18, 19, 20, 17, 51, 32, 33, 34, 35, 38, 42, 43, 44, 45, 46, 13, 47, 50, 17, 18, 19, 20, 17, 51, 32, 33, 34, 35, 36, 37, 17, 18, 19, 20, 17, 38, 42, 43, 44, 45, 46, 13, 47, 48, 17, 18, 19, 20, 17, 51, 32, 33, 34, 35, 36, 37, 17, 18, 19, 20, 17, 38, 42, 43, 44, 45, 46, 13, 47, 50, 17, 18, 19, 20, 17, 51, 32, 33, 34, 35, 36, 37, 17, 18, 19, 20, 17, 38, 42, 43, 44, 45, 46, 13, 47, 50, 17, 18, 19, 20, 17, 51, 32, 33, 34, 35, 36, 37, 17, 18, 19, 20, 17, 38, 42, 43, 44, 45, 46, 13, 47, 50, 17, 18, 19, 20, 17, 51, 32, 33, 34, 35, 36, 37, 17, 18, 19, 20, 17, 38, 42, 43, 44, 45, 46, 13, 47, 48, 17, 18, 19, 20, 17, 51, 32, 33, 34, 35, 36, 37, 17, 18, 19, 20, 17, 38, 42, 43, 44, 45, 46, 13, 47, 48, 17, 18, 19, 20, 17, 51, 32, 33, 34, 35, 36, 37, 17, 18, 19, 20, 17, 38, 42, 43, 44, 45, 51, 32, 33, 34, 35, 36, 37, 17, 18, 19, 20, 17, 38, 42, 43, 44, 45, 46, 13, 47, 48, 17, 18, 19, 20, 17, 51, 32, 33, 34, 35, 36, 37, 17, 18, 19, 20, 17, 38, 42, 43, 44, 45, 46, 13, 47, 50, 17, 18, 19, 20, 17, 51, 32, 33, 34, 35, 36, 37, 17, 18, 19, 20, 17, 38, 42, 43, 44, 45, 46, 13, 47, 50, 17, 18, 19, 20, 17, 51, 32, 33, 34, 35, 36, 37, 17, 18, 19, 20, 17, 38, 42, 43, 44, 45, 46, 13, 47, 48, 17, 18, 19, 20, 17, 51, 32, 33, 34, 35, 36, 37, 17, 18, 19, 20, 17, 38, 42, 43, 44, 45, 46, 13, 47, 50, 17, 18, 19, 20, 17, 51, 32, 33, 34, 35, 36, 37, 17, 18, 19, 20, 17, 38, 42, 43, 44, 45, 46, 13, 47, 50, 17, 18, 19, 20, 17, 51, 32, 33, 34, 35, 36, 37, 17, 18, 19, 20, 17, 38, 42, 43, 44, 45, 46, 13, 47, 50, 17, 18, 19, 20, 17, 51, 32, 33, 34, 35, 36, 37, 17, 18, 19, 20, 17, 38, 42, 43, 44, 45, 51, 32, 33, 34, 35, 36, 37, 17, 18, 19, 20, 17, 38, 42, 43, 44, 45, 46, 13, 47, 50, 17, 18, 19, 20, 17, 51, 32, 33, 34, 35, 36, 37, 17, 18, 19, 20, 17, 38, 42, 43, 44, 45, 46, 13, 47, 48, 17, 18, 19, 20, 17, 51, 32, 33, 34, 35, 36, 37, 17, 18, 19, 20, 17, 38, 42, 43, 44, 45, 46, 13, 47, 50, 17, 18, 19, 20, 17, 51, 42, 43, 44, 45, 46, 13, 47, 50, 17, 18, 19, 20, 17, 51, 32, 33, 34, 35, 36, 37, 17, 18, 19, 20, 17, 38, 42, 43, 44, 45, 46, 13, 47, 50, 17, 18, 19, 20, 17, 51, 32, 33, 34, 35, 36, 37, 17, 18, 19, 20, 17, 38, 42, 43, 44, 45, 46, 13, 47, 50, 17, 18, 19, 20, 17, 51, 32, 33, 34, 35, 38, 42, 43, 44, 45, 46, 13, 47, 50, 17, 18, 19, 20, 17, 51, 32, 33, 34, 35, 36, 37, 17, 18, 19, 20, 17, 38, 42, 43, 44, 45, 51, 32, 33, 34, 35, 36, 37, 17, 18, 19, 20, 17, 38, 42, 43, 44, 45, 46, 13, 47, 50, 17, 18, 19, 20, 17, 51, 32, 33, 34, 35, 36, 37, 17, 18, 19, 20, 17, 38, 42, 43, 44, 45, 46, 13, 47, 48, 17, 18, 19, 20, 17, 51, 32, 33, 34, 35, 36, 37, 17, 18, 19, 20, 17, 38, 42, 43, 44, 45, 46, 13, 47, 48, 17, 18, 19, 20, 17, 51, 32, 33, 34, 35, 36, 37, 17, 18, 19, 20, 17, 38, 42, 43, 44, 45, 51, 32, 33, 34, 35, 36, 37, 17, 18, 19, 20, 17, 38, 42, 43, 44, 45, 46, 13, 47, 48, 17, 18, 19, 20, 17, 51, 32, 33, 34, 35, 36, 37, 17, 18, 19, 20, 17, 38, 42, 43, 44, 45, 46, 13, 47, 50, 17, 18, 19, 20, 17, 51, 32, 33, 34, 35, 36, 37, 17, 18, 19, 20, 17, 38, 42, 43, 44, 45, 46, 13, 47, 50, 17, 18, 19, 20, 17, 51, 32, 33, 34, 35, 36, 37, 17, 18, 19, 20, 17, 38, 32, 33, 34, 35, 36, 37, 17, 18, 19, 20, 17, 38, 42, 43, 44, 45, 46, 13, 47, 48, 17, 18, 19, 20, 17, 51, 32, 33, 34, 35, 36, 37, 17, 18, 19, 20, 17, 38, 42, 43, 44, 45, 46, 13, 47, 48, 17, 18, 19, 20, 17, 51, 32, 33, 34, 35, 36, 37, 17, 18, 19, 20, 17, 38, 42, 43, 44, 45, 46, 13, 47, 50, 17, 18, 19, 20, 17, 51, 32, 33, 34, 35, 36, 37, 17, 18, 19, 20, 17, 38, 42, 43, 44, 45, 46, 13, 47, 48, 17, 18, 19, 20, 17, 51, 32, 33, 34, 35, 36, 37, 17, 18, 19, 20, 17, 38, 42, 43, 44, 45, 46, 13, 47, 50, 17, 18, 19, 20, 17, 51, 32, 33, 34, 35, 36, 37, 17, 18, 19, 20, 17, 38, 42, 43, 44, 45, 46, 13, 47, 50, 17, 18, 19, 20, 17, 51, 32, 33, 34, 35, 36, 37, 17, 18, 19, 20, 17, 38, 42, 43, 44, 45, 46, 13, 47, 50, 17, 18, 19, 20, 17, 51, 32, 33, 34, 35, 36, 37, 17, 18, 19, 20, 17, 38, 42, 43, 44, 45, 46, 13, 47, 48, 17, 18, 19, 20, 17, 51, 32, 33, 34, 35, 36, 37, 17, 18, 19, 20, 17, 38, 42, 43, 44, 45, 46, 13, 47, 50, 17, 18, 19, 20, 17, 51, 32, 33, 34, 35, 36, 37, 17, 18, 19, 20, 17, 38, 42, 43, 44, 45, 46, 13, 47, 48, 17, 18, 19, 20, 17, 51, 32, 33, 34, 35, 36, 37, 17, 18, 19, 20, 17, 38, 42, 43, 44, 45, 46, 13, 47, 50, 17, 18, 19, 20, 17, 51, 32, 33, 34, 35, 36, 37, 17, 18, 19, 20, 17, 38, 42, 43, 44, 45, 46, 13, 47, 48, 17, 18, 19, 20, 17, 51, 32, 33, 34, 35, 36, 37, 17, 18, 19, 20, 17, 38, 42, 43, 44, 45, 46, 13, 47, 48, 17, 18, 19, 20, 17, 51, 32, 33, 34, 35, 36, 37, 17, 18, 19, 20, 17, 38, 42, 43, 44, 45, 46, 13, 47, 50, 17, 18, 19, 20, 17, 51, 32, 33, 34, 35, 36, 37, 17, 18, 19, 20, 17, 38, 42, 43, 44, 45, 46, 13, 47, 50, 17, 18, 19, 20, 17, 51, 32, 33, 34, 35, 38, 42, 43, 44, 45, 51, 32, 33, 34, 35, 36, 37, 17, 18, 19, 20, 17, 38, 42, 43, 44, 45, 46, 13, 47, 50, 17, 18, 19, 20, 17, 51, 32, 33, 34, 35, 36, 37, 17, 18, 19, 20, 17, 38, 42, 43, 44, 45, 46, 13, 47, 50, 17, 18, 19, 20, 17, 51, 32, 33, 34, 35, 36, 37, 17, 18, 19, 20, 17, 38, 42, 43, 44, 45, 46, 13, 47, 48, 17, 18, 19, 20, 17, 51, 32, 33, 34, 35, 36, 37, 17, 18, 19, 20, 17, 38, 42, 43, 44, 45, 46, 13, 47, 50, 17, 18, 19, 20, 17, 51, 32, 33, 34, 35, 36, 37, 17, 18, 19, 20, 17, 38, 42, 43, 44, 45, 51, 32, 33, 34, 35, 36, 37, 17, 18, 19, 20, 17, 38, 42, 43, 44, 45, 46, 13, 47, 50, 17, 18, 19, 20, 17, 51, 32, 33, 34, 35, 36, 37, 17, 18, 19, 20, 17, 38, 42, 43, 44, 45, 46, 13, 47, 48, 17, 18, 19, 20, 17, 51, 32, 33, 34, 35, 38, 42, 43, 44, 45, 46, 13, 47, 48, 17, 18, 19, 20, 17, 51, 32, 33, 34, 35, 36, 37, 17, 18, 19, 20, 17, 38, 42, 43, 44, 45, 46, 13, 47, 48, 17, 18, 19, 20, 17, 51, 32, 33, 34, 35, 36, 37, 17, 18, 19, 20, 17, 38, 42, 43, 44, 45, 46, 13, 47, 50, 17, 18, 19, 20, 17, 51, 32, 33, 34, 35, 36, 37, 17, 18, 19, 20, 17, 38, 42, 43, 44, 45, 46, 13, 47, 48, 17, 18, 19, 20, 17, 51, 42, 43, 44, 45, 46, 13, 47, 48, 17, 18, 19, 20, 17, 51, 32, 33, 34, 35, 36, 37, 17, 18, 19, 20, 17, 38, 42, 43, 44, 45, 46, 13, 47, 50, 17, 18, 19, 20, 17, 51, 32, 33, 34, 35, 36, 37, 17, 18, 19, 20, 17, 38, 32, 33, 34, 35, 36, 37, 17, 18, 19, 20, 17, 38, 42, 43, 44, 45, 46, 13, 47, 48, 17, 18, 19, 20, 17, 51, 42, 43, 44, 45, 46, 13, 47, 48, 17, 18, 19, 20, 17, 51, 32, 33, 34, 35, 36, 37, 17, 18, 19, 20, 17, 38, 42, 43, 44, 45, 46, 13, 47, 48, 17, 18, 19, 20, 17, 51, 32, 33, 34, 35, 36, 37, 17, 18, 19, 20, 17, 38, 32, 33, 34, 35, 36, 37, 17, 18, 19, 20, 17, 38, 42, 43, 44, 45, 46, 13, 47, 48, 17, 18, 19, 20, 17, 51, 42, 43, 44, 45, 46, 13, 47, 50, 17, 18, 19, 20, 17, 51, 32, 33, 34, 35, 38, 32, 33, 34, 35, 36, 37, 17, 18, 19, 20, 17, 38, 42, 43, 44, 45, 46, 13, 47, 50, 17, 18, 19, 20, 17, 51, 42, 43, 44, 45, 46, 13, 47, 48, 17, 18, 19, 20, 17, 51, 32, 33, 34, 35, 36, 37, 17, 18, 19, 20, 17, 38, 42, 43, 44, 45, 51, 32, 33, 34, 35, 36, 37, 17, 18, 19, 20, 17, 38, 42, 43, 44, 45, 46, 13, 47, 48, 17, 18, 19, 20, 17, 51, 32, 33, 34, 35, 36, 37, 17, 18, 19, 20, 17, 38, 42, 43, 44, 45, 46, 13, 47, 50, 17, 18, 19, 20, 17, 51, 32, 33, 34, 35, 36, 37, 17, 18, 19, 20, 17, 38, 42, 43, 44, 45, 46, 13, 47, 48, 17, 18, 19, 20, 17, 51, 32, 33, 34, 35, 36, 37, 17, 18, 19, 20, 17, 38, 82, 79, 80, 54, 24, 25, 26, 27, 26, 25, 26, 27, 26, 25, 26, 27, 26, 25, 26, 27, 26, 25, 26, 27, 26, 25, 26, 27, 26, 25, 26, 27, 26, 25, 26, 27, 26, 25, 26, 27, 26, 25, 26, 27, 26, 25, 26, 27, 26, 25, 26, 27, 26, 25, 26, 27, 26, 25, 26, 27, 26, 25, 26, 27, 26, 25, 28, 55, 56, 55, 56, 55, 56, 55, 56, 55, 56, 55, 56, 55, 56, 55, 56, 55, 56, 55, 56, 55, 56, 55, 56, 55, 56, 55, 56, 55, 56, 55, 57, 81, 42, 43, 44, 45, 46, 13, 47, 50, 17, 18, 19, 20, 17, 51, 32, 33, 34, 35, 36, 37, 17, 18, 19, 20, 17, 38, 42, 43, 44, 45, 46, 13, 47, 50, 17, 18, 19, 20, 17, 51, 32, 33, 34, 35, 36, 37, 17, 18, 19, 20, 17, 38, 42, 43, 44, 45, 46, 13, 47, 50, 17, 18, 19, 20, 17, 51, 32, 33, 34, 35, 36, 37, 17, 18, 19, 20, 17, 38, 42, 43, 44, 45, 46, 13, 47, 48, 17, 18, 19, 20, 17, 51, 32, 33, 34, 35, 36, 37, 17, 18, 19, 20, 17, 38, 42, 43, 44, 45, 46, 13, 47, 50, 17, 18, 19, 20, 17, 51, 32, 33, 34, 35, 36, 37, 17, 18, 19, 20, 17, 38, 42, 43, 44, 45, 46, 13, 47, 50, 17, 18, 19, 20, 17, 51, 32, 33, 34, 35, 36, 37, 17, 18, 19, 20, 17, 38, 42, 43, 44, 45, 46, 13, 47, 50, 17, 18, 19, 20, 17, 51, 32, 33, 34, 35, 36, 37, 17, 18, 19, 20, 17, 38, 42, 43, 44, 45, 46, 13, 47, 50, 17, 18, 19, 20, 17, 51, 32, 33, 34, 35, 36, 37, 17, 18, 19, 20, 17, 38, 42, 43, 44, 45, 46, 13, 47, 50, 17, 18, 19, 20, 17, 51, 32, 33, 34, 35, 36, 37, 17, 18, 19, 20, 17, 38, 32, 33, 34, 35, 36, 37, 17, 18, 19, 20, 17, 38, 42, 43, 44, 45, 46, 13, 47, 48, 17, 18, 19, 20, 17, 51, 32, 33, 34, 35, 36, 37, 17, 18, 19, 20, 17, 38, 42, 43, 44, 45, 46, 13, 47, 48, 17, 18, 19, 20, 17, 51, 32, 33, 34, 35, 36, 37, 17, 18, 19, 20, 17, 38, 42, 43, 44, 45, 46, 13, 47, 50, 17, 18, 19, 20, 17, 51, 32, 33, 34, 35, 36, 37, 17, 18, 19, 20, 17, 38, 42, 43, 44, 45, 46, 13, 47, 50, 17, 18, 19, 20, 17, 51, 32, 33, 34, 35, 38, 42, 43, 44, 45, 46, 13, 47, 48, 17, 18, 19, 20, 17, 51, 32, 33, 34, 35, 36, 37, 17, 18, 19, 20, 17, 38, 42, 43, 44, 45, 46, 13, 47, 50, 17, 18, 19, 20, 17, 51, 32, 33, 34, 35, 36, 37, 17, 18, 19, 20, 17, 38, 42, 43, 44, 45, 46, 13, 47, 48, 17, 18, 19, 20, 17, 51, 32, 33, 34, 35, 36, 37, 17, 18, 19, 20, 17, 38, 42, 43, 44, 45, 46, 13, 47, 48, 17, 18, 19, 20, 17, 51, 32, 33, 34, 35, 36, 37, 17, 18, 19, 20, 17, 38, 42, 43, 44, 45, 46, 13, 47, 50, 17, 18, 19, 20, 17, 51, 32, 33, 34, 35, 36, 37, 17, 18, 19, 20, 17, 38, 42, 43, 44, 45, 46, 13, 47, 50, 17, 18, 19, 20, 17, 51, 32, 33, 34, 35, 36, 37, 17, 18, 19, 20, 17, 38, 42, 43, 44, 45, 46, 13, 47, 48, 17, 18, 19, 20, 17, 51, 32, 33, 34, 35, 36, 37, 17, 18, 19, 20, 17, 38, 42, 43, 44, 45, 51, 32, 33, 34, 35, 36, 37, 17, 18, 19, 20, 17, 38, 42, 43, 44, 45, 46, 13, 47, 48, 17, 18, 19, 20, 17, 51, 32, 33, 34, 35, 36, 37, 17, 18, 19, 20, 17, 38, 42, 43, 44, 45, 46, 13, 47, 50, 17, 18, 19, 20, 17, 51, 32, 33, 34, 35, 36, 37, 17, 18, 19, 20, 17, 38, 42, 43, 44, 45, 46, 13, 47, 48, 17, 18, 19, 20, 17, 51, 32, 33, 34, 35, 36, 37, 17, 18, 19, 20, 17, 38, 42, 43, 44, 45, 46, 13, 47, 50, 17, 18, 19, 20, 17, 51, 32, 33, 34, 35, 36, 37, 17, 18, 19, 20, 17, 38, 42, 43, 44, 45, 46, 13, 47, 48, 17, 18, 19, 20, 17, 51, 32, 33, 34, 35, 36, 37, 17, 18, 19, 20, 17, 38, 42, 43, 44, 45, 51, 32, 33, 34, 35, 36, 37, 17, 18, 19, 20, 17, 38, 42, 43, 44, 45, 46, 13, 47, 50, 17, 18, 19, 20, 17, 51, 32, 33, 34, 35, 36, 37, 17, 18, 19, 20, 17, 38, 42, 43, 44, 45, 51, 32, 33, 34, 35, 36, 37, 17, 18, 19, 20, 17, 38, 42, 43, 44, 45, 51, 42, 43, 44, 45, 46, 13, 47, 50, 17, 18, 19, 20, 17, 51, 32, 33, 34, 35, 36, 37, 17, 18, 19, 20, 17, 38, 42, 43, 44, 45, 46, 13, 47, 50, 17, 18, 19, 20, 17, 51, 32, 33, 34, 35, 38, 42, 43, 44, 45, 46, 13, 47, 48, 17, 18, 19, 20, 17, 51, 32, 33, 34, 35, 36, 37, 17, 18, 19, 20, 17, 38, 42, 43, 44, 45, 46, 13, 47, 48, 17, 18, 19, 20, 17, 51, 32, 33, 34, 35, 36, 37, 17, 18, 19, 20, 17, 38, 42, 43, 44, 45, 46, 13, 47, 48, 17, 18, 19, 20, 17, 51, 32, 33, 34, 35, 36, 37, 17, 18, 19, 20, 17, 38, 42, 43, 44, 45, 46, 13, 47, 48, 17, 18, 19, 20, 17, 51, 32, 33, 34, 35, 36, 37, 17, 18, 19, 20, 17, 38, 42, 43, 44, 45, 46, 13, 47, 48, 17, 18, 19, 20, 17, 51, 32, 33, 34, 35, 36, 37, 17, 18, 19, 20, 17, 38, 42, 43, 44, 45, 46, 13, 47, 48, 17, 18, 19, 20, 17, 51, 32, 33, 34, 35, 36, 37, 17, 18, 19, 20, 17, 38, 42, 43, 44, 45, 46, 13, 47, 48, 17, 18, 19, 20, 17, 51, 32, 33, 34, 35, 36, 37, 17, 18, 19, 20, 17, 38, 42, 43, 44, 45, 51, 32, 33, 34, 35, 36, 37, 17, 18, 19, 20, 17, 38, 42, 43, 44, 45, 46, 13, 47, 48, 17, 18, 19, 20, 17, 51, 32, 33, 34, 35, 36, 37, 17, 18, 19, 20, 17, 38, 42, 43, 44, 45, 46, 13, 47, 50, 17, 18, 19, 20, 17, 51, 32, 33, 34, 35, 36, 37, 17, 18, 19, 20, 17, 38, 42, 43, 44, 45, 46, 13, 47, 50, 17, 18, 19, 20, 17, 51, 32, 33, 34, 35, 36, 37, 17, 18, 19, 20, 17, 38, 42, 43, 44, 45, 46, 13, 47, 48, 17, 18, 19, 20, 17, 51, 32, 33, 34, 35, 36, 37, 17, 18, 19, 20, 17, 38, 42, 43, 44, 45, 46, 13, 47, 48, 17, 18, 19, 20, 17, 51, 32, 33, 34, 35, 36, 37, 17, 18, 19, 20, 17, 38, 42, 43, 44, 45, 46, 13, 47, 48, 17, 18, 19, 20, 17, 51, 32, 33, 34, 35, 36, 37, 17, 18, 19, 20, 17, 38, 42, 43, 44, 45, 46, 13, 47, 50, 17, 18, 19, 20, 17, 51, 32, 33, 34, 35, 36, 37, 17, 18, 19, 20, 17, 38, 32, 33, 34, 35, 36, 37, 17, 18, 19, 20, 17, 38, 42, 43, 44, 45, 46, 13, 47, 48, 17, 18, 19, 20, 17, 51, 32, 33, 34, 35, 36, 37, 17, 18, 19, 20, 17, 38, 42, 43, 44, 45, 46, 13, 47, 50, 17, 18, 19, 20, 17, 51, 32, 33, 34, 35, 36, 37, 17, 18, 19, 20, 17, 38, 42, 43, 44, 45, 46, 13, 47, 48, 17, 18, 19, 20, 17, 51, 32, 33, 34, 35, 36, 37, 17, 18, 19, 20, 17, 38, 42, 43, 44, 45, 51, 32, 33, 34, 35, 36, 37, 17, 18, 19, 20, 17, 38, 42, 43, 44, 45, 46, 13, 47, 50, 17, 18, 19, 20, 17, 51, 32, 33, 34, 35, 36, 37, 17, 18, 19, 20, 17, 38, 42, 43, 44, 45, 46, 13, 47, 48, 17, 18, 19, 20, 17, 51, 32, 33, 34, 35, 36, 37, 17, 18, 19, 20, 17, 38, 42, 43, 44, 45, 46, 13, 47, 48, 17, 18, 19, 20, 17, 51, 32, 33, 34, 35, 36, 37, 17, 18, 19, 20, 17, 38, 42, 43, 44, 45, 46, 13, 47, 50, 17, 18, 19, 20, 17, 51, 32, 33, 34, 35, 36, 37, 17, 18, 19, 20, 17, 38, 42, 43, 44, 45, 46, 13, 47, 48, 17, 18, 19, 20, 17, 51, 32, 33, 34, 35, 36, 37, 17, 18, 19, 20, 17, 38, 42, 43, 44, 45, 46, 13, 47, 48, 17, 18, 19, 20, 17, 51, 32, 33, 34, 35, 36, 37, 17, 18, 19, 20, 17, 38, 42, 43, 44, 45, 46, 13, 47, 48, 17, 18, 19, 20, 17, 51, 32, 33, 34, 35, 36, 37, 17, 18, 19, 20, 17, 38, 42, 43, 44, 45, 46, 13, 47, 50, 17, 18, 19, 20, 17, 51, 32, 33, 34, 35, 36, 37, 17, 18, 19, 20, 17, 38, 42, 43, 44, 45, 46, 13, 47, 50, 17, 18, 19, 20, 17, 51, 32, 33, 34, 35, 36, 37, 17, 18, 19, 20, 17, 38, 42, 43, 44, 45, 46, 13, 47, 48, 17, 18, 19, 20, 17, 51, 32, 33, 34, 35, 36, 37, 17, 18, 19, 20, 17, 38, 42, 43, 44, 45, 46, 13, 47, 50, 17, 18, 19, 20, 17, 51, 32, 33, 34, 35, 36, 37, 17, 18, 19, 20, 17, 38, 42, 43, 44, 45, 46, 13, 47, 50, 17, 18, 19, 20, 17, 51, 32, 33, 34, 35, 36, 37, 17, 18, 19, 20, 17, 38, 42, 43, 44, 45, 46, 13, 47, 50, 17, 18, 19, 20, 17, 51, 32, 33, 34, 35, 36, 37, 17, 18, 19, 20, 17, 38, 42, 43, 44, 45, 46, 13, 47, 48, 17, 18, 19, 20, 17, 51, 32, 33, 34, 35, 36, 37, 17, 18, 19, 20, 17, 38, 42, 43, 44, 45, 46, 13, 47, 48, 17, 18, 19, 20, 17, 51, 32, 33, 34, 35, 36, 37, 17, 18, 19, 20, 17, 38, 42, 43, 44, 45, 46, 13, 47, 48, 17, 18, 19, 20, 17, 51, 32, 33, 34, 35, 36, 37, 17, 18, 19, 20, 17, 38, 42, 43, 44, 45, 46, 13, 47, 48, 17, 18, 19, 20, 17, 51, 32, 33, 34, 35, 36, 37, 17, 18, 19, 20, 17, 38, 42, 43, 44, 45, 46, 13, 47, 48, 17, 18, 19, 20, 17, 51, 32, 33, 34, 35, 36, 37, 17, 18, 19, 20, 17, 38, 42, 43, 44, 45, 46, 13, 47, 50, 17, 18, 19, 20, 17, 51, 32, 33, 34, 35, 36, 37, 17, 18, 19, 20, 17, 38, 42, 43, 44, 45, 46, 13, 47, 48, 17, 18, 19, 20, 17, 51, 32, 33, 34, 35, 36, 37, 17, 18, 19, 20, 17, 38, 42, 43, 44, 45, 46, 13, 47, 48, 17, 18, 19, 20, 17, 51, 32, 33, 34, 35, 36, 37, 17, 18, 19, 20, 17, 38, 42, 43, 44, 45, 46, 13, 47, 48, 17, 18, 19, 20, 17, 51, 32, 33, 34, 35, 36, 37, 17, 18, 19, 20, 17, 38, 42, 43, 44, 45, 46, 13, 47, 48, 17, 18, 19, 20, 17, 51, 32, 33, 34, 35, 36, 37, 17, 18, 19, 20, 17, 38, 42, 43, 44, 45, 46, 13, 47, 48, 17, 18, 19, 20, 17, 51, 32, 33, 34, 35, 38, 42, 43, 44, 45, 51, 32, 33, 34, 35, 36, 37, 17, 18, 19, 20, 17, 38, 42, 43, 44, 45, 46, 13, 47, 48, 17, 18, 19, 20, 17, 51, 42, 43, 44, 45, 51, 32, 33, 34, 35, 36, 37, 17, 18, 19, 20, 17, 38, 42, 43, 44, 45, 46, 13, 47, 50, 17, 18, 19, 20, 17, 51, 32, 33, 34, 35, 36, 37, 17, 18, 19, 20, 17, 38, 42, 43, 44, 45, 46, 13, 47, 50, 17, 18, 19, 20, 17, 51, 32, 33, 34, 35, 36, 37, 17, 18, 19, 20, 17, 38, 42, 43, 44, 45, 46, 13, 47, 48, 17, 18, 19, 20, 17, 51, 32, 33, 34, 35, 36, 37, 17, 18, 19, 20, 17, 38, 42, 43, 44, 45, 46, 13, 47, 50, 17, 18, 19, 20, 17, 51, 32, 33, 34, 35, 36, 37, 17, 18, 19, 20, 17, 38, 42, 43, 44, 45, 46, 13, 47, 48, 17, 18, 19, 20, 17, 51, 32, 33, 34, 35, 36, 37, 17, 18, 19, 20, 17, 38, 42, 43, 44, 45, 46, 13, 47, 48, 17, 18, 19, 20, 17, 51, 32, 33, 34, 35, 36, 37, 17, 18, 19, 20, 17, 38, 42, 43, 44, 45, 46, 13, 47, 50, 17, 18, 19, 20, 17, 51, 32, 33, 34, 35, 36, 37, 17, 18, 19, 20, 17, 38, 42, 43, 44, 45, 46, 13, 47, 48, 17, 18, 19, 20, 17, 51, 32, 33, 34, 35, 36, 37, 17, 18, 19, 20, 17, 38, 42, 43, 44, 45, 46, 13, 47, 48, 17, 18, 19, 20, 17, 51, 32, 33, 34, 35, 36, 37, 17, 18, 19, 20, 17, 38, 42, 43, 44, 45, 51, 32, 33, 34, 35, 36, 37, 17, 18, 19, 20, 17, 38, 42, 43, 44, 45, 46, 13, 47, 48, 17, 18, 19, 20, 17, 51, 32, 33, 34, 35, 36, 37, 17, 18, 19, 20, 17, 38, 42, 43, 44, 45, 46, 13, 47, 48, 17, 18, 19, 20, 17, 51, 32, 33, 34, 35, 36, 37, 17, 18, 19, 20, 17, 38, 42, 43, 44, 45, 46, 13, 47, 48, 17, 18, 19, 20, 17, 51, 32, 33, 34, 35, 36, 37, 17, 18, 19, 20, 17, 38, 42, 43, 44, 45, 46, 13, 47, 48, 17, 18, 19, 20, 17, 51, 32, 33, 34, 35, 36, 37, 17, 18, 19, 20, 17, 38, 42, 43, 44, 45, 46, 13, 47, 50, 17, 18, 19, 20, 17, 51, 32, 33, 34, 35, 38, 42, 43, 44, 45, 46, 13, 47, 48, 17, 18, 19, 20, 17, 51, 32, 33, 34, 35, 38, 42, 43, 44, 45, 46, 13, 47, 48, 17, 18, 19, 20, 17, 51, 32, 33, 34, 35, 36, 37, 17, 18, 19, 20, 17, 38, 82, 79, 83, 88, 42, 32, 89, )]",False,0.0006313337469657882
atomic-updates,Concurrency_prepared,"[61, 64, 67, 68, 71, 72, 79, 80, 54, 24, 25, 26, 27, 25, 26, 27, 25, 26, 27, 25, 26, 27, 25, 26, 27, 25, 26, 27, 25, 26, 27, 25, 26, 27, 25, 26, 27, 25, 26, 27, 25, 26, 27, 25, 26, 27, 25, 26, 27, 25, 26, 27, 25, 26, 27, 25, 26, 27, 25, 26, 27, 25, 26, 27, 25, 26, 27, 25, 26, 27, 25, 26, 27, 25, 26, 27, 25, 26, 27, 25, 26, 27, 25, 26, 27, 25, 26, 27, 25, 26, 27, 25, 26, 27, 25, 26, 27, 25, 26, 27, 25, 26, 27, 25, 26, 27, 25, 26, 27, 25, 26, 27, 25, 26, 27, 25, 26, 27, 25, 26, 27, 25, 26, 27, 25, 26, 27, 25, 26, 27, 25, 26, 27, 25, 26, 27, 25, 26, 27, 25, 26, 27, 25, 26, 27, 25, 26, 27, 25, 26, 27, 25, 26, 27, 25, 26, 27, 25, 26, 27, 25, 26, 27, 25, 26, 27, 25, 26, 27, 25, 26, 27, 25, 26, 27, 25, 26, 27, 25, 26, 27, 25, 26, 27, 25, 26, 27, 25, 26, 27, 25, 26, 27, 25, 26, 27, 25, 26, 27, 25, 26, 27, 25, 26, 27, 25, 26, 27, 25, 26, 27, 25, 26, 27, 25, 26, 27, 25, 26, 27, 25, 26, 27, 25, 26, 27, 25, 26, 27, 25, 26, 27, 25, 26, 27, 25, 26, 27, 25, 26, 27, 25, 26, 27, 25, 26, 27, 25, 26, 27, 25, 26, 27, 25, 26, 27, 25, 26, 27, 25, 26, 27, 25, 26, 27, 25, 26, 27, 25, 26, 27, 25, 26, 27, 25, 26, 27, 25, 26, 27, 25, 26, 27, 25, 26, 27, 25, 26, 27, 25, 26, 27, 25, 26, 27, 25, 26, 27, 25, 26, 27, 25, 26, 27, 25, 26, 27, 25, 26, 27, 25, 26, 27, 25, 26, 27, 25, 26, 27, 25, 26, 27, 25, 26, 27, 25, 26, 27, 25, 26, 27, 25, 26, 27, 25, 26, 27, 25, 26, 27, 25, 26, 27, 25, 26, 27, 25, 26, 27, 25, 26, 27, 25, 26, 27, 25, 26, 27, 25, 26, 27, 25, 26, 27, 25, 26, 27, 25, 26, 27, 25, 26, 27, 25, 26, 27, 25, 26, 27, 25, 26, 27, 25, 26, 27, 25, 26, 27, 25, 26, 27, 25, 26, 27, 25, 26, 27, 25, 26, 27, 25, 26, 27, 25, 26, 27, 25, 26, 27, 25, 26, 27, 25, 26, 27, 25, 26, 27, 25, 26, 27, 25, 26, 27, 25, 26, 27, 25, 26, 27, 25, 26, 27, 25, 26, 27, 25, 26, 27, 25, 26, 27, 25, 26, 27, 25, 26, 27, 25, 26, 27, 25, 26, 27, 25, 26, 27, 25, 26, 27, 25, 26, 27, 25, 26, 27, 25, 26, 27, 25, 26, 27, 25, 26, 27, 25, 26, 27, 25, 26, 27, 25, 26, 27, 25, 26, 27, 25, 26, 27, 25, 26, 27, 25, 26, 27, 25, 26, 27, 25, 26, 27, 25, 26, 27, 25, 26, 27, 25, 26, 27, 25, 26, 27, 25, 26, 27, 25, 26, 27, 25, 26, 27, 25, 26, 27, 25, 26, 27, 25, 26, 27, 25, 26, 27, 25, 26, 27, 25, 26, 27, 25, 26, 27, 25, 26, 27, 25, 26, 27, 25, 26, 27, 25, 26, 27, 25, 26, 27, 25, 26, 27, 25, 26, 27, 25, 26, 27, 25, 26, 27, 25, 26, 27, 25, 26, 27, 25, 26, 27, 25, 26, 27, 25, 26, 27, 25, 26, 27, 25, 26, 27, 25, 26, 27, 25, 26, 27, 25, 26, 27, 25, 26, 27, 25, 26, 27, 25, 26, 27, 25, 26, 27, 25, 26, 27, 25, 26, 27, 25, 26, 27, 25, 26, 27, 25, 26, 27, 25, 26, 27, 25, 26, 27, 25, 26, 27, 25, 26, 27, 25, 26, 27, 25, 26, 27, 25, 26, 27, 25, 26, 27, 25, 26, 27, 25, 26, 27, 25, 26, 27, 25, 26, 27, 25, 26, 27, 25, 26, 27, 25, 26, 27, 25, 26, 27, 25, 26, 27, 25, 26, 27, 25, 26, 27, 25, 26, 27, 25, 26, 27, 25, 26, 27, 25, 26, 27, 25, 26, 27, 25, 26, 27, 25, 26, 27, 25, 26, 27, 25, 26, 27, 25, 26, 27, 25, 26, 27, 25, 26, 27, 25, 26, 27, 25, 26, 27, 25, 26, 27, 25, 26, 27, 25, 26, 27, 25, 26, 27, 25, 26, 27, 25, 26, 27, 25, 26, 27, 25, 26, 27, 25, 26, 27, 25, 26, 27, 25, 26, 27, 25, 26, 27, 25, 26, 27, 25, 26, 27, 25, 26, 27, 25, 26, 27, 25, 26, 27, 25, 26, 27, 25, 26, 27, 25, 26, 27, 25, 26, 27, 25, 26, 27, 25, 26, 27, 25, 26, 27, 25, 26, 27, 25, 26, 27, 25, 26, 27, 25, 26, 27, 25, 26, 27, 25, 26, 27, 25, 26, 27, 25, 26, 27, 25, 26, 27, 25, 26, 27, 25, 26, 27, 25, 26, 27, 25, 26, 27, 25, 26, 27, 25, 26, 27, 25, 26, 27, 25, 26, 27, 25, 26, 27, 25, 26, 27, 25, 26, 27, 25, 26, 27, 25, 26, 27, 25, 26, 27, 25, 26, 27, 25, 26, 27, 25, 26, 27, 25, 26, 27, 25, 26, 27, 25, 26, 27, 25, 26, 27, 25, 26, 27, 25, 26, 27, 25, 26, 27, 25, 26, 27, 25, 26, 27, 25, 26, 27, 25, 26, 27, 25, 26, 27, 25, 26, 27, 25, 26, 27, 25, 26, 27, 25, 26, 27, 25, 26, 27, 25, 26, 27, 25, 26, 27, 25, 26, 27, 25, 26, 27, 25, 26, 27, 25, 26, 27, 25, 26, 27, 25, 26, 27, 25, 26, 27, 25, 26, 27, 25, 26, 27, 25, 26, 27, 25, 26, 27, 25, 26, 27, 25, 26, 27, 25, 26, 27, 25, 26, 27, 25, 26, 27, 25, 26, 27, 25, 26, 27, 25, 26, 27, 25, 26, 27, 25, 26, 27, 25, 26, 27, 25, 26, 27, 25, 26, 27, 25, 26, 27, 25, 26, 27, 25, 26, 27, 25, 26, 27, 25, 26, 27, 25, 26, 27]","[61, 7, 8, 10, 64, 67, (, 68, 31, 32, 33, 34, 35, 36, 37, 17, 18, 19, 20, 17, 38, 71, 72, 41, 42, 43, 44, 45, 46, 13, 47, 50, 17, 18, 19, 20, 17, 51, 75, 76, 78, 79, 80, 54, 24, 25, 26, 27, 26, 25, 26, 27, 26, 25, 26, 27, 26, 25, 26, 27, 26, 25, 26, 27, 26, 25, 26, 27, 26, 25, 26, 27, 26, 25, 26, 27, 26, 25, 26, 27, 26, 25, 26, 27, 26, 25, 26, 27, 26, 25, 26, 27, 26, 25, 26, 27, 26, 25, 26, 27, 26, 25, 26, 27, 26, 25, 28, 55, 56, 55, 56, 55, 56, 55, 56, 55, 56, 55, 56, 55, 56, 55, 56, 55, 56, 55, 56, 55, 56, 55, 56, 55, 56, 55, 56, 55, 56, 55, 57, 81, 32, 33, 34, 35, 36, 37, 17, 18, 19, 20, 17, 38, 42, 43, 44, 45, 46, 13, 47, 50, 17, 18, 19, 20, 17, 51, 32, 33, 34, 35, 36, 37, 17, 18, 19, 20, 17, 38, 42, 43, 44, 45, 46, 13, 47, 48, 17, 18, 19, 20, 17, 51, 32, 33, 34, 35, 36, 37, 17, 18, 19, 20, 17, 38, 42, 43, 44, 45, 46, 13, 47, 48, 17, 18, 19, 20, 17, 51, 32, 33, 34, 35, 38, 42, 43, 44, 45, 46, 13, 47, 50, 17, 18, 19, 20, 17, 51, 32, 33, 34, 35, 36, 37, 17, 18, 19, 20, 17, 38, 42, 43, 44, 45, 46, 13, 47, 48, 17, 18, 19, 20, 17, 51, 32, 33, 34, 35, 36, 37, 17, 18, 19, 20, 17, 38, 42, 43, 44, 45, 46, 13, 47, 48, 17, 18, 19, 20, 17, 51, 32, 33, 34, 35, 38, 42, 43, 44, 45, 46, 13, 47, 48, 17, 18, 19, 20, 17, 51, 32, 33, 34, 35, 36, 37, 17, 18, 19, 20, 17, 38, 42, 43, 44, 45, 46, 13, 47, 50, 17, 18, 19, 20, 17, 51, 32, 33, 34, 35, 38, 42, 43, 44, 45, 46, 13, 47, 50, 17, 18, 19, 20, 17, 51, 32, 33, 34, 35, 36, 37, 17, 18, 19, 20, 17, 38, 42, 43, 44, 45, 46, 13, 47, 50, 17, 18, 19, 20, 17, 51, 32, 33, 34, 35, 36, 37, 17, 18, 19, 20, 17, 38, 42, 43, 44, 45, 46, 13, 47, 48, 17, 18, 19, 20, 17, 51, 42, 43, 44, 45, 46, 13, 47, 48, 17, 18, 19, 20, 17, 51, 32, 33, 34, 35, 36, 37, 17, 18, 19, 20, 17, 38, 42, 43, 44, 45, 46, 13, 47, 50, 17, 18, 19, 20, 17, 51, 32, 33, 34, 35, 36, 37, 17, 18, 19, 20, 17, 38, 42, 43, 44, 45, 46, 13, 47, 50, 17, 18, 19, 20, 17, 51, 32, 33, 34, 35, 36, 37, 17, 18, 19, 20, 17, 38, 42, 43, 44, 45, 46, 13, 47, 48, 17, 18, 19, 20, 17, 51, 32, 33, 34, 35, 36, 37, 17, 18, 19, 20, 17, 38, 42, 43, 44, 45, 46, 13, 47, 48, 17, 18, 19, 20, 17, 51, 32, 33, 34, 35, 36, 37, 17, 18, 19, 20, 17, 38, 42, 43, 44, 45, 51, 32, 33, 34, 35, 36, 37, 17, 18, 19, 20, 17, 38, 42, 43, 44, 45, 46, 13, 47, 48, 17, 18, 19, 20, 17, 51, 32, 33, 34, 35, 36, 37, 17, 18, 19, 20, 17, 38, 42, 43, 44, 45, 46, 13, 47, 50, 17, 18, 19, 20, 17, 51, 32, 33, 34, 35, 36, 37, 17, 18, 19, 20, 17, 38, 32, 33, 34, 35, 36, 37, 17, 18, 19, 20, 17, 38, 42, 43, 44, 45, 46, 13, 47, 48, 17, 18, 19, 20, 17, 51, 32, 33, 34, 35, 36, 37, 17, 18, 19, 20, 17, 38, 42, 43, 44, 45, 46, 13, 47, 48, 17, 18, 19, 20, 17, 51, 32, 33, 34, 35, 36, 37, 17, 18, 19, 20, 17, 38, 42, 43, 44, 45, 46, 13, 47, 50, 17, 18, 19, 20, 17, 51, 32, 33, 34, 35, 36, 37, 17, 18, 19, 20, 17, 38, 42, 43, 44, 45, 46, 13, 47, 48, 17, 18, 19, 20, 17, 51, 32, 33, 34, 35, 36, 37, 17, 18, 19, 20, 17, 38, 42, 43, 44, 45, 46, 13, 47, 50, 17, 18, 19, 20, 17, 51, 32, 33, 34, 35, 36, 37, 17, 18, 19, 20, 17, 38, 42, 43, 44, 45, 46, 13, 47, 48, 17, 18, 19, 20, 17, 51, 32, 33, 34, 35, 36, 37, 17, 18, 19, 20, 17, 38, 42, 43, 44, 45, 46, 13, 47, 50, 17, 18, 19, 20, 17, 51, 32, 33, 34, 35, 36, 37, 17, 18, 19, 20, 17, 38, 42, 43, 44, 45, 46, 13, 47, 48, 17, 18, 19, 20, 17, 51, 42, 43, 44, 45, 46, 13, 47, 50, 17, 18, 19, 20, 17, 51, 32, 33, 34, 35, 36, 37, 17, 18, 19, 20, 17, 38, 42, 43, 44, 45, 46, 13, 47, 48, 17, 18, 19, 20, 17, 51, 32, 33, 34, 35, 36, 37, 17, 18, 19, 20, 17, 38, 42, 43, 44, 45, 46, 13, 47, 50, 17, 18, 19, 20, 17, 51, 32, 33, 34, 35, 36, 37, 17, 18, 19, 20, 17, 38, 42, 43, 44, 45, 46, 13, 47, 48, 17, 18, 19, 20, 17, 51, 32, 33, 34, 35, 36, 37, 17, 18, 19, 20, 17, 38, 42, 43, 44, 45, 46, 13, 47, 50, 17, 18, 19, 20, 17, 51, 32, 33, 34, 35, 36, 37, 17, 18, 19, 20, 17, 38, 42, 43, 44, 45, 46, 13, 47, 48, 17, 18, 19, 20, 17, 51, 32, 33, 34, 35, 36, 37, 17, 18, 19, 20, 17, 38, 42, 43, 44, 45, 46, 13, 47, 50, 17, 18, 19, 20, 17, 51, 32, 33, 34, 35, 36, 37, 17, 18, 19, 20, 17, 38, 42, 43, 44, 45, 46, 13, 47, 48, 17, 18, 19, 20, 17, 51, 32, 33, 34, 35, 36, 37, 17, 18, 19, 20, 17, 38, 42, 43, 44, 45, 46, 13, 47, 50, 17, 18, 19, 20, 17, 51, 32, 33, 34, 35, 36, 37, 17, 18, 19, 20, 17, 38, 42, 43, 44, 45, 46, 13, 47, 50, 17, 18, 19, 20, 17, 51, 32, 33, 34, 35, 36, 37, 17, 18, 19, 20, 17, 38, 42, 43, 44, 45, 46, 13, 47, 48, 17, 18, 19, 20, 17, 51, 32, 33, 34, 35, 36, 37, 17, 18, 19, 20, 17, 38, 42, 43, 44, 45, 46, 13, 47, 50, 17, 18, 19, 20, 17, 51, 32, 33, 34, 35, 36, 37, 17, 18, 19, 20, 17, 38, 42, 43, 44, 45, 46, 13, 47, 48, 17, 18, 19, 20, 17, 51, 32, 33, 34, 35, 36, 37, 17, 18, 19, 20, 17, 38, 42, 43, 44, 45, 46, 13, 47, 50, 17, 18, 19, 20, 17, 51, 32, 33, 34, 35, 36, 37, 17, 18, 19, 20, 17, 38, 42, 43, 44, 45, 46, 13, 47, 50, 17, 18, 19, 20, 17, 51, 32, 33, 34, 35, 36, 37, 17, 18, 19, 20, 17, 38, 42, 43, 44, 45, 46, 13, 47, 48, 17, 18, 19, 20, 17, 51, 32, 33, 34, 35, 36, 37, 17, 18, 19, 20, 17, 38, 42, 43, 44, 45, 46, 13, 47, 50, 17, 18, 19, 20, 17, 51, 32, 33, 34, 35, 36, 37, 17, 18, 19, 20, 17, 38, 42, 43, 44, 45, 46, 13, 47, 48, 17, 18, 19, 20, 17, 51, 32, 33, 34, 35, 36, 37, 17, 18, 19, 20, 17, 38, 42, 43, 44, 45, 46, 13, 47, 50, 17, 18, 19, 20, 17, 51, 32, 33, 34, 35, 38, 42, 43, 44, 45, 46, 13, 47, 48, 17, 18, 19, 20, 17, 51, 32, 33, 34, 35, 36, 37, 17, 18, 19, 20, 17, 38, 42, 43, 44, 45, 46, 13, 47, 48, 17, 18, 19, 20, 17, 51, 32, 33, 34, 35, 36, 37, 17, 18, 19, 20, 17, 38, 42, 43, 44, 45, 51, 32, 33, 34, 35, 36, 37, 17, 18, 19, 20, 17, 38, 42, 43, 44, 45, 46, 13, 47, 48, 17, 18, 19, 20, 17, 51, 32, 33, 34, 35, 36, 37, 17, 18, 19, 20, 17, 38, 42, 43, 44, 45, 46, 13, 47, 50, 17, 18, 19, 20, 17, 51, 32, 33, 34, 35, 36, 37, 17, 18, 19, 20, 17, 38, 42, 43, 44, 45, 46, 13, 47, 50, 17, 18, 19, 20, 17, 51, 32, 33, 34, 35, 36, 37, 17, 18, 19, 20, 17, 38, 42, 43, 44, 45, 46, 13, 47, 50, 17, 18, 19, 20, 17, 51, 32, 33, 34, 35, 36, 37, 17, 18, 19, 20, 17, 38, 42, 43, 44, 45, 46, 13, 47, 50, 17, 18, 19, 20, 17, 51, 32, 33, 34, 35, 36, 37, 17, 18, 19, 20, 17, 38, 42, 43, 44, 45, 46, 13, 47, 50, 17, 18, 19, 20, 17, 51, 32, 33, 34, 35, 38, 42, 43, 44, 45, 46, 13, 47, 50, 17, 18, 19, 20, 17, 51, 32, 33, 34, 35, 38, 42, 43, 44, 45, 46, 13, 47, 50, 17, 18, 19, 20, 17, 51, 32, 33, 34, 35, 36, 37, 17, 18, 19, 20, 17, 38, 42, 43, 44, 45, 46, 13, 47, 48, 17, 18, 19, 20, 17, 51, 32, 33, 34, 35, 36, 37, 17, 18, 19, 20, 17, 38, 42, 43, 44, 45, 46, 13, 47, 48, 17, 18, 19, 20, 17, 51, 32, 33, 34, 35, 36, 37, 17, 18, 19, 20, 17, 38, 42, 43, 44, 45, 46, 13, 47, 48, 17, 18, 19, 20, 17, 51, 32, 33, 34, 35, 36, 37, 17, 18, 19, 20, 17, 38, 42, 43, 44, 45, 46, 13, 47, 48, 17, 18, 19, 20, 17, 51, 32, 33, 34, 35, 36, 37, 17, 18, 19, 20, 17, 38, 42, 43, 44, 45, 46, 13, 47, 48, 17, 18, 19, 20, 17, 51, 32, 33, 34, 35, 38, 42, 43, 44, 45, 46, 13, 47, 48, 17, 18, 19, 20, 17, 51, 32, 33, 34, 35, 36, 37, 17, 18, 19, 20, 17, 38, 42, 43, 44, 45, 46, 13, 47, 48, 17, 18, 19, 20, 17, 51, 32, 33, 34, 35, 36, 37, 17, 18, 19, 20, 17, 38, 42, 43, 44, 45, 46, 13, 47, 50, 17, 18, 19, 20, 17, 51, 32, 33, 34, 35, 36, 37, 17, 18, 19, 20, 17, 38, 42, 43, 44, 45, 46, 13, 47, 48, 17, 18, 19, 20, 17, 51, 32, 33, 34, 35, 36, 37, 17, 18, 19, 20, 17, 38, 42, 43, 44, 45, 46, 13, 47, 48, 17, 18, 19, 20, 17, 51, 32, 33, 34, 35, 36, 37, 17, 18, 19, 20, 17, 38, 42, 43, 44, 45, 46, 13, 47, 50, 17, 18, 19, 20, 17, 51, 32, 33, 34, 35, 36, 37, 17, 18, 19, 20, 17, 38, 42, 43, 44, 45, 46, 13, 47, 50, 17, 18, 19, 20, 17, 51, 32, 33, 34, 35, 36, 37, 17, 18, 19, 20, 17, 38, 42, 43, 44, 45, 46, 13, 47, 50, 17, 18, 19, 20, 17, 51, 32, 33, 34, 35, 36, 37, 17, 18, 19, 20, 17, 38, 42, 43, 44, 45, 46, 13, 47, 48, 17, 18, 19, 20, 17, 51, 32, 33, 34, 35, 36, 37, 17, 18, 19, 20, 17, 38, 42, 43, 44, 45, 46, 13, 47, 48, 17, 18, 19, 20, 17, 51, 32, 33, 34, 35, 36, 37, 17, 18, 19, 20, 17, 38, 42, 43, 44, 45, 46, 13, 47, 50, 17, 18, 19, 20, 17, 51, 32, 33, 34, 35, 36, 37, 17, 18, 19, 20, 17, 38, 42, 43, 44, 45, 46, 13, 47, 48, 17, 18, 19, 20, 17, 51, 32, 33, 34, 35, 38, 42, 43, 44, 45, 46, 13, 47, 48, 17, 18, 19, 20, 17, 51, 32, 33, 34, 35, 36, 37, 17, 18, 19, 20, 17, 38, 42, 43, 44, 45, 46, 13, 47, 48, 17, 18, 19, 20, 17, 51, 32, 33, 34, 35, 36, 37, 17, 18, 19, 20, 17, 38, 42, 43, 44, 45, 46, 13, 47, 48, 17, 18, 19, 20, 17, 51, 32, 33, 34, 35, 36, 37, 17, 18, 19, 20, 17, 38, 42, 43, 44, 45, 46, 13, 47, 50, 17, 18, 19, 20, 17, 51, 32, 33, 34, 35, 36, 37, 17, 18, 19, 20, 17, 38, 42, 43, 44, 45, 46, 13, 47, 50, 17, 18, 19, 20, 17, 51, 32, 33, 34, 35, 36, 37, 17, 18, 19, 20, 17, 38, 42, 43, 44, 45, 46, 13, 47, 48, 17, 18, 19, 20, 17, 51, 32, 33, 34, 35, 36, 37, 17, 18, 19, 20, 17, 38, 42, 43, 44, 45, 51, 32, 33, 34, 35, 36, 37, 17, 18, 19, 20, 17, 38, 42, 43, 44, 45, 46, 13, 47, 50, 17, 18, 19, 20, 17, 51, 32, 33, 34, 35, 36, 37, 17, 18, 19, 20, 17, 38, 42, 43, 44, 45, 46, 13, 47, 50, 17, 18, 19, 20, 17, 51, 32, 33, 34, 35, 36, 37, 17, 18, 19, 20, 17, 38, 42, 43, 44, 45, 46, 13, 47, 48, 17, 18, 19, 20, 17, 51, 32, 33, 34, 35, 36, 37, 17, 18, 19, 20, 17, 38, 42, 43, 44, 45, 46, 13, 47, 50, 17, 18, 19, 20, 17, 51, 32, 33, 34, 35, 36, 37, 17, 18, 19, 20, 17, 38, 42, 43, 44, 45, 46, 13, 47, 50, 17, 18, 19, 20, 17, 51, 32, 33, 34, 35, 36, 37, 17, 18, 19, 20, 17, 38, 42, 43, 44, 45, 46, 13, 47, 48, 17, 18, 19, 20, 17, 51, 32, 33, 34, 35, 36, 37, 17, 18, 19, 20, 17, 38, 42, 43, 44, 45, 46, 13, 47, 50, 17, 18, 19, 20, 17, 51, 32, 33, 34, 35, 36, 37, 17, 18, 19, 20, 17, 38, 42, 43, 44, 45, 46, 13, 47, 48, 17, 18, 19, 20, 17, 51, 32, 33, 34, 35, 36, 37, 17, 18, 19, 20, 17, 38, 42, 43, 44, 45, 46, 13, 47, 48, 17, 18, 19, 20, 17, 51, 32, 33, 34, 35, 36, 37, 17, 18, 19, 20, 17, 38, 42, 43, 44, 45, 46, 13, 47, 48, 17, 18, 19, 20, 17, 51, 32, 33, 34, 35, 36, 37, 17, 18, 19, 20, 17, 38, 42, 43, 44, 45, 46, 13, 47, 50, 17, 18, 19, 20, 17, 51, 32, 33, 34, 35, 36, 37, 17, 18, 19, 20, 17, 38, 42, 43, 44, 45, 46, 13, 47, 50, 17, 18, 19, 20, 17, 51, 32, 33, 34, 35, 36, 37, 17, 18, 19, 20, 17, 38, 42, 43, 44, 45, 46, 13, 47, 50, 17, 18, 19, 20, 17, 51, 32, 33, 34, 35, 38, 42, 43, 44, 45, 46, 13, 47, 50, 17, 18, 19, 20, 17, 51, 32, 33, 34, 35, 36, 37, 17, 18, 19, 20, 17, 38, 82, 79, 80, 54, 24, 25, 26, 27, 26, 25, 26, 27, 26, 25, 26, 27, 26, 25, 26, 27, 26, 25, 26, 27, 26, 25, 26, 27, 26, 25, 26, 27, 26, 25, 26, 27, 26, 25, 26, 27, 26, 25, 26, 27, 26, 25, 26, 27, 26, 25, 26, 27, 26, 25, 26, 27, 26, 25, 26, 27, 26, 25, 26, 27, 26, 25, 28, 55, 56, 55, 56, 55, 56, 55, 56, 55, 56, 55, 56, 55, 56, 55, 56, 55, 56, 55, 56, 55, 56, 55, 56, 55, 56, 55, 56, 55, 56, 55, 57, 81, 42, 43, 44, 45, 46, 13, 47, 48, 17, 18, 19, 20, 17, 51, 32, 33, 34, 35, 36, 37, 17, 18, 19, 20, 17, 38, 42, 43, 44, 45, 46, 13, 47, 48, 17, 18, 19, 20, 17, 51, 32, 33, 34, 35, 36, 37, 17, 18, 19, 20, 17, 38, 42, 43, 44, 45, 46, 13, 47, 50, 17, 18, 19, 20, 17, 51, 32, 33, 34, 35, 36, 37, 17, 18, 19, 20, 17, 38, 42, 43, 44, 45, 46, 13, 47, 50, 17, 18, 19, 20, 17, 51, 32, 33, 34, 35, 36, 37, 17, 18, 19, 20, 17, 38, 42, 43, 44, 45, 46, 13, 47, 48, 17, 18, 19, 20, 17, 51, 32, 33, 34, 35, 36, 37, 17, 18, 19, 20, 17, 38, 42, 43, 44, 45, 46, 13, 47, 50, 17, 18, 19, 20, 17, 51, 32, 33, 34, 35, 36, 37, 17, 18, 19, 20, 17, 38, 42, 43, 44, 45, 46, 13, 47, 50, 17, 18, 19, 20, 17, 51, 32, 33, 34, 35, 36, 37, 17, 18, 19, 20, 17, 38, 42, 43, 44, 45, 46, 13, 47, 48, 17, 18, 19, 20, 17, 51, 32, 33, 34, 35, 36, 37, 17, 18, 19, 20, 17, 38, 42, 43, 44, 45, 46, 13, 47, 50, 17, 18, 19, 20, 17, 51, 32, 33, 34, 35, 36, 37, 17, 18, 19, 20, 17, 38, 42, 43, 44, 45, 51, 32, 33, 34, 35, 36, 37, 17, 18, 19, 20, 17, 38, 42, 43, 44, 45, 46, 13, 47, 50, 17, 18, 19, 20, 17, 51, 32, 33, 34, 35, 36, 37, 17, 18, 19, 20, 17, 38, 42, 43, 44, 45, 51, 32, 33, 34, 35, 36, 37, 17, 18, 19, 20, 17, 38, 42, 43, 44, 45, 51, 32, 33, 34, 35, 36, 37, 17, 18, 19, 20, 17, 38, 42, 43, 44, 45, 46, 13, 47, 48, 17, 18, 19, 20, 17, 51, 32, 33, 34, 35, 36, 37, 17, 18, 19, 20, 17, 38, 42, 43, 44, 45, 46, 13, 47, 48, 17, 18, 19, 20, 17, 51, 32, 33, 34, 35, 36, 37, 17, 18, 19, 20, 17, 38, 42, 43, 44, 45, 46, 13, 47, 50, 17, 18, 19, 20, 17, 51, 32, 33, 34, 35, 36, 37, 17, 18, 19, 20, 17, 38, 42, 43, 44, 45, 46, 13, 47, 50, 17, 18, 19, 20, 17, 51, 32, 33, 34, 35, 36, 37, 17, 18, 19, 20, 17, 38, 42, 43, 44, 45, 46, 13, 47, 48, 17, 18, 19, 20, 17, 51, 32, 33, 34, 35, 36, 37, 17, 18, 19, 20, 17, 38, 42, 43, 44, 45, 46, 13, 47, 50, 17, 18, 19, 20, 17, 51, 32, 33, 34, 35, 36, 37, 17, 18, 19, 20, 17, 38, 32, 33, 34, 35, 38, 42, 43, 44, 45, 46, 13, 47, 48, 17, 18, 19, 20, 17, 51, 32, 33, 34, 35, 36, 37, 17, 18, 19, 20, 17, 38, 42, 43, 44, 45, 46, 13, 47, 48, 17, 18, 19, 20, 17, 51, 32, 33, 34, 35, 36, 37, 17, 18, 19, 20, 17, 38, 42, 43, 44, 45, 46, 13, 47, 48, 17, 18, 19, 20, 17, 51, 32, 33, 34, 35, 36, 37, 17, 18, 19, 20, 17, 38, 42, 43, 44, 45, 46, 13, 47, 48, 17, 18, 19, 20, 17, 51, 32, 33, 34, 35, 38, 42, 43, 44, 45, 46, 13, 47, 48, 17, 18, 19, 20, 17, 51, 32, 33, 34, 35, 38, 42, 43, 44, 45, 46, 13, 47, 48, 17, 18, 19, 20, 17, 51, 42, 43, 44, 45, 46, 13, 47, 50, 17, 18, 19, 20, 17, 51, 32, 33, 34, 35, 36, 37, 17, 18, 19, 20, 17, 38, 42, 43, 44, 45, 46, 13, 47, 48, 17, 18, 19, 20, 17, 51, 32, 33, 34, 35, 36, 37, 17, 18, 19, 20, 17, 38, 42, 43, 44, 45, 46, 13, 47, 48, 17, 18, 19, 20, 17, 51, 32, 33, 34, 35, 36, 37, 17, 18, 19, 20, 17, 38, 42, 43, 44, 45, 46, 13, 47, 48, 17, 18, 19, 20, 17, 51, 32, 33, 34, 35, 36, 37, 17, 18, 19, 20, 17, 38, 42, 43, 44, 45, 46, 13, 47, 48, 17, 18, 19, 20, 17, 51, 32, 33, 34, 35, 38, 42, 43, 44, 45, 46, 13, 47, 50, 17, 18, 19, 20, 17, 51, 32, 33, 34, 35, 38, 42, 43, 44, 45, 46, 13, 47, 48, 17, 18, 19, 20, 17, 51, 32, 33, 34, 35, 36, 37, 17, 18, 19, 20, 17, 38, 42, 43, 44, 45, 46, 13, 47, 48, 17, 18, 19, 20, 17, 51, 32, 33, 34, 35, 36, 37, 17, 18, 19, 20, 17, 38, 42, 43, 44, 45, 46, 13, 47, 48, 17, 18, 19, 20, 17, 51, 32, 33, 34, 35, 36, 37, 17, 18, 19, 20, 17, 38, 42, 43, 44, 45, 46, 13, 47, 50, 17, 18, 19, 20, 17, 51, 32, 33, 34, 35, 36, 37, 17, 18, 19, 20, 17, 38, 42, 43, 44, 45, 51, 32, 33, 34, 35, 36, 37, 17, 18, 19, 20, 17, 38, 42, 43, 44, 45, 46, 13, 47, 50, 17, 18, 19, 20, 17, 51, 32, 33, 34, 35, 36, 37, 17, 18, 19, 20, 17, 38, 42, 43, 44, 45, 46, 13, 47, 48, 17, 18, 19, 20, 17, 51, 32, 33, 34, 35, 36, 37, 17, 18, 19, 20, 17, 38, 42, 43, 44, 45, 46, 13, 47, 48, 17, 18, 19, 20, 17, 51, 32, 33, 34, 35, 36, 37, 17, 18, 19, 20, 17, 38, 42, 43, 44, 45, 46, 13, 47, 48, 17, 18, 19, 20, 17, 51, 32, 33, 34, 35, 36, 37, 17, 18, 19, 20, 17, 38, 42, 43, 44, 45, 46, 13, 47, 48, 17, 18, 19, 20, 17, 51, 32, 33, 34, 35, 36, 37, 17, 18, 19, 20, 17, 38, 42, 43, 44, 45, 46, 13, 47, 48, 17, 18, 19, 20, 17, 51, 32, 33, 34, 35, 36, 37, 17, 18, 19, 20, 17, 38, 42, 43, 44, 45, 46, 13, 47, 50, 17, 18, 19, 20, 17, 51, 32, 33, 34, 35, 36, 37, 17, 18, 19, 20, 17, 38, 42, 43, 44, 45, 46, 13, 47, 50, 17, 18, 19, 20, 17, 51, 32, 33, 34, 35, 36, 37, 17, 18, 19, 20, 17, 38, 42, 43, 44, 45, 46, 13, 47, 48, 17, 18, 19, 20, 17, 51, 32, 33, 34, 35, 36, 37, 17, 18, 19, 20, 17, 38, 42, 43, 44, 45, 46, 13, 47, 48, 17, 18, 19, 20, 17, 51, 32, 33, 34, 35, 36, 37, 17, 18, 19, 20, 17, 38, 42, 43, 44, 45, 46, 13, 47, 50, 17, 18, 19, 20, 17, 51, 32, 33, 34, 35, 36, 37, 17, 18, 19, 20, 17, 38, 42, 43, 44, 45, 46, 13, 47, 48, 17, 18, 19, 20, 17, 51, 32, 33, 34, 35, 36, 37, 17, 18, 19, 20, 17, 38, 42, 43, 44, 45, 46, 13, 47, 50, 17, 18, 19, 20, 17, 51, 32, 33, 34, 35, 36, 37, 17, 18, 19, 20, 17, 38, 42, 43, 44, 45, 46, 13, 47, 48, 17, 18, 19, 20, 17, 51, 32, 33, 34, 35, 38, 42, 43, 44, 45, 46, 13, 47, 50, 17, 18, 19, 20, 17, 51, 32, 33, 34, 35, 36, 37, 17, 18, 19, 20, 17, 38, 42, 43, 44, 45, 46, 13, 47, 50, 17, 18, 19, 20, 17, 51, 32, 33, 34, 35, 36, 37, 17, 18, 19, 20, 17, 38, 32, 33, 34, 35, 36, 37, 17, 18, 19, 20, 17, 38, 42, 43, 44, 45, 46, 13, 47, 48, 17, 18, 19, 20, 17, 51, 32, 33, 34, 35, 36, 37, 17, 18, 19, 20, 17, 38, 42, 43, 44, 45, 46, 13, 47, 50, 17, 18, 19, 20, 17, 51, 32, 33, 34, 35, 36, 37, 17, 18, 19, 20, 17, 38, 42, 43, 44, 45, 46, 13, 47, 48, 17, 18, 19, 20, 17, 51, 32, 33, 34, 35, 36, 37, 17, 18, 19, 20, 17, 38, 42, 43, 44, 45, 46, 13, 47, 48, 17, 18, 19, 20, 17, 51, 32, 33, 34, 35, 36, 37, 17, 18, 19, 20, 17, 38, 42, 43, 44, 45, 46, 13, 47, 50, 17, 18, 19, 20, 17, 51, 32, 33, 34, 35, 36, 37, 17, 18, 19, 20, 17, 38, 42, 43, 44, 45, 46, 13, 47, 48, 17, 18, 19, 20, 17, 51, 32, 33, 34, 35, 36, 37, 17, 18, 19, 20, 17, 38, 42, 43, 44, 45, 46, 13, 47, 50, 17, 18, 19, 20, 17, 51, 32, 33, 34, 35, 36, 37, 17, 18, 19, 20, 17, 38, 42, 43, 44, 45, 46, 13, 47, 50, 17, 18, 19, 20, 17, 51, 32, 33, 34, 35, 36, 37, 17, 18, 19, 20, 17, 38, 42, 43, 44, 45, 46, 13, 47, 50, 17, 18, 19, 20, 17, 51, 32, 33, 34, 35, 36, 37, 17, 18, 19, 20, 17, 38, 42, 43, 44, 45, 46, 13, 47, 48, 17, 18, 19, 20, 17, 51, 32, 33, 34, 35, 36, 37, 17, 18, 19, 20, 17, 38, 42, 43, 44, 45, 46, 13, 47, 50, 17, 18, 19, 20, 17, 51, 32, 33, 34, 35, 36, 37, 17, 18, 19, 20, 17, 38, 42, 43, 44, 45, 46, 13, 47, 48, 17, 18, 19, 20, 17, 51, 32, 33, 34, 35, 36, 37, 17, 18, 19, 20, 17, 38, 42, 43, 44, 45, 46, 13, 47, 50, 17, 18, 19, 20, 17, 51, 32, 33, 34, 35, 36, 37, 17, 18, 19, 20, 17, 38, 42, 43, 44, 45, 46, 13, 47, 48, 17, 18, 19, 20, 17, 51, 32, 33, 34, 35, 36, 37, 17, 18, 19, 20, 17, 38, 42, 43, 44, 45, 46, 13, 47, 50, 17, 18, 19, 20, 17, 51, 32, 33, 34, 35, 36, 37, 17, 18, 19, 20, 17, 38, 42, 43, 44, 45, 46, 13, 47, 48, 17, 18, 19, 20, 17, 51, 32, 33, 34, 35, 36, 37, 17, 18, 19, 20, 17, 38, 42, 43, 44, 45, 51, 32, 33, 34, 35, 36, 37, 17, 18, 19, 20, 17, 38, 42, 43, 44, 45, 46, 13, 47, 48, 17, 18, 19, 20, 17, 51, 32, 33, 34, 35, 36, 37, 17, 18, 19, 20, 17, 38, 42, 43, 44, 45, 46, 13, 47, 50, 17, 18, 19, 20, 17, 51, 32, 33, 34, 35, 36, 37, 17, 18, 19, 20, 17, 38, 42, 43, 44, 45, 46, 13, 47, 48, 17, 18, 19, 20, 17, 51, 32, 33, 34, 35, 36, 37, 17, 18, 19, 20, 17, 38, 42, 43, 44, 45, 46, 13, 47, 48, 17, 18, 19, 20, 17, 51, 32, 33, 34, 35, 36, 37, 17, 18, 19, 20, 17, 38, 42, 43, 44, 45, 46, 13, 47, 50, 17, 18, 19, 20, 17, 51, 32, 33, 34, 35, 36, 37, 17, 18, 19, 20, 17, 38, 42, 43, 44, 45, 46, 13, 47, 48, 17, 18, 19, 20, 17, 51, 32, 33, 34, 35, 36, 37, 17, 18, 19, 20, 17, 38, 42, 43, 44, 45, 46, 13, 47, 48, 17, 18, 19, 20, 17, 51, 32, 33, 34, 35, 36, 37, 17, 18, 19, 20, 17, 38, 42, 43, 44, 45, 46, 13, 47, 48, 17, 18, 19, 20, 17, 51, 32, 33, 34, 35, 36, 37, 17, 18, 19, 20, 17, 38, 42, 43, 44, 45, 46, 13, 47, 48, 17, 18, 19, 20, 17, 51, 32, 33, 34, 35, 36, 37, 17, 18, 19, 20, 17, 38, 42, 43, 44, 45, 46, 13, 47, 50, 17, 18, 19, 20, 17, 51, 32, 33, 34, 35, 36, 37, 17, 18, 19, 20, 17, 38, 42, 43, 44, 45, 46, 13, 47, 48, 17, 18, 19, 20, 17, 51, 32, 33, 34, 35, 36, 37, 17, 18, 19, 20, 17, 38, 42, 43, 44, 45, 46, 13, 47, 50, 17, 18, 19, 20, 17, 51, 32, 33, 34, 35, 36, 37, 17, 18, 19, 20, 17, 38, 42, 43, 44, 45, 46, 13, 47, 48, 17, 18, 19, 20, 17, 51, 32, 33, 34, 35, 36, 37, 17, 18, 19, 20, 17, 38, 42, 43, 44, 45, 46, 13, 47, 50, 17, 18, 19, 20, 17, 51, 32, 33, 34, 35, 36, 37, 17, 18, 19, 20, 17, 38, 42, 43, 44, 45, 46, 13, 47, 48, 17, 18, 19, 20, 17, 51, 32, 33, 34, 35, 36, 37, 17, 18, 19, 20, 17, 38, 42, 43, 44, 45, 46, 13, 47, 48, 17, 18, 19, 20, 17, 51, 32, 33, 34, 35, 38, 42, 43, 44, 45, 46, 13, 47, 50, 17, 18, 19, 20, 17, 51, 32, 33, 34, 35, 36, 37, 17, 18, 19, 20, 17, 38, 42, 43, 44, 45, 46, 13, 47, 48, 17, 18, 19, 20, 17, 51, 32, 33, 34, 35, 36, 37, 17, 18, 19, 20, 17, 38, 42, 43, 44, 45, 46, 13, 47, 50, 17, 18, 19, 20, 17, 51, 32, 33, 34, 35, 36, 37, 17, 18, 19, 20, 17, 38, 42, 43, 44, 45, 46, 13, 47, 48, 17, 18, 19, 20, 17, 51, 32, 33, 34, 35, 36, 37, 17, 18, 19, 20, 17, 38, 42, 43, 44, 45, 46, 13, 47, 50, 17, 18, 19, 20, 17, 51, 32, 33, 34, 35, 36, 37, 17, 18, 19, 20, 17, 38, 42, 43, 44, 45, 46, 13, 47, 50, 17, 18, 19, 20, 17, 51, 32, 33, 34, 35, 36, 37, 17, 18, 19, 20, 17, 38, 42, 43, 44, 45, 46, 13, 47, 48, 17, 18, 19, 20, 17, 51, 32, 33, 34, 35, 36, 37, 17, 18, 19, 20, 17, 38, 42, 43, 44, 45, 46, 13, 47, 48, 17, 18, 19, 20, 17, 51, 32, 33, 34, 35, 36, 37, 17, 18, 19, 20, 17, 38, 42, 43, 44, 45, 46, 13, 47, 48, 17, 18, 19, 20, 17, 51, 32, 33, 34, 35, 36, 37, 17, 18, 19, 20, 17, 38, 82, 79, 80, 54, 24, 25, 26, 27, 26, 25, 26, 27, 26, 25, 26, 27, 26, 25, 26, 27, 26, 25, 26, 27, 26, 25, 26, 27, 26, 25, 26, 27, 26, 25, 26, 27, 26, 25, 26, 27, 26, 25, 26, 27, 26, 25, 26, 27, 26, 25, 26, 27, 26, 25, 26, 27, 26, 25, 26, 27, 26, 25, 26, 27, 26, 25, 28, 55, 56, 42, 43, 44, 45, 46, 13, 47, 48, 17, 18, 19, 20, 17, 51, 55, 56, 55, 56, 55, 56, 55, 56, 55, 56, 55, 56, 55, 56, 55, 56, 55, 56, 55, 56, 55, 56, 55, 56, 55, 56, 55, 56, 55, 57, 81, 32, 33, 34, 35, 36, 37, 17, 18, 19, 20, 17, 38, 42, 43, 44, 45, 46, 13, 47, 48, 17, 18, 19, 20, 17, 51, 32, 33, 34, 35, 36, 37, 17, 18, 19, 20, 17, 38, 42, 43, 44, 45, 46, 13, 47, 48, 17, 18, 19, 20, 17, 51, 32, 33, 34, 35, 36, 37, 17, 18, 19, 20, 17, 38, 42, 43, 44, 45, 46, 13, 47, 50, 17, 18, 19, 20, 17, 51, 32, 33, 34, 35, 36, 37, 17, 18, 19, 20, 17, 38, 42, 43, 44, 45, 46, 13, 47, 50, 17, 18, 19, 20, 17, 51, 32, 33, 34, 35, 36, 37, 17, 18, 19, 20, 17, 38, 42, 43, 44, 45, 46, 13, 47, 50, 17, 18, 19, 20, 17, 51, 32, 33, 34, 35, 36, 37, 17, 18, 19, 20, 17, 38, 42, 43, 44, 45, 46, 13, 47, 48, 17, 18, 19, 20, 17, 51, 32, 33, 34, 35, 36, 37, 17, 18, 19, 20, 17, 38, 42, 43, 44, 45, 46, 13, 47, 48, 17, 18, 19, 20, 17, 51, 32, 33, 34, 35, 36, 37, 17, 18, 19, 20, 17, 38, 42, 43, 44, 45, 46, 13, 47, 50, 17, 18, 19, 20, 17, 51, 32, 33, 34, 35, 36, 37, 17, 18, 19, 20, 17, 38, 42, 43, 44, 45, 46, 13, 47, 50, 17, 18, 19, 20, 17, 51, 32, 33, 34, 35, 36, 37, 17, 18, 19, 20, 17, 38, 42, 43, 44, 45, 51, 32, 33, 34, 35, 36, 37, 17, 18, 19, 20, 17, 38, 42, 43, 44, 45, 46, 13, 47, 48, 17, 18, 19, 20, 17, 51, 32, 33, 34, 35, 36, 37, 17, 18, 19, 20, 17, 38, 42, 43, 44, 45, 46, 13, 47, 48, 17, 18, 19, 20, 17, 51, 32, 33, 34, 35, 36, 37, 17, 18, 19, 20, 17, 38, 42, 43, 44, 45, 46, 13, 47, 48, 17, 18, 19, 20, 17, 51, 32, 33, 34, 35, 36, 37, 17, 18, 19, 20, 17, 38, 42, 43, 44, 45, 46, 13, 47, 48, 17, 18, 19, 20, 17, 51, 32, 33, 34, 35, 36, 37, 17, 18, 19, 20, 17, 38, 42, 43, 44, 45, 46, 13, 47, 50, 17, 18, 19, 20, 17, 51, 32, 33, 34, 35, 36, 37, 17, 18, 19, 20, 17, 38, 42, 43, 44, 45, 46, 13, 47, 50, 17, 18, 19, 20, 17, 51, 32, 33, 34, 35, 36, 37, 17, 18, 19, 20, 17, 38, 42, 43, 44, 45, 46, 13, 47, 50, 17, 18, 19, 20, 17, 51, 32, 33, 34, 35, 38, 42, 43, 44, 45, 46, 13, 47, 48, 17, 18, 19, 20, 17, 51, 32, 33, 34, 35, 36, 37, 17, 18, 19, 20, 17, 38, 42, 43, 44, 45, 46, 13, 47, 50, 17, 18, 19, 20, 17, 51, 32, 33, 34, 35, 36, 37, 17, 18, 19, 20, 17, 38, 42, 43, 44, 45, 46, 13, 47, 48, 17, 18, 19, 20, 17, 51, 32, 33, 34, 35, 36, 37, 17, 18, 19, 20, 17, 38, 42, 43, 44, 45, 46, 13, 47, 48, 17, 18, 19, 20, 17, 51, 32, 33, 34, 35, 36, 37, 17, 18, 19, 20, 17, 38, 42, 43, 44, 45, 46, 13, 47, 50, 17, 18, 19, 20, 17, 51, 32, 33, 34, 35, 36, 37, 17, 18, 19, 20, 17, 38, 42, 43, 44, 45, 46, 13, 47, 48, 17, 18, 19, 20, 17, 51, 32, 33, 34, 35, 36, 37, 17, 18, 19, 20, 17, 38, 42, 43, 44, 45, 46, 13, 47, 48, 17, 18, 19, 20, 17, 51, 32, 33, 34, 35, 36, 37, 17, 18, 19, 20, 17, 38, 42, 43, 44, 45, 46, 13, 47, 48, 17, 18, 19, 20, 17, 51, 32, 33, 34, 35, 36, 37, 17, 18, 19, 20, 17, 38, 42, 43, 44, 45, 46, 13, 47, 50, 17, 18, 19, 20, 17, 51, 32, 33, 34, 35, 36, 37, 17, 18, 19, 20, 17, 38, 42, 43, 44, 45, 46, 13, 47, 48, 17, 18, 19, 20, 17, 51, 32, 33, 34, 35, 36, 37, 17, 18, 19, 20, 17, 38, 42, 43, 44, 45, 46, 13, 47, 48, 17, 18, 19, 20, 17, 51, 32, 33, 34, 35, 36, 37, 17, 18, 19, 20, 17, 38, 42, 43, 44, 45, 46, 13, 47, 48, 17, 18, 19, 20, 17, 51, 32, 33, 34, 35, 38, 42, 43, 44, 45, 46, 13, 47, 50, 17, 18, 19, 20, 17, 51, 32, 33, 34, 35, 36, 37, 17, 18, 19, 20, 17, 38, 42, 43, 44, 45, 46, 13, 47, 50, 17, 18, 19, 20, 17, 51, 32, 33, 34, 35, 36, 37, 17, 18, 19, 20, 17, 38, 42, 43, 44, 45, 46, 13, 47, 48, 17, 18, 19, 20, 17, 51, 32, 33, 34, 35, 36, 37, 17, 18, 19, 20, 17, 38, 42, 43, 44, 45, 46, 13, 47, 50, 17, 18, 19, 20, 17, 51, 32, 33, 34, 35, 36, 37, 17, 18, 19, 20, 17, 38, 42, 43, 44, 45, 46, 13, 47, 50, 17, 18, 19, 20, 17, 51, 32, 33, 34, 35, 36, 37, 17, 18, 19, 20, 17, 38, 42, 43, 44, 45, 46, 13, 47, 50, 17, 18, 19, 20, 17, 51, 32, 33, 34, 35, 36, 37, 17, 18, 19, 20, 17, 38, 42, 43, 44, 45, 46, 13, 47, 48, 17, 18, 19, 20, 17, 51, 32, 33, 34, 35, 36, 37, 17, 18, 19, 20, 17, 38, 42, 43, 44, 45, 46, 13, 47, 48, 17, 18, 19, 20, 17, 51, 32, 33, 34, 35, 38, 42, 43, 44, 45, 46, 13, 47, 50, 17, 18, 19, 20, 17, 51, 32, 33, 34, 35, 36, 37, 17, 18, 19, 20, 17, 38, 42, 43, 44, 45, 46, 13, 47, 50, 17, 18, 19, 20, 17, 51, 32, 33, 34, 35, 36, 37, 17, 18, 19, 20, 17, 38, 42, 43, 44, 45, 46, 13, 47, 50, 17, 18, 19, 20, 17, 51, 32, 33, 34, 35, 36, 37, 17, 18, 19, 20, 17, 38, 42, 43, 44, 45, 46, 13, 47, 50, 17, 18, 19, 20, 17, 51, 32, 33, 34, 35, 36, 37, 17, 18, 19, 20, 17, 38, 42, 43, 44, 45, 46, 13, 47, 50, 17, 18, 19, 20, 17, 51, 32, 33, 34, 35, 36, 37, 17, 18, 19, 20, 17, 38, 42, 43, 44, 45, 46, 13, 47, 48, 17, 18, 19, 20, 17, 51, 32, 33, 34, 35, 36, 37, 17, 18, 19, 20, 17, 38, 42, 43, 44, 45, 46, 13, 47, 50, 17, 18, 19, 20, 17, 51, 32, 33, 34, 35, 36, 37, 17, 18, 19, 20, 17, 38, 42, 43, 44, 45, 46, 13, 47, 48, 17, 18, 19, 20, 17, 51, 32, 33, 34, 35, 36, 37, 17, 18, 19, 20, 17, 38, 42, 43, 44, 45, 46, 13, 47, 48, 17, 18, 19, 20, 17, 51, 32, 33, 34, 35, 36, 37, 17, 18, 19, 20, 17, 38, 42, 43, 44, 45, 46, 13, 47, 48, 17, 18, 19, 20, 17, 51, 42, 43, 44, 45, 46, 13, 47, 50, 17, 18, 19, 20, 17, 51, 32, 33, 34, 35, 36, 37, 17, 18, 19, 20, 17, 38, 42, 43, 44, 45, 46, 13, 47, 50, 17, 18, 19, 20, 17, 51, 32, 33, 34, 35, 36, 37, 17, 18, 19, 20, 17, 38, 42, 43, 44, 45, 46, 13, 47, 50, 17, 18, 19, 20, 17, 51, 32, 33, 34, 35, 36, 37, 17, 18, 19, 20, 17, 38, 42, 43, 44, 45, 46, 13, 47, 50, 17, 18, 19, 20, 17, 51, 32, 33, 34, 35, 36, 37, 17, 18, 19, 20, 17, 38, 42, 43, 44, 45, 46, 13, 47, 48, 17, 18, 19, 20, 17, 51, 32, 33, 34, 35, 36, 37, 17, 18, 19, 20, 17, 38, 42, 43, 44, 45, 46, 13, 47, 50, 17, 18, 19, 20, 17, 51, 32, 33, 34, 35, 36, 37, 17, 18, 19, 20, 17, 38, 42, 43, 44, 45, 46, 13, 47, 50, 17, 18, 19, 20, 17, 51, 32, 33, 34, 35, 36, 37, 17, 18, 19, 20, 17, 38, 42, 43, 44, 45, 46, 13, 47, 50, 17, 18, 19, 20, 17, 51, 32, 33, 34, 35, 36, 37, 17, 18, 19, 20, 17, 38, 42, 43, 44, 45, 46, 13, 47, 48, 17, 18, 19, 20, 17, 51, 32, 33, 34, 35, 36, 37, 17, 18, 19, 20, 17, 38, 42, 43, 44, 45, 46, 13, 47, 48, 17, 18, 19, 20, 17, 51, 32, 33, 34, 35, 36, 37, 17, 18, 19, 20, 17, 38, 32, 33, 34, 35, 36, 37, 17, 18, 19, 20, 17, 38, 42, 43, 44, 45, 46, 13, 47, 48, 17, 18, 19, 20, 17, 51, 32, 33, 34, 35, 36, 37, 17, 18, 19, 20, 17, 38, 42, 43, 44, 45, 46, 13, 47, 48, 17, 18, 19, 20, 17, 51, 32, 33, 34, 35, 36, 37, 17, 18, 19, 20, 17, 38, 42, 43, 44, 45, 46, 13, 47, 50, 17, 18, 19, 20, 17, 51, 32, 33, 34, 35, 36, 37, 17, 18, 19, 20, 17, 38, 42, 43, 44, 45, 46, 13, 47, 48, 17, 18, 19, 20, 17, 51, 42, 43, 44, 45, 46, 13, 47, 50, 17, 18, 19, 20, 17, 51, 32, 33, 34, 35, 36, 37, 17, 18, 19, 20, 17, 38, 42, 43, 44, 45, 46, 13, 47, 48, 17, 18, 19, 20, 17, 51, 32, 33, 34, 35, 36, 37, 17, 18, 19, 20, 17, 38, 42, 43, 44, 45, 46, 13, 47, 48, 17, 18, 19, 20, 17, 51, 32, 33, 34, 35, 36, 37, 17, 18, 19, 20, 17, 38, 32, 33, 34, 35, 36, 37, 17, 18, 19, 20, 17, 38, 42, 43, 44, 45, 46, 13, 47, 48, 17, 18, 19, 20, 17, 51, 32, 33, 34, 35, 36, 37, 17, 18, 19, 20, 17, 38, 42, 43, 44, 45, 46, 13, 47, 50, 17, 18, 19, 20, 17, 51, 32, 33, 34, 35, 36, 37, 17, 18, 19, 20, 17, 38, 42, 43, 44, 45, 46, 13, 47, 50, 17, 18, 19, 20, 17, 51, 32, 33, 34, 35, 38, 42, 43, 44, 45, 51, 32, 33, 34, 35, 36, 37, 17, 18, 19, 20, 17, 38, 42, 43, 44, 45, 51, 32, 33, 34, 35, 36, 37, 17, 18, 19, 20, 17, 38, 42, 43, 44, 45, 46, 13, 47, 48, 17, 18, 19, 20, 17, 51, 32, 33, 34, 35, 36, 37, 17, 18, 19, 20, 17, 38, 42, 43, 44, 45, 46, 13, 47, 48, 17, 18, 19, 20, 17, 51, 42, 43, 44, 45, 46, 13, 47, 48, 17, 18, 19, 20, 17, 51, 32, 33, 34, 35, 36, 37, 17, 18, 19, 20, 17, 38, 32, 33, 34, 35, 36, 37, 17, 18, 19, 20, 17, 38, 42, 43, 44, 45, 46, 13, 47, 48, 17, 18, 19, 20, 17, 51, 32, 33, 34, 35, 36, 37, 17, 18, 19, 20, 17, 38, 42, 43, 44, 45, 46, 13, 47, 50, 17, 18, 19, 20, 17, 51, 32, 33, 34, 35, 36, 37, 17, 18, 19, 20, 17, 38, 42, 43, 44, 45, 46, 13, 47, 48, 17, 18, 19, 20, 17, 51, 32, 33, 34, 35, 36, 37, 17, 18, 19, 20, 17, 38, 42, 43, 44, 45, 46, 13, 47, 48, 17, 18, 19, 20, 17, 51, 32, 33, 34, 35, 36, 37, 17, 18, 19, 20, 17, 38, 42, 43, 44, 45, 51, 32, 33, 34, 35, 36, 37, 17, 18, 19, 20, 17, 38, 42, 43, 44, 45, 46, 13, 47, 48, 17, 18, 19, 20, 17, 51, 32, 33, 34, 35, 36, 37, 17, 18, 19, 20, 17, 38, 42, 43, 44, 45, 46, 13, 47, 48, 17, 18, 19, 20, 17, 51, 32, 33, 34, 35, 36, 37, 17, 18, 19, 20, 17, 38, 42, 43, 44, 45, 46, 13, 47, 48, 17, 18, 19, 20, 17, 51, 32, 33, 34, 35, 36, 37, 17, 18, 19, 20, 17, 38, 42, 43, 44, 45, 46, 13, 47, 48, 17, 18, 19, 20, 17, 51, 32, 33, 34, 35, 36, 37, 17, 18, 19, 20, 17, 38, 42, 43, 44, 45, 46, 13, 47, 50, 17, 18, 19, 20, 17, 51, 32, 33, 34, 35, 36, 37, 17, 18, 19, 20, 17, 38, 42, 43, 44, 45, 46, 13, 47, 50, 17, 18, 19, 20, 17, 51, 32, 33, 34, 35, 36, 37, 17, 18, 19, 20, 17, 38, 42, 43, 44, 45, 51, 32, 33, 34, 35, 36, 37, 17, 18, 19, 20, 17, 38, 42, 43, 44, 45, 46, 13, 47, 50, 17, 18, 19, 20, 17, 51, 42, 43, 44, 45, 46, 13, 47, 48, 17, 18, 19, 20, 17, 51, 32, 33, 34, 35, 36, 37, 17, 18, 19, 20, 17, 38, 42, 43, 44, 45, 46, 13, 47, 50, 17, 18, 19, 20, 17, 51, 32, 33, 34, 35, 38, 42, 43, 44, 45, 51, 32, 33, 34, 35, 36, 37, 17, 18, 19, 20, 17, 38, 42, 43, 44, 45, 46, 13, 47, 48, 17, 18, 19, 20, 17, 51, 32, 33, 34, 35, 36, 37, 17, 18, 19, 20, 17, 38, 42, 43, 44, 45, 46, 13, 47, 50, 17, 18, 19, 20, 17, 51, 32, 33, 34, 35, 36, 37, 17, 18, 19, 20, 17, 38, 42, 43, 44, 45, 46, 13, 47, 48, 17, 18, 19, 20, 17, 51, 32, 33, 34, 35, 36, 37, 17, 18, 19, 20, 17, 38, 42, 43, 44, 45, 46, 13, 47, 48, 17, 18, 19, 20, 17, 51, 32, 33, 34, 35, 36, 37, 17, 18, 19, 20, 17, 38, 42, 43, 44, 45, 46, 13, 47, 50, 17, 18, 19, 20, 17, 51, 32, 33, 34, 35, 36, 37, 17, 18, 19, 20, 17, 38, 42, 43, 44, 45, 46, 13, 47, 48, 17, 18, 19, 20, 17, 51, 32, 33, 34, 35, 36, 37, 17, 18, 19, 20, 17, 38, 42, 43, 44, 45, 51, 32, 33, 34, 35, 36, 37, 17, 18, 19, 20, 17, 38, 82, 79, 80, 54, 24, 25, 26, 27, 26, 25, 26, 27, 26, 25, 26, 27, 26, 25, 26, 27, 26, 25, 26, 27, 26, 25, 26, 27, 26, 25, 26, 27, 26, 25, 26, 27, 26, 25, 26, 27, 26, 25, 26, 27, 26, 25, 26, 27, 26, 25, 26, 27, 26, 25, 26, 27, 26, 25, 26, 27, 26, 25, 26, 27, 26, 25, 28, 55, 56, 55, 56, 55, 56, 55, 56, 55, 56, 55, 56, 55, 56, 55, 56, 55, 56, 55, 56, 55, 56, 55, 56, 55, 56, 55, 56, 55, 56, 55, 57, 81, 42, 43, 44, 45, 51, 32, 33, 34, 35, 36, 37, 17, 18, 19, 20, 17, 38, 42, 43, 44, 45, 46, 13, 47, 48, 17, 18, 19, 20, 17, 51, 32, 33, 34, 35, 36, 37, 17, 18, 19, 20, 17, 38, 42, 43, 44, 45, 46, 13, 47, 48, 17, 18, 19, 20, 17, 51, 32, 33, 34, 35, 36, 37, 17, 18, 19, 20, 17, 38, 42, 43, 44, 45, 46, 13, 47, 50, 17, 18, 19, 20, 17, 51, 32, 33, 34, 35, 36, 37, 17, 18, 19, 20, 17, 38, 42, 43, 44, 45, 46, 13, 47, 50, 17, 18, 19, 20, 17, 51, 32, 33, 34, 35, 36, 37, 17, 18, 19, 20, 17, 38, 42, 43, 44, 45, 46, 13, 47, 50, 17, 18, 19, 20, 17, 51, 32, 33, 34, 35, 36, 37, 17, 18, 19, 20, 17, 38, 42, 43, 44, 45, 51, 32, 33, 34, 35, 36, 37, 17, 18, 19, 20, 17, 38, 42, 43, 44, 45, 46, 13, 47, 50, 17, 18, 19, 20, 17, 51, 32, 33, 34, 35, 36, 37, 17, 18, 19, 20, 17, 38, 42, 43, 44, 45, 46, 13, 47, 48, 17, 18, 19, 20, 17, 51, 32, 33, 34, 35, 36, 37, 17, 18, 19, 20, 17, 38, 42, 43, 44, 45, 46, 13, 47, 48, 17, 18, 19, 20, 17, 51, 32, 33, 34, 35, 36, 37, 17, 18, 19, 20, 17, 38, 42, 43, 44, 45, 46, 13, 47, 48, 17, 18, 19, 20, 17, 51, 32, 33, 34, 35, 38, 42, 43, 44, 45, 46, 13, 47, 48, 17, 18, 19, 20, 17, 51, 32, 33, 34, 35, 36, 37, 17, 18, 19, 20, 17, 38, 42, 43, 44, 45, 46, 13, 47, 50, 17, 18, 19, 20, 17, 51, 32, 33, 34, 35, 36, 37, 17, 18, 19, 20, 17, 38, 42, 43, 44, 45, 46, 13, 47, 50, 17, 18, 19, 20, 17, 51, 32, 33, 34, 35, 36, 37, 17, 18, 19, 20, 17, 38, 42, 43, 44, 45, 46, 13, 47, 48, 17, 18, 19, 20, 17, 51, 32, 33, 34, 35, 36, 37, 17, 18, 19, 20, 17, 38, 42, 43, 44, 45, 46, 13, 47, 50, 17, 18, 19, 20, 17, 51, 32, 33, 34, 35, 36, 37, 17, 18, 19, 20, 17, 38, 42, 43, 44, 45, 46, 13, 47, 48, 17, 18, 19, 20, 17, 51, 32, 33, 34, 35, 36, 37, 17, 18, 19, 20, 17, 38, 42, 43, 44, 45, 46, 13, 47, 50, 17, 18, 19, 20, 17, 51, 32, 33, 34, 35, 36, 37, 17, 18, 19, 20, 17, 38, 42, 43, 44, 45, 46, 13, 47, 48, 17, 18, 19, 20, 17, 51, 32, 33, 34, 35, 36, 37, 17, 18, 19, 20, 17, 38, 42, 43, 44, 45, 46, 13, 47, 48, 17, 18, 19, 20, 17, 51, 32, 33, 34, 35, 36, 37, 17, 18, 19, 20, 17, 38, 42, 43, 44, 45, 46, 13, 47, 50, 17, 18, 19, 20, 17, 51, 32, 33, 34, 35, 36, 37, 17, 18, 19, 20, 17, 38, 42, 43, 44, 45, 51, 32, 33, 34, 35, 36, 37, 17, 18, 19, 20, 17, 38, 42, 43, 44, 45, 46, 13, 47, 48, 17, 18, 19, 20, 17, 51, 32, 33, 34, 35, 36, 37, 17, 18, 19, 20, 17, 38, 42, 43, 44, 45, 46, 13, 47, 50, 17, 18, 19, 20, 17, 51, 32, 33, 34, 35, 36, 37, 17, 18, 19, 20, 17, 38, 42, 43, 44, 45, 46, 13, 47, 50, 17, 18, 19, 20, 17, 51, 32, 33, 34, 35, 36, 37, 17, 18, 19, 20, 17, 38, 42, 43, 44, 45, 46, 13, 47, 48, 17, 18, 19, 20, 17, 51, 32, 33, 34, 35, 36, 37, 17, 18, 19, 20, 17, 38, 42, 43, 44, 45, 46, 13, 47, 48, 17, 18, 19, 20, 17, 51, 32, 33, 34, 35, 36, 37, 17, 18, 19, 20, 17, 38, 42, 43, 44, 45, 46, 13, 47, 48, 17, 18, 19, 20, 17, 51, 32, 33, 34, 35, 38, 42, 43, 44, 45, 46, 13, 47, 48, 17, 18, 19, 20, 17, 51, 32, 33, 34, 35, 36, 37, 17, 18, 19, 20, 17, 38, 42, 43, 44, 45, 46, 13, 47, 48, 17, 18, 19, 20, 17, 51, 32, 33, 34, 35, 36, 37, 17, 18, 19, 20, 17, 38, 42, 43, 44, 45, 46, 13, 47, 50, 17, 18, 19, 20, 17, 51, 32, 33, 34, 35, 38, 42, 43, 44, 45, 46, 13, 47, 48, 17, 18, 19, 20, 17, 51, 32, 33, 34, 35, 36, 37, 17, 18, 19, 20, 17, 38, 42, 43, 44, 45, 46, 13, 47, 50, 17, 18, 19, 20, 17, 51, 32, 33, 34, 35, 36, 37, 17, 18, 19, 20, 17, 38, 42, 43, 44, 45, 51, 32, 33, 34, 35, 36, 37, 17, 18, 19, 20, 17, 38, 42, 43, 44, 45, 46, 13, 47, 50, 17, 18, 19, 20, 17, 51, 32, 33, 34, 35, 36, 37, 17, 18, 19, 20, 17, 38, 42, 43, 44, 45, 46, 13, 47, 50, 17, 18, 19, 20, 17, 51, 32, 33, 34, 35, 36, 37, 17, 18, 19, 20, 17, 38, 42, 43, 44, 45, 46, 13, 47, 48, 17, 18, 19, 20, 17, 51, 32, 33, 34, 35, 36, 37, 17, 18, 19, 20, 17, 38, 42, 43, 44, 45, 46, 13, 47, 48, 17, 18, 19, 20, 17, 51, 32, 33, 34, 35, 36, 37, 17, 18, 19, 20, 17, 38, 42, 43, 44, 45, 46, 13, 47, 48, 17, 18, 19, 20, 17, 51, 32, 33, 34, 35, 36, 37, 17, 18, 19, 20, 17, 38, 42, 43, 44, 45, 46, 13, 47, 48, 17, 18, 19, 20, 17, 51, 32, 33, 34, 35, 36, 37, 17, 18, 19, 20, 17, 38, 42, 43, 44, 45, 46, 13, 47, 50, 17, 18, 19, 20, 17, 51, 32, 33, 34, 35, 36, 37, 17, 18, 19, 20, 17, 38, 42, 43, 44, 45, 46, 13, 47, 50, 17, 18, 19, 20, 17, 51, 32, 33, 34, 35, 36, 37, 17, 18, 19, 20, 17, 38, 42, 43, 44, 45, 46, 13, 47, 50, 17, 18, 19, 20, 17, 51, 32, 33, 34, 35, 36, 37, 17, 18, 19, 20, 17, 38, 42, 43, 44, 45, 46, 13, 47, 48, 17, 18, 19, 20, 17, 51, 32, 33, 34, 35, 36, 37, 17, 18, 19, 20, 17, 38, 42, 43, 44, 45, 51, 32, 33, 34, 35, 36, 37, 17, 18, 19, 20, 17, 38, 42, 43, 44, 45, 46, 13, 47, 48, 17, 18, 19, 20, 17, 51, 32, 33, 34, 35, 36, 37, 17, 18, 19, 20, 17, 38, 42, 43, 44, 45, 46, 13, 47, 48, 17, 18, 19, 20, 17, 51, 32, 33, 34, 35, 36, 37, 17, 18, 19, 20, 17, 38, 42, 43, 44, 45, 51, 32, 33, 34, 35, 36, 37, 17, 18, 19, 20, 17, 38, 42, 43, 44, 45, 46, 13, 47, 50, 17, 18, 19, 20, 17, 51, 32, 33, 34, 35, 36, 37, 17, 18, 19, 20, 17, 38, 42, 43, 44, 45, 46, 13, 47, 50, 17, 18, 19, 20, 17, 51, 32, 33, 34, 35, 36, 37, 17, 18, 19, 20, 17, 38, 42, 43, 44, 45, 46, 13, 47, 48, 17, 18, 19, 20, 17, 51, 32, 33, 34, 35, 36, 37, 17, 18, 19, 20, 17, 38, 42, 43, 44, 45, 46, 13, 47, 50, 17, 18, 19, 20, 17, 51, 32, 33, 34, 35, 36, 37, 17, 18, 19, 20, 17, 38, 42, 43, 44, 45, 46, 13, 47, 50, 17, 18, 19, 20, 17, 51, 32, 33, 34, 35, 36, 37, 17, 18, 19, 20, 17, 38, 42, 43, 44, 45, 46, 13, 47, 48, 17, 18, 19, 20, 17, 51, 32, 33, 34, 35, 36, 37, 17, 18, 19, 20, 17, 38, 42, 43, 44, 45, 46, 13, 47, 50, 17, 18, 19, 20, 17, 51, 32, 33, 34, 35, 38, 42, 43, 44, 45, 46, 13, 47, 50, 17, 18, 19, 20, 17, 51, 32, 33, 34, 35, 36, 37, 17, 18, 19, 20, 17, 38, 42, 43, 44, 45, 46, 13, 47, 48, 17, 18, 19, 20, 17, 51, 32, 33, 34, 35, 36, 37, 17, 18, 19, 20, 17, 38, 42, 43, 44, 45, 46, 13, 47, 50, 17, 18, 19, 20, 17, 51, 32, 33, 34, 35, 36, 37, 17, 18, 19, 20, 17, 38, 42, 43, 44, 45, 46, 13, 47, 48, 17, 18, 19, 20, 17, 51, 32, 33, 34, 35, 36, 37, 17, 18, 19, 20, 17, 38, 42, 43, 44, 45, 46, 13, 47, 50, 17, 18, 19, 20, 17, 51, 32, 33, 34, 35, 36, 37, 17, 18, 19, 20, 17, 38, 42, 43, 44, 45, 51, 32, 33, 34, 35, 38, 42, 43, 44, 45, 46, 13, 47, 50, 17, 18, 19, 20, 17, 51, 32, 33, 34, 35, 38, 42, 43, 44, 45, 46, 13, 47, 48, 17, 18, 19, 20, 17, 51, 32, 33, 34, 35, 36, 37, 17, 18, 19, 20, 17, 38, 42, 43, 44, 45, 46, 13, 47, 50, 17, 18, 19, 20, 17, 51, 32, 33, 34, 35, 36, 37, 17, 18, 19, 20, 17, 38, 42, 43, 44, 45, 46, 13, 47, 48, 17, 18, 19, 20, 17, 51, 32, 33, 34, 35, 36, 37, 17, 18, 19, 20, 17, 38, 42, 43, 44, 45, 46, 13, 47, 48, 17, 18, 19, 20, 17, 51, 32, 33, 34, 35, 36, 37, 17, 18, 19, 20, 17, 38, 42, 43, 44, 45, 46, 13, 47, 50, 17, 18, 19, 20, 17, 51, 32, 33, 34, 35, 36, 37, 17, 18, 19, 20, 17, 38, 42, 43, 44, 45, 46, 13, 47, 50, 17, 18, 19, 20, 17, 51, 32, 33, 34, 35, 36, 37, 17, 18, 19, 20, 17, 38, 42, 43, 44, 45, 46, 13, 47, 50, 17, 18, 19, 20, 17, 51, 32, 33, 34, 35, 36, 37, 17, 18, 19, 20, 17, 38, 42, 43, 44, 45, 46, 13, 47, 48, 17, 18, 19, 20, 17, 51, 32, 33, 34, 35, 36, 37, 17, 18, 19, 20, 17, 38, 42, 43, 44, 45, 46, 13, 47, 50, 17, 18, 19, 20, 17, 51, 32, 33, 34, 35, 36, 37, 17, 18, 19, 20, 17, 38, 42, 43, 44, 45, 46, 13, 47, 48, 17, 18, 19, 20, 17, 51, 32, 33, 34, 35, 36, 37, 17, 18, 19, 20, 17, 38, 42, 43, 44, 45, 46, 13, 47, 48, 17, 18, 19, 20, 17, 51, 32, 33, 34, 35, 38, 42, 43, 44, 45, 46, 13, 47, 50, 17, 18, 19, 20, 17, 51, 32, 33, 34, 35, 36, 37, 17, 18, 19, 20, 17, 38, 42, 43, 44, 45, 46, 13, 47, 48, 17, 18, 19, 20, 17, 51, 32, 33, 34, 35, 36, 37, 17, 18, 19, 20, 17, 38, 42, 43, 44, 45, 51, 32, 33, 34, 35, 36, 37, 17, 18, 19, 20, 17, 38, 42, 43, 44, 45, 46, 13, 47, 48, 17, 18, 19, 20, 17, 51, 32, 33, 34, 35, 36, 37, 17, 18, 19, 20, 17, 38, 42, 43, 44, 45, 51, 32, 33, 34, 35, 36, 37, 17, 18, 19, 20, 17, 38, 42, 43, 44, 45, 46, 13, 47, 48, 17, 18, 19, 20, 17, 51, 32, 33, 34, 35, 36, 37, 17, 18, 19, 20, 17, 38, 42, 43, 44, 45, 46, 13, 47, 48, 17, 18, 19, 20, 17, 51, 32, 33, 34, 35, 36, 37, 17, 18, 19, 20, 17, 38, 42, 43, 44, 45, 46, 13, 47, 48, 17, 18, 19, 20, 17, 51, 32, 33, 34, 35, 36, 37, 17, 18, 19, 20, 17, 38, 42, 43, 44, 45, 46, 13, 47, 50, 17, 18, 19, 20, 17, 51, 32, 33, 34, 35, 36, 37, 17, 18, 19, 20, 17, 38, 32, 33, 34, 35, 36, 37, 17, 18, 19, 20, 17, 38, 42, 43, 44, 45, 46, 13, 47, 50, 17, 18, 19, 20, 17, 51, 32, 33, 34, 35, 36, 37, 17, 18, 19, 20, 17, 38, 42, 43, 44, 45, 51, 32, 33, 34, 35, 36, 37, 17, 18, 19, 20, 17, 38, 42, 43, 44, 45, 51, 42, 43, 44, 45, 46, 13, 47, 48, 17, 18, 19, 20, 17, 51, 32, 33, 34, 35, 36, 37, 17, 18, 19, 20, 17, 38, 42, 43, 44, 45, 46, 13, 47, 48, 17, 18, 19, 20, 17, 51, 32, 33, 34, 35, 36, 37, 17, 18, 19, 20, 17, 38, 42, 43, 44, 45, 46, 13, 47, 48, 17, 18, 19, 20, 17, 51, 32, 33, 34, 35, 36, 37, 17, 18, 19, 20, 17, 38, 42, 43, 44, 45, 46, 13, 47, 50, 17, 18, 19, 20, 17, 51, 32, 33, 34, 35, 36, 37, 17, 18, 19, 20, 17, 38, 42, 43, 44, 45, 46, 13, 47, 48, 17, 18, 19, 20, 17, 51, 32, 33, 34, 35, 36, 37, 17, 18, 19, 20, 17, 38, 42, 43, 44, 45, 51, 32, 33, 34, 35, 36, 37, 17, 18, 19, 20, 17, 38, 42, 43, 44, 45, 46, 13, 47, 48, 17, 18, 19, 20, 17, 51, 32, 33, 34, 35, 38, 42, 43, 44, 45, 46, 13, 47, 50, 17, 18, 19, 20, 17, 51, 32, 33, 34, 35, 36, 37, 17, 18, 19, 20, 17, 38, 42, 43, 44, 45, 46, 13, 47, 50, 17, 18, 19, 20, 17, 51, 32, 33, 34, 35, 36, 37, 17, 18, 19, 20, 17, 38, 42, 43, 44, 45, 46, 13, 47, 48, 17, 18, 19, 20, 17, 51, 32, 33, 34, 35, 38, 82, 79, 80, 54, 24, 25, 26, 27, 26, 25, 26, 27, 26, 25, 26, 27, 26, 25, 26, 27, 26, 25, 26, 27, 26, 25, 26, 27, 26, 25, 26, 27, 26, 25, 26, 27, 26, 25, 26, 27, 26, 25, 26, 27, 26, 25, 26, 27, 26, 25, 26, 27, 26, 25, 26, 27, 26, 25, 26, 27, 26, 25, 26, 27, 26, 25, 28, 55, 56, 42, 43, 44, 45, 46, 13, 47, 48, 17, 18, 19, 20, 17, 51, 55, 56, 55, 56, 55, 56, 55, 56, 55, 56, 55, 56, 55, 56, 55, 56, 55, 56, 55, 56, 55, 56, 55, 56, 55, 56, 55, 56, 55, 57, 81, 32, 33, 34, 35, 36, 37, 17, 18, 19, 20, 17, 38, 42, 43, 44, 45, 46, 13, 47, 48, 17, 18, 19, 20, 17, 51, 32, 33, 34, 35, 36, 37, 17, 18, 19, 20, 17, 38, 42, 43, 44, 45, 46, 13, 47, 48, 17, 18, 19, 20, 17, 51, 32, 33, 34, 35, 36, 37, 17, 18, 19, 20, 17, 38, 42, 43, 44, 45, 46, 13, 47, 48, 17, 18, 19, 20, 17, 51, 32, 33, 34, 35, 36, 37, 17, 18, 19, 20, 17, 38, 42, 43, 44, 45, 46, 13, 47, 50, 17, 18, 19, 20, 17, 51, 32, 33, 34, 35, 36, 37, 17, 18, 19, 20, 17, 38, 42, 43, 44, 45, 46, 13, 47, 50, 17, 18, 19, 20, 17, 51, 32, 33, 34, 35, 36, 37, 17, 18, 19, 20, 17, 38, 42, 43, 44, 45, 46, 13, 47, 50, 17, 18, 19, 20, 17, 51, 32, 33, 34, 35, 36, 37, 17, 18, 19, 20, 17, 38, 42, 43, 44, 45, 46, 13, 47, 48, 17, 18, 19, 20, 17, 51, 32, 33, 34, 35, 36, 37, 17, 18, 19, 20, 17, 38, 42, 43, 44, 45, 46, 13, 47, 50, 17, 18, 19, 20, 17, 51, 32, 33, 34, 35, 36, 37, 17, 18, 19, 20, 17, 38, 42, 43, 44, 45, 46, 13, 47, 48, 17, 18, 19, 20, 17, 51, 32, 33, 34, 35, 36, 37, 17, 18, 19, 20, 17, 38, 42, 43, 44, 45, 46, 13, 47, 50, 17, 18, 19, 20, 17, 51, 32, 33, 34, 35, 36, 37, 17, 18, 19, 20, 17, 38, 42, 43, 44, 45, 46, 13, 47, 48, 17, 18, 19, 20, 17, 51, 32, 33, 34, 35, 36, 37, 17, 18, 19, 20, 17, 38, 42, 43, 44, 45, 46, 13, 47, 48, 17, 18, 19, 20, 17, 51, 32, 33, 34, 35, 36, 37, 17, 18, 19, 20, 17, 38, 42, 43, 44, 45, 46, 13, 47, 50, 17, 18, 19, 20, 17, 51, 32, 33, 34, 35, 36, 37, 17, 18, 19, 20, 17, 38, 42, 43, 44, 45, 46, 13, 47, 48, 17, 18, 19, 20, 17, 51, 32, 33, 34, 35, 36, 37, 17, 18, 19, 20, 17, 38, 42, 43, 44, 45, 46, 13, 47, 50, 17, 18, 19, 20, 17, 51, 32, 33, 34, 35, 36, 37, 17, 18, 19, 20, 17, 38, 32, 33, 34, 35, 36, 37, 17, 18, 19, 20, 17, 38, 42, 43, 44, 45, 46, 13, 47, 48, 17, 18, 19, 20, 17, 51, 32, 33, 34, 35, 36, 37, 17, 18, 19, 20, 17, 38, 42, 43, 44, 45, 51, 32, 33, 34, 35, 36, 37, 17, 18, 19, 20, 17, 38, 42, 43, 44, 45, 46, 13, 47, 50, 17, 18, 19, 20, 17, 51, 32, 33, 34, 35, 36, 37, 17, 18, 19, 20, 17, 38, 42, 43, 44, 45, 46, 13, 47, 48, 17, 18, 19, 20, 17, 51, 32, 33, 34, 35, 36, 37, 17, 18, 19, 20, 17, 38, 42, 43, 44, 45, 46, 13, 47, 50, 17, 18, 19, 20, 17, 51, 32, 33, 34, 35, 36, 37, 17, 18, 19, 20, 17, 38, 42, 43, 44, 45, 46, 13, 47, 48, 17, 18, 19, 20, 17, 51, 32, 33, 34, 35, 38, 42, 43, 44, 45, 46, 13, 47, 48, 17, 18, 19, 20, 17, 51, 32, 33, 34, 35, 36, 37, 17, 18, 19, 20, 17, 38, 42, 43, 44, 45, 46, 13, 47, 48, 17, 18, 19, 20, 17, 51, 32, 33, 34, 35, 36, 37, 17, 18, 19, 20, 17, 38, 42, 43, 44, 45, 46, 13, 47, 48, 17, 18, 19, 20, 17, 51, 32, 33, 34, 35, 36, 37, 17, 18, 19, 20, 17, 38, 42, 43, 44, 45, 51, 32, 33, 34, 35, 38, 42, 43, 44, 45, 46, 13, 47, 48, 17, 18, 19, 20, 17, 51, 32, 33, 34, 35, 36, 37, 17, 18, 19, 20, 17, 38, 42, 43, 44, 45, 46, 13, 47, 48, 17, 18, 19, 20, 17, 51, 32, 33, 34, 35, 36, 37, 17, 18, 19, 20, 17, 38, 42, 43, 44, 45, 46, 13, 47, 48, 17, 18, 19, 20, 17, 51, 32, 33, 34, 35, 36, 37, 17, 18, 19, 20, 17, 38, 42, 43, 44, 45, 46, 13, 47, 50, 17, 18, 19, 20, 17, 51, 32, 33, 34, 35, 36, 37, 17, 18, 19, 20, 17, 38, 42, 43, 44, 45, 46, 13, 47, 50, 17, 18, 19, 20, 17, 51, 32, 33, 34, 35, 36, 37, 17, 18, 19, 20, 17, 38, 42, 43, 44, 45, 46, 13, 47, 50, 17, 18, 19, 20, 17, 51, 32, 33, 34, 35, 36, 37, 17, 18, 19, 20, 17, 38, 42, 43, 44, 45, 46, 13, 47, 48, 17, 18, 19, 20, 17, 51, 32, 33, 34, 35, 36, 37, 17, 18, 19, 20, 17, 38, 42, 43, 44, 45, 46, 13, 47, 50, 17, 18, 19, 20, 17, 51, 32, 33, 34, 35, 36, 37, 17, 18, 19, 20, 17, 38, 42, 43, 44, 45, 46, 13, 47, 48, 17, 18, 19, 20, 17, 51, 32, 33, 34, 35, 36, 37, 17, 18, 19, 20, 17, 38, 42, 43, 44, 45, 46, 13, 47, 50, 17, 18, 19, 20, 17, 51, 32, 33, 34, 35, 36, 37, 17, 18, 19, 20, 17, 38, 42, 43, 44, 45, 46, 13, 47, 50, 17, 18, 19, 20, 17, 51, 32, 33, 34, 35, 36, 37, 17, 18, 19, 20, 17, 38, 42, 43, 44, 45, 46, 13, 47, 50, 17, 18, 19, 20, 17, 51, 32, 33, 34, 35, 36, 37, 17, 18, 19, 20, 17, 38, 42, 43, 44, 45, 46, 13, 47, 48, 17, 18, 19, 20, 17, 51, 32, 33, 34, 35, 36, 37, 17, 18, 19, 20, 17, 38, 42, 43, 44, 45, 51, 32, 33, 34, 35, 36, 37, 17, 18, 19, 20, 17, 38, 42, 43, 44, 45, 46, 13, 47, 50, 17, 18, 19, 20, 17, 51, 32, 33, 34, 35, 36, 37, 17, 18, 19, 20, 17, 38, 42, 43, 44, 45, 46, 13, 47, 48, 17, 18, 19, 20, 17, 51, 32, 33, 34, 35, 36, 37, 17, 18, 19, 20, 17, 38, 42, 43, 44, 45, 46, 13, 47, 48, 17, 18, 19, 20, 17, 51, 32, 33, 34, 35, 36, 37, 17, 18, 19, 20, 17, 38, 42, 43, 44, 45, 46, 13, 47, 50, 17, 18, 19, 20, 17, 51, 32, 33, 34, 35, 36, 37, 17, 18, 19, 20, 17, 38, 42, 43, 44, 45, 46, 13, 47, 50, 17, 18, 19, 20, 17, 51, 32, 33, 34, 35, 36, 37, 17, 18, 19, 20, 17, 38, 42, 43, 44, 45, 46, 13, 47, 48, 17, 18, 19, 20, 17, 51, 32, 33, 34, 35, 36, 37, 17, 18, 19, 20, 17, 38, 42, 43, 44, 45, 46, 13, 47, 48, 17, 18, 19, 20, 17, 51, 32, 33, 34, 35, 36, 37, 17, 18, 19, 20, 17, 38, 42, 43, 44, 45, 46, 13, 47, 50, 17, 18, 19, 20, 17, 51, 32, 33, 34, 35, 36, 37, 17, 18, 19, 20, 17, 38, 42, 43, 44, 45, 46, 13, 47, 48, 17, 18, 19, 20, 17, 51, 32, 33, 34, 35, 36, 37, 17, 18, 19, 20, 17, 38, 42, 43, 44, 45, 46, 13, 47, 50, 17, 18, 19, 20, 17, 51, 32, 33, 34, 35, 36, 37, 17, 18, 19, 20, 17, 38, 42, 43, 44, 45, 46, 13, 47, 48, 17, 18, 19, 20, 17, 51, 32, 33, 34, 35, 36, 37, 17, 18, 19, 20, 17, 38, 42, 43, 44, 45, 46, 13, 47, 48, 17, 18, 19, 20, 17, 51, 32, 33, 34, 35, 36, 37, 17, 18, 19, 20, 17, 38, 42, 43, 44, 45, 46, 13, 47, 48, 17, 18, 19, 20, 17, 51, 32, 33, 34, 35, 36, 37, 17, 18, 19, 20, 17, 38, 42, 43, 44, 45, 46, 13, 47, 48, 17, 18, 19, 20, 17, 51, 32, 33, 34, 35, 36, 37, 17, 18, 19, 20, 17, 38, 42, 43, 44, 45, 46, 13, 47, 50, 17, 18, 19, 20, 17, 51, 32, 33, 34, 35, 36, 37, 17, 18, 19, 20, 17, 38, 42, 43, 44, 45, 46, 13, 47, 48, 17, 18, 19, 20, 17, 51, 32, 33, 34, 35, 36, 37, 17, 18, 19, 20, 17, 38, 42, 43, 44, 45, 46, 13, 47, 50, 17, 18, 19, 20, 17, 51, 32, 33, 34, 35, 36, 37, 17, 18, 19, 20, 17, 38, 42, 43, 44, 45, 46, 13, 47, 50, 17, 18, 19, 20, 17, 51, 32, 33, 34, 35, 36, 37, 17, 18, 19, 20, 17, 38, 42, 43, 44, 45, 46, 13, 47, 50, 17, 18, 19, 20, 17, 51, 32, 33, 34, 35, 36, 37, 17, 18, 19, 20, 17, 38, 42, 43, 44, 45, 46, 13, 47, 50, 17, 18, 19, 20, 17, 51, 32, 33, 34, 35, 36, 37, 17, 18, 19, 20, 17, 38, 42, 43, 44, 45, 46, 13, 47, 48, 17, 18, 19, 20, 17, 51, 32, 33, 34, 35, 36, 37, 17, 18, 19, 20, 17, 38, 42, 43, 44, 45, 46, 13, 47, 48, 17, 18, 19, 20, 17, 51, 32, 33, 34, 35, 36, 37, 17, 18, 19, 20, 17, 38, 42, 43, 44, 45, 46, 13, 47, 50, 17, 18, 19, 20, 17, 51, 42, 43, 44, 45, 46, 13, 47, 50, 17, 18, 19, 20, 17, 51, 32, 33, 34, 35, 36, 37, 17, 18, 19, 20, 17, 38, 42, 43, 44, 45, 46, 13, 47, 48, 17, 18, 19, 20, 17, 51, 32, 33, 34, 35, 36, 37, 17, 18, 19, 20, 17, 38, 42, 43, 44, 45, 46, 13, 47, 48, 17, 18, 19, 20, 17, 51, 32, 33, 34, 35, 36, 37, 17, 18, 19, 20, 17, 38, 42, 43, 44, 45, 46, 13, 47, 48, 17, 18, 19, 20, 17, 51, 32, 33, 34, 35, 36, 37, 17, 18, 19, 20, 17, 38, 42, 43, 44, 45, 46, 13, 47, 50, 17, 18, 19, 20, 17, 51, 32, 33, 34, 35, 36, 37, 17, 18, 19, 20, 17, 38, 42, 43, 44, 45, 46, 13, 47, 48, 17, 18, 19, 20, 17, 51, 32, 33, 34, 35, 36, 37, 17, 18, 19, 20, 17, 38, 42, 43, 44, 45, 46, 13, 47, 48, 17, 18, 19, 20, 17, 51, 32, 33, 34, 35, 38, 42, 43, 44, 45, 46, 13, 47, 50, 17, 18, 19, 20, 17, 51, 32, 33, 34, 35, 38, 42, 43, 44, 45, 46, 13, 47, 48, 17, 18, 19, 20, 17, 51, 32, 33, 34, 35, 36, 37, 17, 18, 19, 20, 17, 38, 42, 43, 44, 45, 51, 32, 33, 34, 35, 36, 37, 17, 18, 19, 20, 17, 38, 42, 43, 44, 45, 46, 13, 47, 48, 17, 18, 19, 20, 17, 51, 32, 33, 34, 35, 36, 37, 17, 18, 19, 20, 17, 38, 42, 43, 44, 45, 46, 13, 47, 50, 17, 18, 19, 20, 17, 51, 32, 33, 34, 35, 36, 37, 17, 18, 19, 20, 17, 38, 42, 43, 44, 45, 46, 13, 47, 50, 17, 18, 19, 20, 17, 51, 32, 33, 34, 35, 36, 37, 17, 18, 19, 20, 17, 38, 42, 43, 44, 45, 46, 13, 47, 50, 17, 18, 19, 20, 17, 51, 32, 33, 34, 35, 36, 37, 17, 18, 19, 20, 17, 38, 42, 43, 44, 45, 46, 13, 47, 48, 17, 18, 19, 20, 17, 51, 32, 33, 34, 35, 36, 37, 17, 18, 19, 20, 17, 38, 42, 43, 44, 45, 46, 13, 47, 48, 17, 18, 19, 20, 17, 51, 32, 33, 34, 35, 36, 37, 17, 18, 19, 20, 17, 38, 42, 43, 44, 45, 46, 13, 47, 50, 17, 18, 19, 20, 17, 51, 32, 33, 34, 35, 36, 37, 17, 18, 19, 20, 17, 38, 42, 43, 44, 45, 46, 13, 47, 48, 17, 18, 19, 20, 17, 51, 32, 33, 34, 35, 36, 37, 17, 18, 19, 20, 17, 38, 42, 43, 44, 45, 46, 13, 47, 48, 17, 18, 19, 20, 17, 51, 32, 33, 34, 35, 36, 37, 17, 18, 19, 20, 17, 38, 42, 43, 44, 45, 46, 13, 47, 48, 17, 18, 19, 20, 17, 51, 32, 33, 34, 35, 36, 37, 17, 18, 19, 20, 17, 38, 42, 43, 44, 45, 46, 13, 47, 50, 17, 18, 19, 20, 17, 51, 32, 33, 34, 35, 36, 37, 17, 18, 19, 20, 17, 38, 42, 43, 44, 45, 46, 13, 47, 50, 17, 18, 19, 20, 17, 51, 32, 33, 34, 35, 36, 37, 17, 18, 19, 20, 17, 38, 42, 43, 44, 45, 46, 13, 47, 50, 17, 18, 19, 20, 17, 51, 32, 33, 34, 35, 36, 37, 17, 18, 19, 20, 17, 38, 42, 43, 44, 45, 46, 13, 47, 48, 17, 18, 19, 20, 17, 51, 32, 33, 34, 35, 36, 37, 17, 18, 19, 20, 17, 38, 42, 43, 44, 45, 46, 13, 47, 48, 17, 18, 19, 20, 17, 51, 32, 33, 34, 35, 36, 37, 17, 18, 19, 20, 17, 38, 42, 43, 44, 45, 46, 13, 47, 48, 17, 18, 19, 20, 17, 51, 32, 33, 34, 35, 36, 37, 17, 18, 19, 20, 17, 38, 42, 43, 44, 45, 46, 13, 47, 48, 17, 18, 19, 20, 17, 51, 32, 33, 34, 35, 36, 37, 17, 18, 19, 20, 17, 38, 42, 43, 44, 45, 46, 13, 47, 50, 17, 18, 19, 20, 17, 51, 32, 33, 34, 35, 36, 37, 17, 18, 19, 20, 17, 38, 42, 43, 44, 45, 46, 13, 47, 48, 17, 18, 19, 20, 17, 51, 32, 33, 34, 35, 36, 37, 17, 18, 19, 20, 17, 38, 42, 43, 44, 45, 51, 32, 33, 34, 35, 36, 37, 17, 18, 19, 20, 17, 38, 42, 43, 44, 45, 46, 13, 47, 50, 17, 18, 19, 20, 17, 51, 32, 33, 34, 35, 36, 37, 17, 18, 19, 20, 17, 38, 42, 43, 44, 45, 46, 13, 47, 50, 17, 18, 19, 20, 17, 51, 32, 33, 34, 35, 36, 37, 17, 18, 19, 20, 17, 38, 42, 43, 44, 45, 46, 13, 47, 50, 17, 18, 19, 20, 17, 51, 32, 33, 34, 35, 36, 37, 17, 18, 19, 20, 17, 38, 82, 79, 80, 54, 24, 25, 26, 27, 26, 25, 26, 27, 26, 25, 26, 27, 26, 25, 26, 27, 26, 25, 26, 27, 26, 25, 26, 27, 26, 25, 26, 27, 26, 25, 26, 27, 26, 25, 26, 27, 26, 25, 26, 27, 26, 25, 26, 27, 26, 25, 26, 27, 26, 25, 26, 27, 26, 25, 26, 27, 26, 25, 26, 27, 26, 25, 28, 55, 56, 55, 56, 55, 56, 55, 56, 55, 56, 55, 56, 55, 56, 55, 56, 55, 56, 55, 56, 55, 56, 55, 56, 55, 56, 55, 56, 55, 56, 55, 57, 81, 42, 43, 44, 45, 46, 13, 47, 50, 17, 18, 19, 20, 17, 51, 32, 33, 34, 35, 36, 37, 17, 18, 19, 20, 17, 38, 42, 43, 44, 45, 51, 32, 33, 34, 35, 36, 37, 17, 18, 19, 20, 17, 38, 42, 43, 44, 45, 46, 13, 47, 48, 17, 18, 19, 20, 17, 51, 32, 33, 34, 35, 36, 37, 17, 18, 19, 20, 17, 38, 42, 43, 44, 45, 46, 13, 47, 48, 17, 18, 19, 20, 17, 51, 32, 33, 34, 35, 38, 42, 43, 44, 45, 46, 13, 47, 50, 17, 18, 19, 20, 17, 51, 32, 33, 34, 35, 36, 37, 17, 18, 19, 20, 17, 38, 42, 43, 44, 45, 46, 13, 47, 48, 17, 18, 19, 20, 17, 51, 32, 33, 34, 35, 36, 37, 17, 18, 19, 20, 17, 38, 42, 43, 44, 45, 46, 13, 47, 50, 17, 18, 19, 20, 17, 51, 32, 33, 34, 35, 36, 37, 17, 18, 19, 20, 17, 38, 42, 43, 44, 45, 46, 13, 47, 48, 17, 18, 19, 20, 17, 51, 32, 33, 34, 35, 36, 37, 17, 18, 19, 20, 17, 38, 42, 43, 44, 45, 46, 13, 47, 48, 17, 18, 19, 20, 17, 51, 32, 33, 34, 35, 36, 37, 17, 18, 19, 20, 17, 38, 42, 43, 44, 45, 46, 13, 47, 50, 17, 18, 19, 20, 17, 51, 32, 33, 34, 35, 36, 37, 17, 18, 19, 20, 17, 38, 42, 43, 44, 45, 46, 13, 47, 48, 17, 18, 19, 20, 17, 51, 32, 33, 34, 35, 36, 37, 17, 18, 19, 20, 17, 38, 42, 43, 44, 45, 46, 13, 47, 48, 17, 18, 19, 20, 17, 51, 32, 33, 34, 35, 36, 37, 17, 18, 19, 20, 17, 38, 42, 43, 44, 45, 46, 13, 47, 50, 17, 18, 19, 20, 17, 51, 32, 33, 34, 35, 36, 37, 17, 18, 19, 20, 17, 38, 42, 43, 44, 45, 46, 13, 47, 48, 17, 18, 19, 20, 17, 51, 32, 33, 34, 35, 36, 37, 17, 18, 19, 20, 17, 38, 42, 43, 44, 45, 46, 13, 47, 48, 17, 18, 19, 20, 17, 51, 32, 33, 34, 35, 36, 37, 17, 18, 19, 20, 17, 38, 42, 43, 44, 45, 46, 13, 47, 50, 17, 18, 19, 20, 17, 51, 32, 33, 34, 35, 36, 37, 17, 18, 19, 20, 17, 38, 42, 43, 44, 45, 46, 13, 47, 50, 17, 18, 19, 20, 17, 51, 32, 33, 34, 35, 36, 37, 17, 18, 19, 20, 17, 38, 42, 43, 44, 45, 46, 13, 47, 48, 17, 18, 19, 20, 17, 51, 32, 33, 34, 35, 38, 42, 43, 44, 45, 46, 13, 47, 48, 17, 18, 19, 20, 17, 51, 32, 33, 34, 35, 36, 37, 17, 18, 19, 20, 17, 38, 42, 43, 44, 45, 46, 13, 47, 50, 17, 18, 19, 20, 17, 51, 32, 33, 34, 35, 36, 37, 17, 18, 19, 20, 17, 38, 42, 43, 44, 45, 46, 13, 47, 48, 17, 18, 19, 20, 17, 51, 32, 33, 34, 35, 36, 37, 17, 18, 19, 20, 17, 38, 42, 43, 44, 45, 46, 13, 47, 48, 17, 18, 19, 20, 17, 51, 32, 33, 34, 35, 36, 37, 17, 18, 19, 20, 17, 38, 42, 43, 44, 45, 46, 13, 47, 48, 17, 18, 19, 20, 17, 51, 32, 33, 34, 35, 36, 37, 17, 18, 19, 20, 17, 38, 42, 43, 44, 45, 46, 13, 47, 50, 17, 18, 19, 20, 17, 51, 32, 33, 34, 35, 36, 37, 17, 18, 19, 20, 17, 38, 42, 43, 44, 45, 46, 13, 47, 50, 17, 18, 19, 20, 17, 51, 32, 33, 34, 35, 38, 42, 43, 44, 45, 46, 13, 47, 50, 17, 18, 19, 20, 17, 51, 32, 33, 34, 35, 36, 37, 17, 18, 19, 20, 17, 38, 42, 43, 44, 45, 46, 13, 47, 50, 17, 18, 19, 20, 17, 51, 32, 33, 34, 35, 38, 42, 43, 44, 45, 46, 13, 47, 48, 17, 18, 19, 20, 17, 51, 32, 33, 34, 35, 36, 37, 17, 18, 19, 20, 17, 38, 42, 43, 44, 45, 51, 32, 33, 34, 35, 36, 37, 17, 18, 19, 20, 17, 38, 42, 43, 44, 45, 46, 13, 47, 50, 17, 18, 19, 20, 17, 51, 32, 33, 34, 35, 36, 37, 17, 18, 19, 20, 17, 38, 42, 43, 44, 45, 46, 13, 47, 48, 17, 18, 19, 20, 17, 51, 32, 33, 34, 35, 36, 37, 17, 18, 19, 20, 17, 38, 42, 43, 44, 45, 46, 13, 47, 48, 17, 18, 19, 20, 17, 51, 32, 33, 34, 35, 36, 37, 17, 18, 19, 20, 17, 38, 42, 43, 44, 45, 46, 13, 47, 50, 17, 18, 19, 20, 17, 51, 32, 33, 34, 35, 36, 37, 17, 18, 19, 20, 17, 38, 42, 43, 44, 45, 46, 13, 47, 50, 17, 18, 19, 20, 17, 51, 32, 33, 34, 35, 36, 37, 17, 18, 19, 20, 17, 38, 42, 43, 44, 45, 46, 13, 47, 50, 17, 18, 19, 20, 17, 51, 32, 33, 34, 35, 36, 37, 17, 18, 19, 20, 17, 38, 42, 43, 44, 45, 46, 13, 47, 50, 17, 18, 19, 20, 17, 51, 32, 33, 34, 35, 36, 37, 17, 18, 19, 20, 17, 38, 42, 43, 44, 45, 46, 13, 47, 48, 17, 18, 19, 20, 17, 51, 32, 33, 34, 35, 36, 37, 17, 18, 19, 20, 17, 38, 42, 43, 44, 45, 46, 13, 47, 50, 17, 18, 19, 20, 17, 51, 32, 33, 34, 35, 36, 37, 17, 18, 19, 20, 17, 38, 42, 43, 44, 45, 46, 13, 47, 48, 17, 18, 19, 20, 17, 51, 32, 33, 34, 35, 36, 37, 17, 18, 19, 20, 17, 38, 42, 43, 44, 45, 51, 32, 33, 34, 35, 36, 37, 17, 18, 19, 20, 17, 38, 42, 43, 44, 45, 46, 13, 47, 50, 17, 18, 19, 20, 17, 51, 32, 33, 34, 35, 36, 37, 17, 18, 19, 20, 17, 38, 42, 43, 44, 45, 46, 13, 47, 50, 17, 18, 19, 20, 17, 51, 32, 33, 34, 35, 36, 37, 17, 18, 19, 20, 17, 38, 42, 43, 44, 45, 46, 13, 47, 50, 17, 18, 19, 20, 17, 51, 32, 33, 34, 35, 36, 37, 17, 18, 19, 20, 17, 38, 42, 43, 44, 45, 46, 13, 47, 48, 17, 18, 19, 20, 17, 51, 32, 33, 34, 35, 38, 42, 43, 44, 45, 46, 13, 47, 48, 17, 18, 19, 20, 17, 51, 32, 33, 34, 35, 36, 37, 17, 18, 19, 20, 17, 38, 42, 43, 44, 45, 46, 13, 47, 48, 17, 18, 19, 20, 17, 51, 32, 33, 34, 35, 36, 37, 17, 18, 19, 20, 17, 38, 42, 43, 44, 45, 46, 13, 47, 48, 17, 18, 19, 20, 17, 51, 32, 33, 34, 35, 36, 37, 17, 18, 19, 20, 17, 38, 42, 43, 44, 45, 46, 13, 47, 48, 17, 18, 19, 20, 17, 51, 32, 33, 34, 35, 36, 37, 17, 18, 19, 20, 17, 38, 42, 43, 44, 45, 46, 13, 47, 50, 17, 18, 19, 20, 17, 51, 32, 33, 34, 35, 36, 37, 17, 18, 19, 20, 17, 38, 42, 43, 44, 45, 46, 13, 47, 48, 17, 18, 19, 20, 17, 51, 32, 33, 34, 35, 36, 37, 17, 18, 19, 20, 17, 38, 42, 43, 44, 45, 46, 13, 47, 50, 17, 18, 19, 20, 17, 51, 32, 33, 34, 35, 36, 37, 17, 18, 19, 20, 17, 38, 42, 43, 44, 45, 46, 13, 47, 48, 17, 18, 19, 20, 17, 51, 32, 33, 34, 35, 38, 42, 43, 44, 45, 46, 13, 47, 50, 17, 18, 19, 20, 17, 51, 32, 33, 34, 35, 36, 37, 17, 18, 19, 20, 17, 38, 42, 43, 44, 45, 46, 13, 47, 50, 17, 18, 19, 20, 17, 51, 32, 33, 34, 35, 36, 37, 17, 18, 19, 20, 17, 38, 42, 43, 44, 45, 46, 13, 47, 48, 17, 18, 19, 20, 17, 51, 32, 33, 34, 35, 36, 37, 17, 18, 19, 20, 17, 38, 42, 43, 44, 45, 46, 13, 47, 50, 17, 18, 19, 20, 17, 51, 32, 33, 34, 35, 38, 42, 43, 44, 45, 46, 13, 47, 50, 17, 18, 19, 20, 17, 51, 32, 33, 34, 35, 36, 37, 17, 18, 19, 20, 17, 38, 42, 43, 44, 45, 51, 32, 33, 34, 35, 36, 37, 17, 18, 19, 20, 17, 38, 42, 43, 44, 45, 46, 13, 47, 48, 17, 18, 19, 20, 17, 51, 32, 33, 34, 35, 36, 37, 17, 18, 19, 20, 17, 38, 42, 43, 44, 45, 46, 13, 47, 48, 17, 18, 19, 20, 17, 51, 32, 33, 34, 35, 36, 37, 17, 18, 19, 20, 17, 38, 42, 43, 44, 45, 46, 13, 47, 48, 17, 18, 19, 20, 17, 51, 32, 33, 34, 35, 36, 37, 17, 18, 19, 20, 17, 38, 42, 43, 44, 45, 46, 13, 47, 50, 17, 18, 19, 20, 17, 51, 32, 33, 34, 35, 36, 37, 17, 18, 19, 20, 17, 38, 42, 43, 44, 45, 46, 13, 47, 50, 17, 18, 19, 20, 17, 51, 32, 33, 34, 35, 36, 37, 17, 18, 19, 20, 17, 38, 42, 43, 44, 45, 46, 13, 47, 50, 17, 18, 19, 20, 17, 51, 32, 33, 34, 35, 36, 37, 17, 18, 19, 20, 17, 38, 42, 43, 44, 45, 46, 13, 47, 48, 17, 18, 19, 20, 17, 51, 32, 33, 34, 35, 36, 37, 17, 18, 19, 20, 17, 38, 42, 43, 44, 45, 46, 13, 47, 50, 17, 18, 19, 20, 17, 51, 32, 33, 34, 35, 36, 37, 17, 18, 19, 20, 17, 38, 42, 43, 44, 45, 46, 13, 47, 50, 17, 18, 19, 20, 17, 51, 32, 33, 34, 35, 36, 37, 17, 18, 19, 20, 17, 38, 42, 43, 44, 45, 46, 13, 47, 48, 17, 18, 19, 20, 17, 51, 32, 33, 34, 35, 36, 37, 17, 18, 19, 20, 17, 38, 42, 43, 44, 45, 46, 13, 47, 50, 17, 18, 19, 20, 17, 51, 32, 33, 34, 35, 36, 37, 17, 18, 19, 20, 17, 38, 42, 43, 44, 45, 46, 13, 47, 50, 17, 18, 19, 20, 17, 51, 32, 33, 34, 35, 36, 37, 17, 18, 19, 20, 17, 38, 42, 43, 44, 45, 46, 13, 47, 50, 17, 18, 19, 20, 17, 51, 32, 33, 34, 35, 36, 37, 17, 18, 19, 20, 17, 38, 42, 43, 44, 45, 46, 13, 47, 50, 17, 18, 19, 20, 17, 51, 32, 33, 34, 35, 36, 37, 17, 18, 19, 20, 17, 38, 42, 43, 44, 45, 46, 13, 47, 48, 17, 18, 19, 20, 17, 51, 32, 33, 34, 35, 36, 37, 17, 18, 19, 20, 17, 38, 42, 43, 44, 45, 46, 13, 47, 48, 17, 18, 19, 20, 17, 51, 32, 33, 34, 35, 36, 37, 17, 18, 19, 20, 17, 38, 42, 43, 44, 45, 46, 13, 47, 50, 17, 18, 19, 20, 17, 51, 32, 33, 34, 35, 36, 37, 17, 18, 19, 20, 17, 38, 42, 43, 44, 45, 46, 13, 47, 50, 17, 18, 19, 20, 17, 51, 32, 33, 34, 35, 36, 37, 17, 18, 19, 20, 17, 38, 42, 43, 44, 45, 46, 13, 47, 50, 17, 18, 19, 20, 17, 51, 32, 33, 34, 35, 36, 37, 17, 18, 19, 20, 17, 38, 42, 43, 44, 45, 46, 13, 47, 50, 17, 18, 19, 20, 17, 51, 32, 33, 34, 35, 36, 37, 17, 18, 19, 20, 17, 38, 42, 43, 44, 45, 46, 13, 47, 48, 17, 18, 19, 20, 17, 51, 32, 33, 34, 35, 36, 37, 17, 18, 19, 20, 17, 38, 42, 43, 44, 45, 46, 13, 47, 50, 17, 18, 19, 20, 17, 51, 32, 33, 34, 35, 36, 37, 17, 18, 19, 20, 17, 38, 42, 43, 44, 45, 46, 13, 47, 50, 17, 18, 19, 20, 17, 51, 32, 33, 34, 35, 36, 37, 17, 18, 19, 20, 17, 38, 42, 43, 44, 45, 46, 13, 47, 50, 17, 18, 19, 20, 17, 51, 32, 33, 34, 35, 36, 37, 17, 18, 19, 20, 17, 38, 42, 43, 44, 45, 46, 13, 47, 50, 17, 18, 19, 20, 17, 51, 32, 33, 34, 35, 36, 37, 17, 18, 19, 20, 17, 38, 42, 43, 44, 45, 46, 13, 47, 48, 17, 18, 19, 20, 17, 51, 32, 33, 34, 35, 36, 37, 17, 18, 19, 20, 17, 38, 42, 43, 44, 45, 46, 13, 47, 48, 17, 18, 19, 20, 17, 51, 32, 33, 34, 35, 36, 37, 17, 18, 19, 20, 17, 38, 42, 43, 44, 45, 46, 13, 47, 50, 17, 18, 19, 20, 17, 51, 32, 33, 34, 35, 36, 37, 17, 18, 19, 20, 17, 38, 42, 43, 44, 45, 46, 13, 47, 50, 17, 18, 19, 20, 17, 51, 32, 33, 34, 35, 36, 37, 17, 18, 19, 20, 17, 38, 42, 43, 44, 45, 46, 13, 47, 50, 17, 18, 19, 20, 17, 51, 32, 33, 34, 35, 36, 37, 17, 18, 19, 20, 17, 38, 42, 43, 44, 45, 46, 13, 47, 48, 17, 18, 19, 20, 17, 51, 32, 33, 34, 35, 36, 37, 17, 18, 19, 20, 17, 38, 42, 43, 44, 45, 46, 13, 47, 48, 17, 18, 19, 20, 17, 51, 32, 33, 34, 35, 36, 37, 17, 18, 19, 20, 17, 38, 42, 43, 44, 45, 46, 13, 47, 48, 17, 18, 19, 20, 17, 51, 32, 33, 34, 35, 36, 37, 17, 18, 19, 20, 17, 38, 42, 43, 44, 45, 46, 13, 47, 48, 17, 18, 19, 20, 17, 51, 32, 33, 34, 35, 36, 37, 17, 18, 19, 20, 17, 38, 42, 43, 44, 45, 46, 13, 47, 48, 17, 18, 19, 20, 17, 51, 32, 33, 34, 35, 36, 37, 17, 18, 19, 20, 17, 38, 32, 33, 34, 35, 36, 37, 17, 18, 19, 20, 17, 38, 42, 43, 44, 45, 46, 13, 47, 48, 17, 18, 19, 20, 17, 51, 32, 33, 34, 35, 36, 37, 17, 18, 19, 20, 17, 38, 42, 43, 44, 45, 51, 82, 79, 80, 54, 24, 25, 26, 27, 26, 25, 26, 27, 26, 25, 26, 27, 26, 25, 26, 27, 26, 25, 26, 27, 26, 25, 26, 27, 26, 25, 26, 27, 26, 25, 26, 27, 26, 25, 26, 27, 26, 25, 26, 27, 26, 25, 26, 27, 26, 25, 26, 27, 26, 25, 26, 27, 26, 25, 26, 27, 26, 25, 26, 27, 26, 25, 28, 55, 56, 55, 56, 55, 56, 55, 56, 55, 56, 55, 56, 55, 56, 55, 56, 55, 56, 55, 56, 55, 56, 55, 56, 55, 56, 55, 56, 55, 56, 55, 57, 81, 32, 33, 34, 35, 36, 37, 17, 18, 19, 20, 17, 38, 42, 43, 44, 45, 46, 13, 47, 48, 17, 18, 19, 20, 17, 51, 32, 33, 34, 35, 36, 37, 17, 18, 19, 20, 17, 38, 42, 43, 44, 45, 46, 13, 47, 48, 17, 18, 19, 20, 17, 51, 32, 33, 34, 35, 36, 37, 17, 18, 19, 20, 17, 38, 42, 43, 44, 45, 46, 13, 47, 48, 17, 18, 19, 20, 17, 51, 42, 43, 44, 45, 46, 13, 47, 50, 17, 18, 19, 20, 17, 51, 32, 33, 34, 35, 36, 37, 17, 18, 19, 20, 17, 38, 32, 33, 34, 35, 36, 37, 17, 18, 19, 20, 17, 38, 42, 43, 44, 45, 46, 13, 47, 48, 17, 18, 19, 20, 17, 51, 32, 33, 34, 35, 36, 37, 17, 18, 19, 20, 17, 38, 42, 43, 44, 45, 46, 13, 47, 48, 17, 18, 19, 20, 17, 51, 32, 33, 34, 35, 36, 37, 17, 18, 19, 20, 17, 38, 42, 43, 44, 45, 46, 13, 47, 48, 17, 18, 19, 20, 17, 51, 32, 33, 34, 35, 36, 37, 17, 18, 19, 20, 17, 38, 42, 43, 44, 45, 46, 13, 47, 48, 17, 18, 19, 20, 17, 51, 32, 33, 34, 35, 36, 37, 17, 18, 19, 20, 17, 38, 42, 43, 44, 45, 46, 13, 47, 48, 17, 18, 19, 20, 17, 51, 32, 33, 34, 35, 36, 37, 17, 18, 19, 20, 17, 38, 42, 43, 44, 45, 46, 13, 47, 50, 17, 18, 19, 20, 17, 51, 32, 33, 34, 35, 36, 37, 17, 18, 19, 20, 17, 38, 42, 43, 44, 45, 46, 13, 47, 50, 17, 18, 19, 20, 17, 51, 32, 33, 34, 35, 36, 37, 17, 18, 19, 20, 17, 38, 42, 43, 44, 45, 46, 13, 47, 50, 17, 18, 19, 20, 17, 51, 32, 33, 34, 35, 36, 37, 17, 18, 19, 20, 17, 38, 42, 43, 44, 45, 46, 13, 47, 50, 17, 18, 19, 20, 17, 51, 32, 33, 34, 35, 36, 37, 17, 18, 19, 20, 17, 38, 42, 43, 44, 45, 51, 32, 33, 34, 35, 36, 37, 17, 18, 19, 20, 17, 38, 42, 43, 44, 45, 46, 13, 47, 48, 17, 18, 19, 20, 17, 51, 32, 33, 34, 35, 36, 37, 17, 18, 19, 20, 17, 38, 42, 43, 44, 45, 46, 13, 47, 48, 17, 18, 19, 20, 17, 51, 32, 33, 34, 35, 36, 37, 17, 18, 19, 20, 17, 38, 42, 43, 44, 45, 46, 13, 47, 48, 17, 18, 19, 20, 17, 51, 32, 33, 34, 35, 36, 37, 17, 18, 19, 20, 17, 38, 42, 43, 44, 45, 46, 13, 47, 50, 17, 18, 19, 20, 17, 51, 32, 33, 34, 35, 36, 37, 17, 18, 19, 20, 17, 38, 42, 43, 44, 45, 46, 13, 47, 48, 17, 18, 19, 20, 17, 51, 42, 43, 44, 45, 46, 13, 47, 50, 17, 18, 19, 20, 17, 51, 32, 33, 34, 35, 36, 37, 17, 18, 19, 20, 17, 38, 42, 43, 44, 45, 46, 13, 47, 50, 17, 18, 19, 20, 17, 51, 32, 33, 34, 35, 36, 37, 17, 18, 19, 20, 17, 38, 32, 33, 34, 35, 36, 37, 17, 18, 19, 20, 17, 38, 42, 43, 44, 45, 46, 13, 47, 50, 17, 18, 19, 20, 17, 51, 32, 33, 34, 35, 36, 37, 17, 18, 19, 20, 17, 38, 42, 43, 44, 45, 46, 13, 47, 50, 17, 18, 19, 20, 17, 51, 32, 33, 34, 35, 36, 37, 17, 18, 19, 20, 17, 38, 42, 43, 44, 45, 46, 13, 47, 48, 17, 18, 19, 20, 17, 51, 32, 33, 34, 35, 36, 37, 17, 18, 19, 20, 17, 38, 42, 43, 44, 45, 46, 13, 47, 50, 17, 18, 19, 20, 17, 51, 32, 33, 34, 35, 36, 37, 17, 18, 19, 20, 17, 38, 42, 43, 44, 45, 46, 13, 47, 50, 17, 18, 19, 20, 17, 51, 32, 33, 34, 35, 36, 37, 17, 18, 19, 20, 17, 38, 42, 43, 44, 45, 51, 32, 33, 34, 35, 36, 37, 17, 18, 19, 20, 17, 38, 42, 43, 44, 45, 46, 13, 47, 50, 17, 18, 19, 20, 17, 51, 32, 33, 34, 35, 36, 37, 17, 18, 19, 20, 17, 38, 42, 43, 44, 45, 51, 32, 33, 34, 35, 36, 37, 17, 18, 19, 20, 17, 38, 42, 43, 44, 45, 46, 13, 47, 48, 17, 18, 19, 20, 17, 51, 32, 33, 34, 35, 36, 37, 17, 18, 19, 20, 17, 38, 42, 43, 44, 45, 46, 13, 47, 48, 17, 18, 19, 20, 17, 51, 32, 33, 34, 35, 36, 37, 17, 18, 19, 20, 17, 38, 42, 43, 44, 45, 46, 13, 47, 48, 17, 18, 19, 20, 17, 51, 32, 33, 34, 35, 36, 37, 17, 18, 19, 20, 17, 38, 42, 43, 44, 45, 51, 32, 33, 34, 35, 36, 37, 17, 18, 19, 20, 17, 38, 42, 43, 44, 45, 46, 13, 47, 48, 17, 18, 19, 20, 17, 51, 32, 33, 34, 35, 36, 37, 17, 18, 19, 20, 17, 38, 42, 43, 44, 45, 46, 13, 47, 48, 17, 18, 19, 20, 17, 51, 32, 33, 34, 35, 36, 37, 17, 18, 19, 20, 17, 38, 42, 43, 44, 45, 46, 13, 47, 48, 17, 18, 19, 20, 17, 51, 32, 33, 34, 35, 36, 37, 17, 18, 19, 20, 17, 38, 42, 43, 44, 45, 46, 13, 47, 50, 17, 18, 19, 20, 17, 51, 32, 33, 34, 35, 36, 37, 17, 18, 19, 20, 17, 38, 42, 43, 44, 45, 46, 13, 47, 50, 17, 18, 19, 20, 17, 51, 32, 33, 34, 35, 36, 37, 17, 18, 19, 20, 17, 38, 42, 43, 44, 45, 46, 13, 47, 48, 17, 18, 19, 20, 17, 51, 32, 33, 34, 35, 36, 37, 17, 18, 19, 20, 17, 38, 42, 43, 44, 45, 46, 13, 47, 50, 17, 18, 19, 20, 17, 51, 32, 33, 34, 35, 36, 37, 17, 18, 19, 20, 17, 38, 42, 43, 44, 45, 46, 13, 47, 50, 17, 18, 19, 20, 17, 51, 32, 33, 34, 35, 36, 37, 17, 18, 19, 20, 17, 38, 42, 43, 44, 45, 51, 32, 33, 34, 35, 36, 37, 17, 18, 19, 20, 17, 38, 42, 43, 44, 45, 46, 13, 47, 48, 17, 18, 19, 20, 17, 51, 32, 33, 34, 35, 36, 37, 17, 18, 19, 20, 17, 38, 42, 43, 44, 45, 46, 13, 47, 50, 17, 18, 19, 20, 17, 51, 32, 33, 34, 35, 36, 37, 17, 18, 19, 20, 17, 38, 42, 43, 44, 45, 46, 13, 47, 48, 17, 18, 19, 20, 17, 51, 32, 33, 34, 35, 36, 37, 17, 18, 19, 20, 17, 38, 42, 43, 44, 45, 46, 13, 47, 50, 17, 18, 19, 20, 17, 51, 32, 33, 34, 35, 36, 37, 17, 18, 19, 20, 17, 38, 42, 43, 44, 45, 46, 13, 47, 50, 17, 18, 19, 20, 17, 51, 32, 33, 34, 35, 36, 37, 17, 18, 19, 20, 17, 38, 42, 43, 44, 45, 46, 13, 47, 50, 17, 18, 19, 20, 17, 51, 32, 33, 34, 35, 36, 37, 17, 18, 19, 20, 17, 38, 42, 43, 44, 45, 46, 13, 47, 50, 17, 18, 19, 20, 17, 51, 32, 33, 34, 35, 36, 37, 17, 18, 19, 20, 17, 38, 42, 43, 44, 45, 46, 13, 47, 50, 17, 18, 19, 20, 17, 51, 32, 33, 34, 35, 36, 37, 17, 18, 19, 20, 17, 38, 42, 43, 44, 45, 46, 13, 47, 48, 17, 18, 19, 20, 17, 51, 32, 33, 34, 35, 36, 37, 17, 18, 19, 20, 17, 38, 42, 43, 44, 45, 46, 13, 47, 48, 17, 18, 19, 20, 17, 51, 32, 33, 34, 35, 36, 37, 17, 18, 19, 20, 17, 38, 42, 43, 44, 45, 46, 13, 47, 50, 17, 18, 19, 20, 17, 51, 32, 33, 34, 35, 36, 37, 17, 18, 19, 20, 17, 38, 42, 43, 44, 45, 46, 13, 47, 50, 17, 18, 19, 20, 17, 51, 32, 33, 34, 35, 36, 37, 17, 18, 19, 20, 17, 38, 42, 43, 44, 45, 46, 13, 47, 50, 17, 18, 19, 20, 17, 51, 32, 33, 34, 35, 36, 37, 17, 18, 19, 20, 17, 38, 42, 43, 44, 45, 51, 32, 33, 34, 35, 36, 37, 17, 18, 19, 20, 17, 38, 42, 43, 44, 45, 46, 13, 47, 48, 17, 18, 19, 20, 17, 51, 32, 33, 34, 35, 36, 37, 17, 18, 19, 20, 17, 38, 42, 43, 44, 45, 46, 13, 47, 48, 17, 18, 19, 20, 17, 51, 32, 33, 34, 35, 36, 37, 17, 18, 19, 20, 17, 38, 42, 43, 44, 45, 46, 13, 47, 48, 17, 18, 19, 20, 17, 51, 32, 33, 34, 35, 38, 42, 43, 44, 45, 46, 13, 47, 50, 17, 18, 19, 20, 17, 51, 32, 33, 34, 35, 36, 37, 17, 18, 19, 20, 17, 38, 42, 43, 44, 45, 46, 13, 47, 48, 17, 18, 19, 20, 17, 51, 32, 33, 34, 35, 36, 37, 17, 18, 19, 20, 17, 38, 42, 43, 44, 45, 46, 13, 47, 48, 17, 18, 19, 20, 17, 51, 32, 33, 34, 35, 36, 37, 17, 18, 19, 20, 17, 38, 42, 43, 44, 45, 46, 13, 47, 50, 17, 18, 19, 20, 17, 51, 32, 33, 34, 35, 36, 37, 17, 18, 19, 20, 17, 38, 42, 43, 44, 45, 46, 13, 47, 48, 17, 18, 19, 20, 17, 51, 32, 33, 34, 35, 36, 37, 17, 18, 19, 20, 17, 38, 42, 43, 44, 45, 46, 13, 47, 48, 17, 18, 19, 20, 17, 51, 32, 33, 34, 35, 36, 37, 17, 18, 19, 20, 17, 38, 42, 43, 44, 45, 46, 13, 47, 50, 17, 18, 19, 20, 17, 51, 32, 33, 34, 35, 36, 37, 17, 18, 19, 20, 17, 38, 42, 43, 44, 45, 46, 13, 47, 48, 17, 18, 19, 20, 17, 51, 32, 33, 34, 35, 36, 37, 17, 18, 19, 20, 17, 38, 42, 43, 44, 45, 46, 13, 47, 48, 17, 18, 19, 20, 17, 51, 32, 33, 34, 35, 36, 37, 17, 18, 19, 20, 17, 38, 42, 43, 44, 45, 46, 13, 47, 50, 17, 18, 19, 20, 17, 51, 32, 33, 34, 35, 36, 37, 17, 18, 19, 20, 17, 38, 42, 43, 44, 45, 51, 32, 33, 34, 35, 36, 37, 17, 18, 19, 20, 17, 38, 42, 43, 44, 45, 46, 13, 47, 50, 17, 18, 19, 20, 17, 51, 32, 33, 34, 35, 36, 37, 17, 18, 19, 20, 17, 38, 42, 43, 44, 45, 46, 13, 47, 50, 17, 18, 19, 20, 17, 51, 32, 33, 34, 35, 36, 37, 17, 18, 19, 20, 17, 38, 42, 43, 44, 45, 51, 32, 33, 34, 35, 36, 37, 17, 18, 19, 20, 17, 38, 42, 43, 44, 45, 46, 13, 47, 50, 17, 18, 19, 20, 17, 51, 32, 33, 34, 35, 36, 37, 17, 18, 19, 20, 17, 38, 42, 43, 44, 45, 46, 13, 47, 48, 17, 18, 19, 20, 17, 51, 32, 33, 34, 35, 36, 37, 17, 18, 19, 20, 17, 38, 42, 43, 44, 45, 46, 13, 47, 50, 17, 18, 19, 20, 17, 51, 32, 33, 34, 35, 36, 37, 17, 18, 19, 20, 17, 38, 42, 43, 44, 45, 51, 32, 33, 34, 35, 36, 37, 17, 18, 19, 20, 17, 38, 42, 43, 44, 45, 46, 13, 47, 50, 17, 18, 19, 20, 17, 51, 32, 33, 34, 35, 36, 37, 17, 18, 19, 20, 17, 38, 42, 43, 44, 45, 46, 13, 47, 50, 17, 18, 19, 20, 17, 51, 32, 33, 34, 35, 36, 37, 17, 18, 19, 20, 17, 38, 42, 43, 44, 45, 46, 13, 47, 48, 17, 18, 19, 20, 17, 51, 32, 33, 34, 35, 36, 37, 17, 18, 19, 20, 17, 38, 42, 43, 44, 45, 46, 13, 47, 48, 17, 18, 19, 20, 17, 51, 32, 33, 34, 35, 36, 37, 17, 18, 19, 20, 17, 38, 42, 43, 44, 45, 46, 13, 47, 48, 17, 18, 19, 20, 17, 51, 32, 33, 34, 35, 36, 37, 17, 18, 19, 20, 17, 38, 42, 43, 44, 45, 46, 13, 47, 48, 17, 18, 19, 20, 17, 51, 32, 33, 34, 35, 36, 37, 17, 18, 19, 20, 17, 38, 42, 43, 44, 45, 46, 13, 47, 50, 17, 18, 19, 20, 17, 51, 32, 33, 34, 35, 36, 37, 17, 18, 19, 20, 17, 38, 42, 43, 44, 45, 46, 13, 47, 48, 17, 18, 19, 20, 17, 51, 32, 33, 34, 35, 36, 37, 17, 18, 19, 20, 17, 38, 42, 43, 44, 45, 46, 13, 47, 48, 17, 18, 19, 20, 17, 51, 32, 33, 34, 35, 36, 37, 17, 18, 19, 20, 17, 38, 42, 43, 44, 45, 46, 13, 47, 50, 17, 18, 19, 20, 17, 51, 32, 33, 34, 35, 36, 37, 17, 18, 19, 20, 17, 38, 42, 43, 44, 45, 46, 13, 47, 48, 17, 18, 19, 20, 17, 51, 32, 33, 34, 35, 36, 37, 17, 18, 19, 20, 17, 38, 42, 43, 44, 45, 46, 13, 47, 48, 17, 18, 19, 20, 17, 51, 32, 33, 34, 35, 36, 37, 17, 18, 19, 20, 17, 38, 42, 43, 44, 45, 46, 13, 47, 48, 17, 18, 19, 20, 17, 51, 32, 33, 34, 35, 36, 37, 17, 18, 19, 20, 17, 38, 42, 43, 44, 45, 46, 13, 47, 48, 17, 18, 19, 20, 17, 51, 32, 33, 34, 35, 36, 37, 17, 18, 19, 20, 17, 38, 42, 43, 44, 45, 46, 13, 47, 50, 17, 18, 19, 20, 17, 51, 32, 33, 34, 35, 36, 37, 17, 18, 19, 20, 17, 38, 42, 43, 44, 45, 46, 13, 47, 48, 17, 18, 19, 20, 17, 51, 32, 33, 34, 35, 36, 37, 17, 18, 19, 20, 17, 38, 42, 43, 44, 45, 46, 13, 47, 48, 17, 18, 19, 20, 17, 51, 32, 33, 34, 35, 36, 37, 17, 18, 19, 20, 17, 38, 42, 43, 44, 45, 46, 13, 47, 50, 17, 18, 19, 20, 17, 51, 82, 79, 80, 54, 24, 25, 26, 27, 26, 25, 26, 27, 26, 25, 26, 27, 26, 25, 26, 27, 26, 25, 26, 27, 26, 25, 26, 27, 26, 25, 26, 27, 26, 25, 26, 27, 26, 25, 26, 27, 26, 25, 26, 27, 26, 25, 26, 27, 26, 25, 26, 27, 26, 25, 26, 27, 26, 25, 26, 27, 26, 25, 26, 27, 26, 25, 28, 55, 56, 55, 56, 55, 56, 55, 56, 55, 56, 55, 56, 55, 56, 55, 56, 55, 56, 55, 56, 55, 56, 55, 56, 55, 56, 55, 56, 55, 56, 55, 57, 81, 32, 33, 34, 35, 36, 37, 17, 18, 19, 20, 17, 38, 42, 43, 44, 45, 46, 13, 47, 50, 17, 18, 19, 20, 17, 51, 32, 33, 34, 35, 36, 37, 17, 18, 19, 20, 17, 38, 42, 43, 44, 45, 46, 13, 47, 48, 17, 18, 19, 20, 17, 51, 32, 33, 34, 35, 36, 37, 17, 18, 19, 20, 17, 38, 42, 43, 44, 45, 46, 13, 47, 48, 17, 18, 19, 20, 17, 51, 32, 33, 34, 35, 38, 42, 43, 44, 45, 46, 13, 47, 50, 17, 18, 19, 20, 17, 51, 32, 33, 34, 35, 38, 42, 43, 44, 45, 46, 13, 47, 48, 17, 18, 19, 20, 17, 51, 32, 33, 34, 35, 36, 37, 17, 18, 19, 20, 17, 38, 42, 43, 44, 45, 46, 13, 47, 50, 17, 18, 19, 20, 17, 51, 32, 33, 34, 35, 36, 37, 17, 18, 19, 20, 17, 38, 42, 43, 44, 45, 46, 13, 47, 50, 17, 18, 19, 20, 17, 51, 32, 33, 34, 35, 36, 37, 17, 18, 19, 20, 17, 38, 42, 43, 44, 45, 46, 13, 47, 50, 17, 18, 19, 20, 17, 51, 32, 33, 34, 35, 36, 37, 17, 18, 19, 20, 17, 38, 42, 43, 44, 45, 46, 13, 47, 50, 17, 18, 19, 20, 17, 51, 32, 33, 34, 35, 36, 37, 17, 18, 19, 20, 17, 38, 42, 43, 44, 45, 51, 32, 33, 34, 35, 36, 37, 17, 18, 19, 20, 17, 38, 42, 43, 44, 45, 46, 13, 47, 48, 17, 18, 19, 20, 17, 51, 32, 33, 34, 35, 36, 37, 17, 18, 19, 20, 17, 38, 42, 43, 44, 45, 46, 13, 47, 48, 17, 18, 19, 20, 17, 51, 32, 33, 34, 35, 36, 37, 17, 18, 19, 20, 17, 38, 42, 43, 44, 45, 46, 13, 47, 48, 17, 18, 19, 20, 17, 51, 32, 33, 34, 35, 36, 37, 17, 18, 19, 20, 17, 38, 42, 43, 44, 45, 46, 13, 47, 48, 17, 18, 19, 20, 17, 51, 32, 33, 34, 35, 36, 37, 17, 18, 19, 20, 17, 38, 42, 43, 44, 45, 46, 13, 47, 50, 17, 18, 19, 20, 17, 51, 42, 43, 44, 45, 46, 13, 47, 48, 17, 18, 19, 20, 17, 51, 32, 33, 34, 35, 36, 37, 17, 18, 19, 20, 17, 38, 42, 43, 44, 45, 46, 13, 47, 48, 17, 18, 19, 20, 17, 51, 32, 33, 34, 35, 36, 37, 17, 18, 19, 20, 17, 38, 42, 43, 44, 45, 46, 13, 47, 50, 17, 18, 19, 20, 17, 51, 32, 33, 34, 35, 36, 37, 17, 18, 19, 20, 17, 38, 42, 43, 44, 45, 46, 13, 47, 50, 17, 18, 19, 20, 17, 51, 32, 33, 34, 35, 36, 37, 17, 18, 19, 20, 17, 38, 42, 43, 44, 45, 46, 13, 47, 50, 17, 18, 19, 20, 17, 51, 32, 33, 34, 35, 36, 37, 17, 18, 19, 20, 17, 38, 42, 43, 44, 45, 46, 13, 47, 50, 17, 18, 19, 20, 17, 51, 32, 33, 34, 35, 36, 37, 17, 18, 19, 20, 17, 38, 42, 43, 44, 45, 46, 13, 47, 50, 17, 18, 19, 20, 17, 51, 32, 33, 34, 35, 36, 37, 17, 18, 19, 20, 17, 38, 42, 43, 44, 45, 46, 13, 47, 50, 17, 18, 19, 20, 17, 51, 32, 33, 34, 35, 36, 37, 17, 18, 19, 20, 17, 38, 42, 43, 44, 45, 46, 13, 47, 48, 17, 18, 19, 20, 17, 51, 32, 33, 34, 35, 36, 37, 17, 18, 19, 20, 17, 38, 42, 43, 44, 45, 46, 13, 47, 48, 17, 18, 19, 20, 17, 51, 32, 33, 34, 35, 36, 37, 17, 18, 19, 20, 17, 38, 42, 43, 44, 45, 46, 13, 47, 48, 17, 18, 19, 20, 17, 51, 32, 33, 34, 35, 36, 37, 17, 18, 19, 20, 17, 38, 42, 43, 44, 45, 46, 13, 47, 48, 17, 18, 19, 20, 17, 51, 32, 33, 34, 35, 36, 37, 17, 18, 19, 20, 17, 38, 42, 43, 44, 45, 46, 13, 47, 50, 17, 18, 19, 20, 17, 51, 32, 33, 34, 35, 36, 37, 17, 18, 19, 20, 17, 38, 42, 43, 44, 45, 46, 13, 47, 48, 17, 18, 19, 20, 17, 51, 32, 33, 34, 35, 36, 37, 17, 18, 19, 20, 17, 38, 42, 43, 44, 45, 46, 13, 47, 48, 17, 18, 19, 20, 17, 51, 32, 33, 34, 35, 36, 37, 17, 18, 19, 20, 17, 38, 42, 43, 44, 45, 46, 13, 47, 50, 17, 18, 19, 20, 17, 51, 32, 33, 34, 35, 36, 37, 17, 18, 19, 20, 17, 38, 42, 43, 44, 45, 46, 13, 47, 48, 17, 18, 19, 20, 17, 51, 32, 33, 34, 35, 36, 37, 17, 18, 19, 20, 17, 38, 42, 43, 44, 45, 46, 13, 47, 50, 17, 18, 19, 20, 17, 51, 32, 33, 34, 35, 38, 42, 43, 44, 45, 46, 13, 47, 48, 17, 18, 19, 20, 17, 51, 32, 33, 34, 35, 36, 37, 17, 18, 19, 20, 17, 38, 42, 43, 44, 45, 46, 13, 47, 50, 17, 18, 19, 20, 17, 51, 32, 33, 34, 35, 36, 37, 17, 18, 19, 20, 17, 38, 42, 43, 44, 45, 46, 13, 47, 50, 17, 18, 19, 20, 17, 51, 32, 33, 34, 35, 36, 37, 17, 18, 19, 20, 17, 38, 42, 43, 44, 45, 46, 13, 47, 50, 17, 18, 19, 20, 17, 51, 32, 33, 34, 35, 36, 37, 17, 18, 19, 20, 17, 38, 42, 43, 44, 45, 46, 13, 47, 48, 17, 18, 19, 20, 17, 51, 32, 33, 34, 35, 36, 37, 17, 18, 19, 20, 17, 38, 42, 43, 44, 45, 46, 13, 47, 50, 17, 18, 19, 20, 17, 51, 32, 33, 34, 35, 36, 37, 17, 18, 19, 20, 17, 38, 42, 43, 44, 45, 46, 13, 47, 50, 17, 18, 19, 20, 17, 51, 32, 33, 34, 35, 36, 37, 17, 18, 19, 20, 17, 38, 42, 43, 44, 45, 46, 13, 47, 48, 17, 18, 19, 20, 17, 51, 32, 33, 34, 35, 36, 37, 17, 18, 19, 20, 17, 38, 42, 43, 44, 45, 46, 13, 47, 50, 17, 18, 19, 20, 17, 51, 32, 33, 34, 35, 36, 37, 17, 18, 19, 20, 17, 38, 42, 43, 44, 45, 46, 13, 47, 50, 17, 18, 19, 20, 17, 51, 32, 33, 34, 35, 36, 37, 17, 18, 19, 20, 17, 38, 42, 43, 44, 45, 46, 13, 47, 50, 17, 18, 19, 20, 17, 51, 32, 33, 34, 35, 36, 37, 17, 18, 19, 20, 17, 38, 42, 43, 44, 45, 46, 13, 47, 50, 17, 18, 19, 20, 17, 51, 32, 33, 34, 35, 36, 37, 17, 18, 19, 20, 17, 38, 42, 43, 44, 45, 46, 13, 47, 50, 17, 18, 19, 20, 17, 51, 32, 33, 34, 35, 36, 37, 17, 18, 19, 20, 17, 38, 42, 43, 44, 45, 46, 13, 47, 48, 17, 18, 19, 20, 17, 51, 32, 33, 34, 35, 36, 37, 17, 18, 19, 20, 17, 38, 42, 43, 44, 45, 46, 13, 47, 48, 17, 18, 19, 20, 17, 51, 32, 33, 34, 35, 36, 37, 17, 18, 19, 20, 17, 38, 42, 43, 44, 45, 46, 13, 47, 50, 17, 18, 19, 20, 17, 51, 32, 33, 34, 35, 36, 37, 17, 18, 19, 20, 17, 38, 42, 43, 44, 45, 46, 13, 47, 50, 17, 18, 19, 20, 17, 51, 32, 33, 34, 35, 36, 37, 17, 18, 19, 20, 17, 38, 42, 43, 44, 45, 46, 13, 47, 48, 17, 18, 19, 20, 17, 51, 32, 33, 34, 35, 36, 37, 17, 18, 19, 20, 17, 38, 42, 43, 44, 45, 46, 13, 47, 48, 17, 18, 19, 20, 17, 51, 32, 33, 34, 35, 36, 37, 17, 18, 19, 20, 17, 38, 42, 43, 44, 45, 46, 13, 47, 50, 17, 18, 19, 20, 17, 51, 32, 33, 34, 35, 36, 37, 17, 18, 19, 20, 17, 38, 42, 43, 44, 45, 46, 13, 47, 48, 17, 18, 19, 20, 17, 51, 32, 33, 34, 35, 36, 37, 17, 18, 19, 20, 17, 38, 42, 43, 44, 45, 46, 13, 47, 50, 17, 18, 19, 20, 17, 51, 32, 33, 34, 35, 36, 37, 17, 18, 19, 20, 17, 38, 42, 43, 44, 45, 46, 13, 47, 48, 17, 18, 19, 20, 17, 51, 32, 33, 34, 35, 36, 37, 17, 18, 19, 20, 17, 38, 42, 43, 44, 45, 46, 13, 47, 48, 17, 18, 19, 20, 17, 51, 32, 33, 34, 35, 36, 37, 17, 18, 19, 20, 17, 38, 42, 43, 44, 45, 51, 32, 33, 34, 35, 36, 37, 17, 18, 19, 20, 17, 38, 42, 43, 44, 45, 46, 13, 47, 48, 17, 18, 19, 20, 17, 51, 32, 33, 34, 35, 36, 37, 17, 18, 19, 20, 17, 38, 42, 43, 44, 45, 46, 13, 47, 48, 17, 18, 19, 20, 17, 51, 32, 33, 34, 35, 36, 37, 17, 18, 19, 20, 17, 38, 42, 43, 44, 45, 46, 13, 47, 50, 17, 18, 19, 20, 17, 51, 32, 33, 34, 35, 36, 37, 17, 18, 19, 20, 17, 38, 42, 43, 44, 45, 51, 32, 33, 34, 35, 36, 37, 17, 18, 19, 20, 17, 38, 42, 43, 44, 45, 46, 13, 47, 48, 17, 18, 19, 20, 17, 51, 32, 33, 34, 35, 38, 42, 43, 44, 45, 46, 13, 47, 50, 17, 18, 19, 20, 17, 51, 32, 33, 34, 35, 36, 37, 17, 18, 19, 20, 17, 38, 42, 43, 44, 45, 46, 13, 47, 48, 17, 18, 19, 20, 17, 51, 32, 33, 34, 35, 36, 37, 17, 18, 19, 20, 17, 38, 42, 43, 44, 45, 51, 32, 33, 34, 35, 36, 37, 17, 18, 19, 20, 17, 38, 42, 43, 44, 45, 46, 13, 47, 48, 17, 18, 19, 20, 17, 51, 32, 33, 34, 35, 36, 37, 17, 18, 19, 20, 17, 38, 42, 43, 44, 45, 46, 13, 47, 48, 17, 18, 19, 20, 17, 51, 32, 33, 34, 35, 36, 37, 17, 18, 19, 20, 17, 38, 42, 43, 44, 45, 46, 13, 47, 48, 17, 18, 19, 20, 17, 51, 32, 33, 34, 35, 36, 37, 17, 18, 19, 20, 17, 38, 42, 43, 44, 45, 46, 13, 47, 48, 17, 18, 19, 20, 17, 51, 32, 33, 34, 35, 36, 37, 17, 18, 19, 20, 17, 38, 42, 43, 44, 45, 46, 13, 47, 48, 17, 18, 19, 20, 17, 51, 32, 33, 34, 35, 36, 37, 17, 18, 19, 20, 17, 38, 42, 43, 44, 45, 46, 13, 47, 48, 17, 18, 19, 20, 17, 51, 32, 33, 34, 35, 36, 37, 17, 18, 19, 20, 17, 38, 42, 43, 44, 45, 46, 13, 47, 48, 17, 18, 19, 20, 17, 51, 32, 33, 34, 35, 38, 42, 43, 44, 45, 46, 13, 47, 48, 17, 18, 19, 20, 17, 51, 32, 33, 34, 35, 36, 37, 17, 18, 19, 20, 17, 38, 42, 43, 44, 45, 46, 13, 47, 48, 17, 18, 19, 20, 17, 51, 32, 33, 34, 35, 36, 37, 17, 18, 19, 20, 17, 38, 42, 43, 44, 45, 46, 13, 47, 48, 17, 18, 19, 20, 17, 51, 32, 33, 34, 35, 36, 37, 17, 18, 19, 20, 17, 38, 42, 43, 44, 45, 46, 13, 47, 48, 17, 18, 19, 20, 17, 51, 32, 33, 34, 35, 36, 37, 17, 18, 19, 20, 17, 38, 42, 43, 44, 45, 51, 32, 33, 34, 35, 36, 37, 17, 18, 19, 20, 17, 38, 42, 43, 44, 45, 46, 13, 47, 50, 17, 18, 19, 20, 17, 51, 32, 33, 34, 35, 36, 37, 17, 18, 19, 20, 17, 38, 42, 43, 44, 45, 46, 13, 47, 48, 17, 18, 19, 20, 17, 51, 32, 33, 34, 35, 36, 37, 17, 18, 19, 20, 17, 38, 42, 43, 44, 45, 46, 13, 47, 48, 17, 18, 19, 20, 17, 51, 32, 33, 34, 35, 36, 37, 17, 18, 19, 20, 17, 38, 42, 43, 44, 45, 46, 13, 47, 48, 17, 18, 19, 20, 17, 51, 32, 33, 34, 35, 38, 42, 43, 44, 45, 46, 13, 47, 50, 17, 18, 19, 20, 17, 51, 32, 33, 34, 35, 36, 37, 17, 18, 19, 20, 17, 38, 42, 43, 44, 45, 46, 13, 47, 48, 17, 18, 19, 20, 17, 51, 32, 33, 34, 35, 36, 37, 17, 18, 19, 20, 17, 38, 42, 43, 44, 45, 51, 32, 33, 34, 35, 36, 37, 17, 18, 19, 20, 17, 38, 42, 43, 44, 45, 46, 13, 47, 50, 17, 18, 19, 20, 17, 51, 32, 33, 34, 35, 36, 37, 17, 18, 19, 20, 17, 38, 42, 43, 44, 45, 51, 32, 33, 34, 35, 36, 37, 17, 18, 19, 20, 17, 38, 42, 43, 44, 45, 46, 13, 47, 48, 17, 18, 19, 20, 17, 51, 32, 33, 34, 35, 36, 37, 17, 18, 19, 20, 17, 38, 42, 43, 44, 45, 46, 13, 47, 48, 17, 18, 19, 20, 17, 51, 32, 33, 34, 35, 36, 37, 17, 18, 19, 20, 17, 38, 42, 43, 44, 45, 46, 13, 47, 48, 17, 18, 19, 20, 17, 51, 32, 33, 34, 35, 36, 37, 17, 18, 19, 20, 17, 38, 42, 43, 44, 45, 51, 32, 33, 34, 35, 36, 37, 17, 18, 19, 20, 17, 38, 42, 43, 44, 45, 46, 13, 47, 50, 17, 18, 19, 20, 17, 51, 32, 33, 34, 35, 36, 37, 17, 18, 19, 20, 17, 38, 42, 43, 44, 45, 46, 13, 47, 50, 17, 18, 19, 20, 17, 51, 32, 33, 34, 35, 36, 37, 17, 18, 19, 20, 17, 38, 42, 43, 44, 45, 46, 13, 47, 50, 17, 18, 19, 20, 17, 51, 32, 33, 34, 35, 36, 37, 17, 18, 19, 20, 17, 38, 42, 43, 44, 45, 46, 13, 47, 50, 17, 18, 19, 20, 17, 51, 32, 33, 34, 35, 36, 37, 17, 18, 19, 20, 17, 38, 42, 43, 44, 45, 46, 13, 47, 48, 17, 18, 19, 20, 17, 51, 32, 33, 34, 35, 38, 82, 79, 80, 54, 24, 25, 26, 27, 26, 25, 26, 27, 26, 25, 26, 27, 26, 25, 26, 27, 26, 25, 26, 27, 26, 25, 26, 27, 26, 25, 26, 27, 26, 25, 26, 27, 26, 25, 26, 27, 26, 25, 26, 27, 26, 25, 26, 27, 26, 25, 26, 27, 26, 25, 26, 27, 26, 25, 26, 27, 26, 25, 26, 27, 26, 25, 28, 55, 56, 55, 56, 55, 56, 55, 56, 55, 56, 55, 56, 55, 56, 55, 56, 55, 56, 55, 56, 55, 56, 55, 56, 55, 56, 55, 56, 55, 56, 55, 57, 81, 42, 43, 44, 45, 46, 13, 47, 50, 17, 18, 19, 20, 17, 51, 32, 33, 34, 35, 36, 37, 17, 18, 19, 20, 17, 38, 42, 43, 44, 45, 46, 13, 47, 50, 17, 18, 19, 20, 17, 51, 32, 33, 34, 35, 36, 37, 17, 18, 19, 20, 17, 38, 42, 43, 44, 45, 46, 13, 47, 48, 17, 18, 19, 20, 17, 51, 32, 33, 34, 35, 36, 37, 17, 18, 19, 20, 17, 38, 42, 43, 44, 45, 46, 13, 47, 50, 17, 18, 19, 20, 17, 51, 32, 33, 34, 35, 36, 37, 17, 18, 19, 20, 17, 38, 42, 43, 44, 45, 46, 13, 47, 48, 17, 18, 19, 20, 17, 51, 32, 33, 34, 35, 36, 37, 17, 18, 19, 20, 17, 38, 42, 43, 44, 45, 51, 32, 33, 34, 35, 36, 37, 17, 18, 19, 20, 17, 38, 42, 43, 44, 45, 46, 13, 47, 48, 17, 18, 19, 20, 17, 51, 32, 33, 34, 35, 36, 37, 17, 18, 19, 20, 17, 38, 42, 43, 44, 45, 46, 13, 47, 48, 17, 18, 19, 20, 17, 51, 32, 33, 34, 35, 36, 37, 17, 18, 19, 20, 17, 38, 42, 43, 44, 45, 46, 13, 47, 48, 17, 18, 19, 20, 17, 51, 32, 33, 34, 35, 36, 37, 17, 18, 19, 20, 17, 38, 42, 43, 44, 45, 46, 13, 47, 48, 17, 18, 19, 20, 17, 51, 32, 33, 34, 35, 36, 37, 17, 18, 19, 20, 17, 38, 42, 43, 44, 45, 46, 13, 47, 50, 17, 18, 19, 20, 17, 51, 32, 33, 34, 35, 36, 37, 17, 18, 19, 20, 17, 38, 42, 43, 44, 45, 46, 13, 47, 50, 17, 18, 19, 20, 17, 51, 32, 33, 34, 35, 36, 37, 17, 18, 19, 20, 17, 38, 42, 43, 44, 45, 46, 13, 47, 48, 17, 18, 19, 20, 17, 51, 32, 33, 34, 35, 36, 37, 17, 18, 19, 20, 17, 38, 42, 43, 44, 45, 46, 13, 47, 48, 17, 18, 19, 20, 17, 51, 32, 33, 34, 35, 36, 37, 17, 18, 19, 20, 17, 38, 42, 43, 44, 45, 46, 13, 47, 48, 17, 18, 19, 20, 17, 51, 32, 33, 34, 35, 36, 37, 17, 18, 19, 20, 17, 38, 42, 43, 44, 45, 46, 13, 47, 48, 17, 18, 19, 20, 17, 51, 32, 33, 34, 35, 36, 37, 17, 18, 19, 20, 17, 38, 42, 43, 44, 45, 46, 13, 47, 50, 17, 18, 19, 20, 17, 51, 32, 33, 34, 35, 36, 37, 17, 18, 19, 20, 17, 38, 42, 43, 44, 45, 46, 13, 47, 48, 17, 18, 19, 20, 17, 51, 32, 33, 34, 35, 36, 37, 17, 18, 19, 20, 17, 38, 42, 43, 44, 45, 46, 13, 47, 50, 17, 18, 19, 20, 17, 51, 32, 33, 34, 35, 36, 37, 17, 18, 19, 20, 17, 38, 42, 43, 44, 45, 46, 13, 47, 50, 17, 18, 19, 20, 17, 51, 32, 33, 34, 35, 36, 37, 17, 18, 19, 20, 17, 38, 42, 43, 44, 45, 46, 13, 47, 48, 17, 18, 19, 20, 17, 51, 32, 33, 34, 35, 36, 37, 17, 18, 19, 20, 17, 38, 42, 43, 44, 45, 51, 32, 33, 34, 35, 36, 37, 17, 18, 19, 20, 17, 38, 42, 43, 44, 45, 51, 32, 33, 34, 35, 36, 37, 17, 18, 19, 20, 17, 38, 42, 43, 44, 45, 51, 32, 33, 34, 35, 36, 37, 17, 18, 19, 20, 17, 38, 42, 43, 44, 45, 46, 13, 47, 48, 17, 18, 19, 20, 17, 51, 32, 33, 34, 35, 36, 37, 17, 18, 19, 20, 17, 38, 42, 43, 44, 45, 46, 13, 47, 48, 17, 18, 19, 20, 17, 51, 32, 33, 34, 35, 36, 37, 17, 18, 19, 20, 17, 38, 42, 43, 44, 45, 46, 13, 47, 48, 17, 18, 19, 20, 17, 51, 32, 33, 34, 35, 36, 37, 17, 18, 19, 20, 17, 38, 42, 43, 44, 45, 46, 13, 47, 50, 17, 18, 19, 20, 17, 51, 32, 33, 34, 35, 36, 37, 17, 18, 19, 20, 17, 38, 42, 43, 44, 45, 51, 32, 33, 34, 35, 36, 37, 17, 18, 19, 20, 17, 38, 42, 43, 44, 45, 46, 13, 47, 50, 17, 18, 19, 20, 17, 51, 32, 33, 34, 35, 36, 37, 17, 18, 19, 20, 17, 38, 42, 43, 44, 45, 46, 13, 47, 48, 17, 18, 19, 20, 17, 51, 32, 33, 34, 35, 36, 37, 17, 18, 19, 20, 17, 38, 42, 43, 44, 45, 51, 32, 33, 34, 35, 38, 42, 43, 44, 45, 46, 13, 47, 50, 17, 18, 19, 20, 17, 51, 32, 33, 34, 35, 36, 37, 17, 18, 19, 20, 17, 38, 42, 43, 44, 45, 46, 13, 47, 50, 17, 18, 19, 20, 17, 51, 32, 33, 34, 35, 36, 37, 17, 18, 19, 20, 17, 38, 42, 43, 44, 45, 46, 13, 47, 50, 17, 18, 19, 20, 17, 51, 32, 33, 34, 35, 36, 37, 17, 18, 19, 20, 17, 38, 42, 43, 44, 45, 46, 13, 47, 48, 17, 18, 19, 20, 17, 51, 32, 33, 34, 35, 36, 37, 17, 18, 19, 20, 17, 38, 42, 43, 44, 45, 46, 13, 47, 50, 17, 18, 19, 20, 17, 51, 32, 33, 34, 35, 36, 37, 17, 18, 19, 20, 17, 38, 42, 43, 44, 45, 46, 13, 47, 48, 17, 18, 19, 20, 17, 51, 32, 33, 34, 35, 36, 37, 17, 18, 19, 20, 17, 38, 42, 43, 44, 45, 46, 13, 47, 50, 17, 18, 19, 20, 17, 51, 32, 33, 34, 35, 36, 37, 17, 18, 19, 20, 17, 38, 42, 43, 44, 45, 46, 13, 47, 48, 17, 18, 19, 20, 17, 51, 32, 33, 34, 35, 36, 37, 17, 18, 19, 20, 17, 38, 42, 43, 44, 45, 46, 13, 47, 48, 17, 18, 19, 20, 17, 51, 32, 33, 34, 35, 36, 37, 17, 18, 19, 20, 17, 38, 42, 43, 44, 45, 46, 13, 47, 50, 17, 18, 19, 20, 17, 51, 32, 33, 34, 35, 36, 37, 17, 18, 19, 20, 17, 38, 42, 43, 44, 45, 46, 13, 47, 48, 17, 18, 19, 20, 17, 51, 32, 33, 34, 35, 36, 37, 17, 18, 19, 20, 17, 38, 42, 43, 44, 45, 51, 32, 33, 34, 35, 36, 37, 17, 18, 19, 20, 17, 38, 42, 43, 44, 45, 46, 13, 47, 48, 17, 18, 19, 20, 17, 51, 32, 33, 34, 35, 36, 37, 17, 18, 19, 20, 17, 38, 42, 43, 44, 45, 46, 13, 47, 48, 17, 18, 19, 20, 17, 51, 32, 33, 34, 35, 36, 37, 17, 18, 19, 20, 17, 38, 42, 43, 44, 45, 46, 13, 47, 48, 17, 18, 19, 20, 17, 51, 32, 33, 34, 35, 36, 37, 17, 18, 19, 20, 17, 38, 32, 33, 34, 35, 36, 37, 17, 18, 19, 20, 17, 38, 42, 43, 44, 45, 46, 13, 47, 48, 17, 18, 19, 20, 17, 51, 42, 43, 44, 45, 46, 13, 47, 50, 17, 18, 19, 20, 17, 51, 32, 33, 34, 35, 38, 42, 43, 44, 45, 46, 13, 47, 48, 17, 18, 19, 20, 17, 51, 32, 33, 34, 35, 36, 37, 17, 18, 19, 20, 17, 38, 42, 43, 44, 45, 46, 13, 47, 48, 17, 18, 19, 20, 17, 51, 32, 33, 34, 35, 36, 37, 17, 18, 19, 20, 17, 38, 42, 43, 44, 45, 46, 13, 47, 50, 17, 18, 19, 20, 17, 51, 32, 33, 34, 35, 36, 37, 17, 18, 19, 20, 17, 38, 42, 43, 44, 45, 46, 13, 47, 48, 17, 18, 19, 20, 17, 51, 32, 33, 34, 35, 36, 37, 17, 18, 19, 20, 17, 38, 42, 43, 44, 45, 51, 32, 33, 34, 35, 36, 37, 17, 18, 19, 20, 17, 38, 42, 43, 44, 45, 46, 13, 47, 48, 17, 18, 19, 20, 17, 51, 32, 33, 34, 35, 36, 37, 17, 18, 19, 20, 17, 38, 42, 43, 44, 45, 46, 13, 47, 48, 17, 18, 19, 20, 17, 51, 32, 33, 34, 35, 36, 37, 17, 18, 19, 20, 17, 38, 42, 43, 44, 45, 46, 13, 47, 48, 17, 18, 19, 20, 17, 51, 32, 33, 34, 35, 36, 37, 17, 18, 19, 20, 17, 38, 42, 43, 44, 45, 51, 32, 33, 34, 35, 36, 37, 17, 18, 19, 20, 17, 38, 42, 43, 44, 45, 46, 13, 47, 48, 17, 18, 19, 20, 17, 51, 32, 33, 34, 35, 36, 37, 17, 18, 19, 20, 17, 38, 42, 43, 44, 45, 46, 13, 47, 48, 17, 18, 19, 20, 17, 51, 32, 33, 34, 35, 36, 37, 17, 18, 19, 20, 17, 38, 42, 43, 44, 45, 46, 13, 47, 48, 17, 18, 19, 20, 17, 51, 32, 33, 34, 35, 36, 37, 17, 18, 19, 20, 17, 38, 42, 43, 44, 45, 46, 13, 47, 48, 17, 18, 19, 20, 17, 51, 32, 33, 34, 35, 36, 37, 17, 18, 19, 20, 17, 38, 42, 43, 44, 45, 46, 13, 47, 48, 17, 18, 19, 20, 17, 51, 32, 33, 34, 35, 36, 37, 17, 18, 19, 20, 17, 38, 32, 33, 34, 35, 36, 37, 17, 18, 19, 20, 17, 38, 42, 43, 44, 45, 46, 13, 47, 50, 17, 18, 19, 20, 17, 51, 32, 33, 34, 35, 36, 37, 17, 18, 19, 20, 17, 38, 42, 43, 44, 45, 51, 32, 33, 34, 35, 38, 42, 43, 44, 45, 46, 13, 47, 48, 17, 18, 19, 20, 17, 51, 32, 33, 34, 35, 36, 37, 17, 18, 19, 20, 17, 38, 42, 43, 44, 45, 46, 13, 47, 50, 17, 18, 19, 20, 17, 51, 32, 33, 34, 35, 36, 37, 17, 18, 19, 20, 17, 38, 42, 43, 44, 45, 51, 32, 33, 34, 35, 36, 37, 17, 18, 19, 20, 17, 38, 42, 43, 44, 45, 51, 32, 33, 34, 35, 36, 37, 17, 18, 19, 20, 17, 38, 42, 43, 44, 45, 51, 42, 43, 44, 45, 46, 13, 47, 48, 17, 18, 19, 20, 17, 51, 32, 33, 34, 35, 36, 37, 17, 18, 19, 20, 17, 38, 42, 43, 44, 45, 46, 13, 47, 50, 17, 18, 19, 20, 17, 51, 32, 33, 34, 35, 36, 37, 17, 18, 19, 20, 17, 38, 42, 43, 44, 45, 46, 13, 47, 50, 17, 18, 19, 20, 17, 51, 32, 33, 34, 35, 36, 37, 17, 18, 19, 20, 17, 38, 42, 43, 44, 45, 46, 13, 47, 48, 17, 18, 19, 20, 17, 51, 32, 33, 34, 35, 36, 37, 17, 18, 19, 20, 17, 38, 42, 43, 44, 45, 46, 13, 47, 48, 17, 18, 19, 20, 17, 51, 32, 33, 34, 35, 36, 37, 17, 18, 19, 20, 17, 38, 42, 43, 44, 45, 46, 13, 47, 48, 17, 18, 19, 20, 17, 51, 32, 33, 34, 35, 36, 37, 17, 18, 19, 20, 17, 38, 42, 43, 44, 45, 46, 13, 47, 48, 17, 18, 19, 20, 17, 51, 32, 33, 34, 35, 36, 37, 17, 18, 19, 20, 17, 38, 42, 43, 44, 45, 46, 13, 47, 50, 17, 18, 19, 20, 17, 51, 32, 33, 34, 35, 36, 37, 17, 18, 19, 20, 17, 38, 42, 43, 44, 45, 51, 32, 33, 34, 35, 36, 37, 17, 18, 19, 20, 17, 38, 42, 43, 44, 45, 46, 13, 47, 50, 17, 18, 19, 20, 17, 51, 32, 33, 34, 35, 36, 37, 17, 18, 19, 20, 17, 38, 42, 43, 44, 45, 46, 13, 47, 48, 17, 18, 19, 20, 17, 51, 32, 33, 34, 35, 36, 37, 17, 18, 19, 20, 17, 38, 42, 43, 44, 45, 46, 13, 47, 48, 17, 18, 19, 20, 17, 51, 32, 33, 34, 35, 36, 37, 17, 18, 19, 20, 17, 38, 32, 33, 34, 35, 38, 42, 43, 44, 45, 46, 13, 47, 50, 17, 18, 19, 20, 17, 51, 32, 33, 34, 35, 36, 37, 17, 18, 19, 20, 17, 38, 42, 43, 44, 45, 46, 13, 47, 50, 17, 18, 19, 20, 17, 51, 32, 33, 34, 35, 36, 37, 17, 18, 19, 20, 17, 38, 42, 43, 44, 45, 46, 13, 47, 48, 17, 18, 19, 20, 17, 51, 32, 33, 34, 35, 36, 37, 17, 18, 19, 20, 17, 38, 42, 43, 44, 45, 46, 13, 47, 50, 17, 18, 19, 20, 17, 51, 32, 33, 34, 35, 36, 37, 17, 18, 19, 20, 17, 38, 42, 43, 44, 45, 46, 13, 47, 48, 17, 18, 19, 20, 17, 51, 32, 33, 34, 35, 36, 37, 17, 18, 19, 20, 17, 38, 42, 43, 44, 45, 46, 13, 47, 48, 17, 18, 19, 20, 17, 51, 32, 33, 34, 35, 36, 37, 17, 18, 19, 20, 17, 38, 42, 43, 44, 45, 46, 13, 47, 48, 17, 18, 19, 20, 17, 51, 42, 43, 44, 45, 46, 13, 47, 50, 17, 18, 19, 20, 17, 51, 32, 33, 34, 35, 36, 37, 17, 18, 19, 20, 17, 38, 42, 43, 44, 45, 46, 13, 47, 48, 17, 18, 19, 20, 17, 51, 32, 33, 34, 35, 36, 37, 17, 18, 19, 20, 17, 38, 42, 43, 44, 45, 46, 13, 47, 48, 17, 18, 19, 20, 17, 51, 32, 33, 34, 35, 36, 37, 17, 18, 19, 20, 17, 38, 42, 43, 44, 45, 46, 13, 47, 48, 17, 18, 19, 20, 17, 51, 32, 33, 34, 35, 36, 37, 17, 18, 19, 20, 17, 38, 42, 43, 44, 45, 46, 13, 47, 50, 17, 18, 19, 20, 17, 51, 32, 33, 34, 35, 36, 37, 17, 18, 19, 20, 17, 38, 42, 43, 44, 45, 46, 13, 47, 48, 17, 18, 19, 20, 17, 51, 32, 33, 34, 35, 36, 37, 17, 18, 19, 20, 17, 38, 42, 43, 44, 45, 51, 32, 33, 34, 35, 36, 37, 17, 18, 19, 20, 17, 38, 82, 79, 80, 54, 24, 25, 26, 27, 26, 25, 26, 27, 26, 25, 26, 27, 26, 25, 26, 27, 26, 25, 26, 27, 26, 25, 26, 27, 26, 25, 26, 27, 26, 25, 26, 27, 26, 25, 26, 27, 26, 25, 26, 27, 26, 25, 26, 27, 26, 25, 26, 27, 26, 25, 26, 27, 26, 25, 26, 27, 26, 25, 26, 27, 26, 25, 28, 55, 56, 55, 56, 55, 56, 55, 56, 55, 56, 55, 56, 55, 56, 55, 56, 55, 56, 55, 56, 55, 56, 55, 56, 55, 56, 55, 56, 55, 56, 55, 57, 81, 42, 43, 44, 45, 46, 13, 47, 48, 17, 18, 19, 20, 17, 51, 32, 33, 34, 35, 36, 37, 17, 18, 19, 20, 17, 38, 42, 43, 44, 45, 46, 13, 47, 50, 17, 18, 19, 20, 17, 51, 32, 33, 34, 35, 36, 37, 17, 18, 19, 20, 17, 38, 42, 43, 44, 45, 46, 13, 47, 50, 17, 18, 19, 20, 17, 51, 32, 33, 34, 35, 36, 37, 17, 18, 19, 20, 17, 38, 42, 43, 44, 45, 46, 13, 47, 50, 17, 18, 19, 20, 17, 51, 32, 33, 34, 35, 36, 37, 17, 18, 19, 20, 17, 38, 42, 43, 44, 45, 46, 13, 47, 50, 17, 18, 19, 20, 17, 51, 32, 33, 34, 35, 36, 37, 17, 18, 19, 20, 17, 38, 42, 43, 44, 45, 46, 13, 47, 50, 17, 18, 19, 20, 17, 51, 32, 33, 34, 35, 36, 37, 17, 18, 19, 20, 17, 38, 42, 43, 44, 45, 46, 13, 47, 50, 17, 18, 19, 20, 17, 51, 32, 33, 34, 35, 36, 37, 17, 18, 19, 20, 17, 38, 42, 43, 44, 45, 46, 13, 47, 50, 17, 18, 19, 20, 17, 51, 32, 33, 34, 35, 36, 37, 17, 18, 19, 20, 17, 38, 42, 43, 44, 45, 46, 13, 47, 50, 17, 18, 19, 20, 17, 51, 32, 33, 34, 35, 38, 42, 43, 44, 45, 46, 13, 47, 50, 17, 18, 19, 20, 17, 51, 32, 33, 34, 35, 36, 37, 17, 18, 19, 20, 17, 38, 42, 43, 44, 45, 46, 13, 47, 48, 17, 18, 19, 20, 17, 51, 32, 33, 34, 35, 36, 37, 17, 18, 19, 20, 17, 38, 42, 43, 44, 45, 46, 13, 47, 50, 17, 18, 19, 20, 17, 51, 32, 33, 34, 35, 36, 37, 17, 18, 19, 20, 17, 38, 42, 43, 44, 45, 46, 13, 47, 48, 17, 18, 19, 20, 17, 51, 32, 33, 34, 35, 36, 37, 17, 18, 19, 20, 17, 38, 42, 43, 44, 45, 46, 13, 47, 50, 17, 18, 19, 20, 17, 51, 32, 33, 34, 35, 36, 37, 17, 18, 19, 20, 17, 38, 42, 43, 44, 45, 51, 32, 33, 34, 35, 36, 37, 17, 18, 19, 20, 17, 38, 42, 43, 44, 45, 46, 13, 47, 48, 17, 18, 19, 20, 17, 51, 32, 33, 34, 35, 36, 37, 17, 18, 19, 20, 17, 38, 42, 43, 44, 45, 46, 13, 47, 48, 17, 18, 19, 20, 17, 51, 32, 33, 34, 35, 36, 37, 17, 18, 19, 20, 17, 38, 42, 43, 44, 45, 46, 13, 47, 50, 17, 18, 19, 20, 17, 51, 32, 33, 34, 35, 36, 37, 17, 18, 19, 20, 17, 38, 42, 43, 44, 45, 46, 13, 47, 50, 17, 18, 19, 20, 17, 51, 32, 33, 34, 35, 36, 37, 17, 18, 19, 20, 17, 38, 42, 43, 44, 45, 46, 13, 47, 50, 17, 18, 19, 20, 17, 51, 32, 33, 34, 35, 36, 37, 17, 18, 19, 20, 17, 38, 42, 43, 44, 45, 46, 13, 47, 48, 17, 18, 19, 20, 17, 51, 32, 33, 34, 35, 36, 37, 17, 18, 19, 20, 17, 38, 42, 43, 44, 45, 46, 13, 47, 50, 17, 18, 19, 20, 17, 51, 32, 33, 34, 35, 36, 37, 17, 18, 19, 20, 17, 38, 42, 43, 44, 45, 46, 13, 47, 50, 17, 18, 19, 20, 17, 51, 32, 33, 34, 35, 36, 37, 17, 18, 19, 20, 17, 38, 42, 43, 44, 45, 46, 13, 47, 48, 17, 18, 19, 20, 17, 51, 32, 33, 34, 35, 36, 37, 17, 18, 19, 20, 17, 38, 42, 43, 44, 45, 46, 13, 47, 50, 17, 18, 19, 20, 17, 51, 32, 33, 34, 35, 36, 37, 17, 18, 19, 20, 17, 38, 42, 43, 44, 45, 46, 13, 47, 50, 17, 18, 19, 20, 17, 51, 32, 33, 34, 35, 36, 37, 17, 18, 19, 20, 17, 38, 42, 43, 44, 45, 46, 13, 47, 50, 17, 18, 19, 20, 17, 51, 32, 33, 34, 35, 36, 37, 17, 18, 19, 20, 17, 38, 42, 43, 44, 45, 51, 32, 33, 34, 35, 36, 37, 17, 18, 19, 20, 17, 38, 42, 43, 44, 45, 46, 13, 47, 48, 17, 18, 19, 20, 17, 51, 32, 33, 34, 35, 36, 37, 17, 18, 19, 20, 17, 38, 42, 43, 44, 45, 46, 13, 47, 48, 17, 18, 19, 20, 17, 51, 32, 33, 34, 35, 36, 37, 17, 18, 19, 20, 17, 38, 42, 43, 44, 45, 46, 13, 47, 50, 17, 18, 19, 20, 17, 51, 32, 33, 34, 35, 36, 37, 17, 18, 19, 20, 17, 38, 42, 43, 44, 45, 46, 13, 47, 48, 17, 18, 19, 20, 17, 51, 32, 33, 34, 35, 36, 37, 17, 18, 19, 20, 17, 38, 42, 43, 44, 45, 46, 13, 47, 50, 17, 18, 19, 20, 17, 51, 32, 33, 34, 35, 36, 37, 17, 18, 19, 20, 17, 38, 42, 43, 44, 45, 46, 13, 47, 50, 17, 18, 19, 20, 17, 51, 32, 33, 34, 35, 36, 37, 17, 18, 19, 20, 17, 38, 42, 43, 44, 45, 46, 13, 47, 48, 17, 18, 19, 20, 17, 51, 32, 33, 34, 35, 36, 37, 17, 18, 19, 20, 17, 38, 42, 43, 44, 45, 46, 13, 47, 50, 17, 18, 19, 20, 17, 51, 32, 33, 34, 35, 36, 37, 17, 18, 19, 20, 17, 38, 42, 43, 44, 45, 46, 13, 47, 48, 17, 18, 19, 20, 17, 51, 32, 33, 34, 35, 36, 37, 17, 18, 19, 20, 17, 38, 42, 43, 44, 45, 46, 13, 47, 50, 17, 18, 19, 20, 17, 51, 32, 33, 34, 35, 36, 37, 17, 18, 19, 20, 17, 38, 42, 43, 44, 45, 46, 13, 47, 50, 17, 18, 19, 20, 17, 51, 32, 33, 34, 35, 38, 42, 43, 44, 45, 46, 13, 47, 50, 17, 18, 19, 20, 17, 51, 32, 33, 34, 35, 36, 37, 17, 18, 19, 20, 17, 38, 42, 43, 44, 45, 46, 13, 47, 50, 17, 18, 19, 20, 17, 51, 32, 33, 34, 35, 36, 37, 17, 18, 19, 20, 17, 38, 42, 43, 44, 45, 46, 13, 47, 48, 17, 18, 19, 20, 17, 51, 32, 33, 34, 35, 36, 37, 17, 18, 19, 20, 17, 38, 42, 43, 44, 45, 46, 13, 47, 50, 17, 18, 19, 20, 17, 51, 32, 33, 34, 35, 36, 37, 17, 18, 19, 20, 17, 38, 42, 43, 44, 45, 51, 32, 33, 34, 35, 38, 42, 43, 44, 45, 46, 13, 47, 50, 17, 18, 19, 20, 17, 51, 32, 33, 34, 35, 36, 37, 17, 18, 19, 20, 17, 38, 42, 43, 44, 45, 46, 13, 47, 48, 17, 18, 19, 20, 17, 51, 32, 33, 34, 35, 36, 37, 17, 18, 19, 20, 17, 38, 42, 43, 44, 45, 46, 13, 47, 50, 17, 18, 19, 20, 17, 51, 32, 33, 34, 35, 36, 37, 17, 18, 19, 20, 17, 38, 42, 43, 44, 45, 46, 13, 47, 48, 17, 18, 19, 20, 17, 51, 32, 33, 34, 35, 36, 37, 17, 18, 19, 20, 17, 38, 42, 43, 44, 45, 46, 13, 47, 48, 17, 18, 19, 20, 17, 51, 32, 33, 34, 35, 36, 37, 17, 18, 19, 20, 17, 38, 42, 43, 44, 45, 46, 13, 47, 48, 17, 18, 19, 20, 17, 51, 32, 33, 34, 35, 36, 37, 17, 18, 19, 20, 17, 38, 42, 43, 44, 45, 51, 32, 33, 34, 35, 36, 37, 17, 18, 19, 20, 17, 38, 42, 43, 44, 45, 46, 13, 47, 48, 17, 18, 19, 20, 17, 51, 32, 33, 34, 35, 36, 37, 17, 18, 19, 20, 17, 38, 42, 43, 44, 45, 46, 13, 47, 48, 17, 18, 19, 20, 17, 51, 32, 33, 34, 35, 36, 37, 17, 18, 19, 20, 17, 38, 42, 43, 44, 45, 46, 13, 47, 48, 17, 18, 19, 20, 17, 51, 32, 33, 34, 35, 36, 37, 17, 18, 19, 20, 17, 38, 42, 43, 44, 45, 46, 13, 47, 48, 17, 18, 19, 20, 17, 51, 32, 33, 34, 35, 36, 37, 17, 18, 19, 20, 17, 38, 42, 43, 44, 45, 51, 32, 33, 34, 35, 38, 42, 43, 44, 45, 46, 13, 47, 48, 17, 18, 19, 20, 17, 51, 32, 33, 34, 35, 36, 37, 17, 18, 19, 20, 17, 38, 42, 43, 44, 45, 46, 13, 47, 48, 17, 18, 19, 20, 17, 51, 32, 33, 34, 35, 36, 37, 17, 18, 19, 20, 17, 38, 42, 43, 44, 45, 46, 13, 47, 48, 17, 18, 19, 20, 17, 51, 32, 33, 34, 35, 36, 37, 17, 18, 19, 20, 17, 38, 42, 43, 44, 45, 46, 13, 47, 50, 17, 18, 19, 20, 17, 51, 32, 33, 34, 35, 36, 37, 17, 18, 19, 20, 17, 38, 42, 43, 44, 45, 46, 13, 47, 50, 17, 18, 19, 20, 17, 51, 32, 33, 34, 35, 36, 37, 17, 18, 19, 20, 17, 38, 42, 43, 44, 45, 46, 13, 47, 50, 17, 18, 19, 20, 17, 51, 32, 33, 34, 35, 38, 42, 43, 44, 45, 46, 13, 47, 48, 17, 18, 19, 20, 17, 51, 32, 33, 34, 35, 36, 37, 17, 18, 19, 20, 17, 38, 42, 43, 44, 45, 46, 13, 47, 48, 17, 18, 19, 20, 17, 51, 32, 33, 34, 35, 36, 37, 17, 18, 19, 20, 17, 38, 42, 43, 44, 45, 46, 13, 47, 48, 17, 18, 19, 20, 17, 51, 32, 33, 34, 35, 36, 37, 17, 18, 19, 20, 17, 38, 42, 43, 44, 45, 46, 13, 47, 48, 17, 18, 19, 20, 17, 51, 32, 33, 34, 35, 38, 42, 43, 44, 45, 46, 13, 47, 50, 17, 18, 19, 20, 17, 51, 32, 33, 34, 35, 36, 37, 17, 18, 19, 20, 17, 38, 42, 43, 44, 45, 51, 32, 33, 34, 35, 36, 37, 17, 18, 19, 20, 17, 38, 42, 43, 44, 45, 46, 13, 47, 48, 17, 18, 19, 20, 17, 51, 32, 33, 34, 35, 36, 37, 17, 18, 19, 20, 17, 38, 42, 43, 44, 45, 46, 13, 47, 48, 17, 18, 19, 20, 17, 51, 32, 33, 34, 35, 36, 37, 17, 18, 19, 20, 17, 38, 42, 43, 44, 45, 46, 13, 47, 50, 17, 18, 19, 20, 17, 51, 32, 33, 34, 35, 36, 37, 17, 18, 19, 20, 17, 38, 42, 43, 44, 45, 46, 13, 47, 48, 17, 18, 19, 20, 17, 51, 32, 33, 34, 35, 36, 37, 17, 18, 19, 20, 17, 38, 42, 43, 44, 45, 46, 13, 47, 50, 17, 18, 19, 20, 17, 51, 32, 33, 34, 35, 36, 37, 17, 18, 19, 20, 17, 38, 42, 43, 44, 45, 46, 13, 47, 50, 17, 18, 19, 20, 17, 51, 32, 33, 34, 35, 36, 37, 17, 18, 19, 20, 17, 38, 42, 43, 44, 45, 46, 13, 47, 48, 17, 18, 19, 20, 17, 51, 32, 33, 34, 35, 36, 37, 17, 18, 19, 20, 17, 38, 42, 43, 44, 45, 46, 13, 47, 50, 17, 18, 19, 20, 17, 51, 32, 33, 34, 35, 36, 37, 17, 18, 19, 20, 17, 38, 42, 43, 44, 45, 46, 13, 47, 48, 17, 18, 19, 20, 17, 51, 32, 33, 34, 35, 36, 37, 17, 18, 19, 20, 17, 38, 42, 43, 44, 45, 46, 13, 47, 50, 17, 18, 19, 20, 17, 51, 32, 33, 34, 35, 36, 37, 17, 18, 19, 20, 17, 38, 42, 43, 44, 45, 46, 13, 47, 48, 17, 18, 19, 20, 17, 51, 32, 33, 34, 35, 36, 37, 17, 18, 19, 20, 17, 38, 42, 43, 44, 45, 46, 13, 47, 48, 17, 18, 19, 20, 17, 51, 32, 33, 34, 35, 36, 37, 17, 18, 19, 20, 17, 38, 42, 43, 44, 45, 46, 13, 47, 50, 17, 18, 19, 20, 17, 51, 32, 33, 34, 35, 36, 37, 17, 18, 19, 20, 17, 38, 42, 43, 44, 45, 46, 13, 47, 48, 17, 18, 19, 20, 17, 51, 32, 33, 34, 35, 38, 42, 43, 44, 45, 46, 13, 47, 48, 17, 18, 19, 20, 17, 51, 32, 33, 34, 35, 36, 37, 17, 18, 19, 20, 17, 38, 32, 33, 34, 35, 36, 37, 17, 18, 19, 20, 17, 38, 42, 43, 44, 45, 46, 13, 47, 48, 17, 18, 19, 20, 17, 51, 32, 33, 34, 35, 36, 37, 17, 18, 19, 20, 17, 38, 42, 43, 44, 45, 46, 13, 47, 48, 17, 18, 19, 20, 17, 51, 32, 33, 34, 35, 36, 37, 17, 18, 19, 20, 17, 38, 42, 43, 44, 45, 46, 13, 47, 48, 17, 18, 19, 20, 17, 51, 32, 33, 34, 35, 36, 37, 17, 18, 19, 20, 17, 38, 42, 43, 44, 45, 46, 13, 47, 50, 17, 18, 19, 20, 17, 51, 32, 33, 34, 35, 36, 37, 17, 18, 19, 20, 17, 38, 42, 43, 44, 45, 46, 13, 47, 48, 17, 18, 19, 20, 17, 51, 32, 33, 34, 35, 36, 37, 17, 18, 19, 20, 17, 38, 42, 43, 44, 45, 46, 13, 47, 48, 17, 18, 19, 20, 17, 51, 32, 33, 34, 35, 36, 37, 17, 18, 19, 20, 17, 38, 42, 43, 44, 45, 46, 13, 47, 48, 17, 18, 19, 20, 17, 51, 32, 33, 34, 35, 36, 37, 17, 18, 19, 20, 17, 38, 42, 43, 44, 45, 46, 13, 47, 50, 17, 18, 19, 20, 17, 51, 32, 33, 34, 35, 36, 37, 17, 18, 19, 20, 17, 38, 42, 43, 44, 45, 46, 13, 47, 48, 17, 18, 19, 20, 17, 51, 32, 33, 34, 35, 36, 37, 17, 18, 19, 20, 17, 38, 42, 43, 44, 45, 46, 13, 47, 50, 17, 18, 19, 20, 17, 51, 32, 33, 34, 35, 36, 37, 17, 18, 19, 20, 17, 38, 42, 43, 44, 45, 46, 13, 47, 48, 17, 18, 19, 20, 17, 51, 32, 33, 34, 35, 36, 37, 17, 18, 19, 20, 17, 38, 42, 43, 44, 45, 46, 13, 47, 50, 17, 18, 19, 20, 17, 51, 82, 79, 80, 54, 24, 25, 26, 27, 26, 25, 26, 27, 26, 25, 26, 27, 26, 25, 26, 27, 26, 25, 26, 27, 26, 25, 26, 27, 26, 25, 26, 27, 26, 25, 26, 27, 26, 25, 26, 27, 26, 25, 26, 27, 26, 25, 26, 27, 26, 25, 26, 27, 26, 25, 26, 27, 26, 25, 26, 27, 26, 25, 26, 27, 26, 25, 28, 55, 56, 55, 56, 55, 56, 55, 56, 55, 56, 55, 56, 55, 56, 55, 56, 55, 56, 55, 56, 55, 56, 55, 56, 55, 56, 55, 56, 55, 56, 55, 57, 81, 32, 33, 34, 35, 36, 37, 17, 18, 19, 20, 17, 38, 42, 43, 44, 45, 46, 13, 47, 50, 17, 18, 19, 20, 17, 51, 32, 33, 34, 35, 36, 37, 17, 18, 19, 20, 17, 38, 42, 43, 44, 45, 46, 13, 47, 48, 17, 18, 19, 20, 17, 51, 32, 33, 34, 35, 36, 37, 17, 18, 19, 20, 17, 38, 42, 43, 44, 45, 46, 13, 47, 48, 17, 18, 19, 20, 17, 51, 32, 33, 34, 35, 38, 42, 43, 44, 45, 46, 13, 47, 48, 17, 18, 19, 20, 17, 51, 32, 33, 34, 35, 36, 37, 17, 18, 19, 20, 17, 38, 42, 43, 44, 45, 46, 13, 47, 48, 17, 18, 19, 20, 17, 51, 32, 33, 34, 35, 36, 37, 17, 18, 19, 20, 17, 38, 42, 43, 44, 45, 46, 13, 47, 50, 17, 18, 19, 20, 17, 51, 32, 33, 34, 35, 36, 37, 17, 18, 19, 20, 17, 38, 42, 43, 44, 45, 46, 13, 47, 48, 17, 18, 19, 20, 17, 51, 32, 33, 34, 35, 36, 37, 17, 18, 19, 20, 17, 38, 42, 43, 44, 45, 46, 13, 47, 48, 17, 18, 19, 20, 17, 51, 42, 43, 44, 45, 51, 32, 33, 34, 35, 36, 37, 17, 18, 19, 20, 17, 38, 32, 33, 34, 35, 36, 37, 17, 18, 19, 20, 17, 38, 42, 43, 44, 45, 46, 13, 47, 50, 17, 18, 19, 20, 17, 51, 32, 33, 34, 35, 36, 37, 17, 18, 19, 20, 17, 38, 42, 43, 44, 45, 46, 13, 47, 48, 17, 18, 19, 20, 17, 51, 32, 33, 34, 35, 36, 37, 17, 18, 19, 20, 17, 38, 42, 43, 44, 45, 46, 13, 47, 48, 17, 18, 19, 20, 17, 51, 32, 33, 34, 35, 36, 37, 17, 18, 19, 20, 17, 38, 42, 43, 44, 45, 46, 13, 47, 48, 17, 18, 19, 20, 17, 51, 32, 33, 34, 35, 36, 37, 17, 18, 19, 20, 17, 38, 42, 43, 44, 45, 46, 13, 47, 50, 17, 18, 19, 20, 17, 51, 32, 33, 34, 35, 36, 37, 17, 18, 19, 20, 17, 38, 42, 43, 44, 45, 46, 13, 47, 50, 17, 18, 19, 20, 17, 51, 32, 33, 34, 35, 36, 37, 17, 18, 19, 20, 17, 38, 42, 43, 44, 45, 46, 13, 47, 48, 17, 18, 19, 20, 17, 51, 32, 33, 34, 35, 36, 37, 17, 18, 19, 20, 17, 38, 42, 43, 44, 45, 46, 13, 47, 50, 17, 18, 19, 20, 17, 51, 32, 33, 34, 35, 36, 37, 17, 18, 19, 20, 17, 38, 42, 43, 44, 45, 46, 13, 47, 48, 17, 18, 19, 20, 17, 51, 32, 33, 34, 35, 36, 37, 17, 18, 19, 20, 17, 38, 42, 43, 44, 45, 46, 13, 47, 50, 17, 18, 19, 20, 17, 51, 32, 33, 34, 35, 36, 37, 17, 18, 19, 20, 17, 38, 42, 43, 44, 45, 46, 13, 47, 48, 17, 18, 19, 20, 17, 51, 32, 33, 34, 35, 36, 37, 17, 18, 19, 20, 17, 38, 42, 43, 44, 45, 46, 13, 47, 50, 17, 18, 19, 20, 17, 51, 32, 33, 34, 35, 36, 37, 17, 18, 19, 20, 17, 38, 42, 43, 44, 45, 46, 13, 47, 50, 17, 18, 19, 20, 17, 51, 32, 33, 34, 35, 36, 37, 17, 18, 19, 20, 17, 38, 42, 43, 44, 45, 46, 13, 47, 48, 17, 18, 19, 20, 17, 51, 32, 33, 34, 35, 36, 37, 17, 18, 19, 20, 17, 38, 42, 43, 44, 45, 46, 13, 47, 48, 17, 18, 19, 20, 17, 51, 32, 33, 34, 35, 36, 37, 17, 18, 19, 20, 17, 38, 42, 43, 44, 45, 46, 13, 47, 50, 17, 18, 19, 20, 17, 51, 32, 33, 34, 35, 36, 37, 17, 18, 19, 20, 17, 38, 42, 43, 44, 45, 46, 13, 47, 50, 17, 18, 19, 20, 17, 51, 32, 33, 34, 35, 36, 37, 17, 18, 19, 20, 17, 38, 42, 43, 44, 45, 46, 13, 47, 48, 17, 18, 19, 20, 17, 51, 32, 33, 34, 35, 36, 37, 17, 18, 19, 20, 17, 38, 42, 43, 44, 45, 46, 13, 47, 48, 17, 18, 19, 20, 17, 51, 32, 33, 34, 35, 38, 42, 43, 44, 45, 46, 13, 47, 48, 17, 18, 19, 20, 17, 51, 32, 33, 34, 35, 36, 37, 17, 18, 19, 20, 17, 38, 42, 43, 44, 45, 46, 13, 47, 48, 17, 18, 19, 20, 17, 51, 32, 33, 34, 35, 36, 37, 17, 18, 19, 20, 17, 38, 42, 43, 44, 45, 46, 13, 47, 48, 17, 18, 19, 20, 17, 51, 32, 33, 34, 35, 36, 37, 17, 18, 19, 20, 17, 38, 42, 43, 44, 45, 46, 13, 47, 50, 17, 18, 19, 20, 17, 51, 32, 33, 34, 35, 36, 37, 17, 18, 19, 20, 17, 38, 42, 43, 44, 45, 46, 13, 47, 48, 17, 18, 19, 20, 17, 51, 32, 33, 34, 35, 36, 37, 17, 18, 19, 20, 17, 38, 42, 43, 44, 45, 46, 13, 47, 48, 17, 18, 19, 20, 17, 51, 32, 33, 34, 35, 36, 37, 17, 18, 19, 20, 17, 38, 42, 43, 44, 45, 46, 13, 47, 48, 17, 18, 19, 20, 17, 51, 32, 33, 34, 35, 36, 37, 17, 18, 19, 20, 17, 38, 42, 43, 44, 45, 46, 13, 47, 48, 17, 18, 19, 20, 17, 51, 32, 33, 34, 35, 36, 37, 17, 18, 19, 20, 17, 38, 42, 43, 44, 45, 46, 13, 47, 48, 17, 18, 19, 20, 17, 51, 32, 33, 34, 35, 36, 37, 17, 18, 19, 20, 17, 38, 42, 43, 44, 45, 46, 13, 47, 50, 17, 18, 19, 20, 17, 51, 32, 33, 34, 35, 36, 37, 17, 18, 19, 20, 17, 38, 42, 43, 44, 45, 46, 13, 47, 48, 17, 18, 19, 20, 17, 51, 32, 33, 34, 35, 36, 37, 17, 18, 19, 20, 17, 38, 42, 43, 44, 45, 46, 13, 47, 48, 17, 18, 19, 20, 17, 51, 32, 33, 34, 35, 36, 37, 17, 18, 19, 20, 17, 38, 42, 43, 44, 45, 46, 13, 47, 48, 17, 18, 19, 20, 17, 51, 32, 33, 34, 35, 36, 37, 17, 18, 19, 20, 17, 38, 42, 43, 44, 45, 46, 13, 47, 50, 17, 18, 19, 20, 17, 51, 32, 33, 34, 35, 36, 37, 17, 18, 19, 20, 17, 38, 42, 43, 44, 45, 46, 13, 47, 48, 17, 18, 19, 20, 17, 51, 32, 33, 34, 35, 36, 37, 17, 18, 19, 20, 17, 38, 42, 43, 44, 45, 46, 13, 47, 48, 17, 18, 19, 20, 17, 51, 32, 33, 34, 35, 36, 37, 17, 18, 19, 20, 17, 38, 42, 43, 44, 45, 46, 13, 47, 50, 17, 18, 19, 20, 17, 51, 32, 33, 34, 35, 36, 37, 17, 18, 19, 20, 17, 38, 42, 43, 44, 45, 46, 13, 47, 50, 17, 18, 19, 20, 17, 51, 32, 33, 34, 35, 36, 37, 17, 18, 19, 20, 17, 38, 42, 43, 44, 45, 46, 13, 47, 48, 17, 18, 19, 20, 17, 51, 32, 33, 34, 35, 36, 37, 17, 18, 19, 20, 17, 38, 42, 43, 44, 45, 46, 13, 47, 50, 17, 18, 19, 20, 17, 51, 32, 33, 34, 35, 36, 37, 17, 18, 19, 20, 17, 38, 42, 43, 44, 45, 46, 13, 47, 50, 17, 18, 19, 20, 17, 51, 32, 33, 34, 35, 36, 37, 17, 18, 19, 20, 17, 38, 42, 43, 44, 45, 46, 13, 47, 48, 17, 18, 19, 20, 17, 51, 32, 33, 34, 35, 36, 37, 17, 18, 19, 20, 17, 38, 42, 43, 44, 45, 46, 13, 47, 48, 17, 18, 19, 20, 17, 51, 32, 33, 34, 35, 36, 37, 17, 18, 19, 20, 17, 38, 42, 43, 44, 45, 46, 13, 47, 50, 17, 18, 19, 20, 17, 51, 32, 33, 34, 35, 36, 37, 17, 18, 19, 20, 17, 38, 42, 43, 44, 45, 51, 32, 33, 34, 35, 36, 37, 17, 18, 19, 20, 17, 38, 42, 43, 44, 45, 46, 13, 47, 48, 17, 18, 19, 20, 17, 51, 32, 33, 34, 35, 36, 37, 17, 18, 19, 20, 17, 38, 42, 43, 44, 45, 46, 13, 47, 50, 17, 18, 19, 20, 17, 51, 32, 33, 34, 35, 36, 37, 17, 18, 19, 20, 17, 38, 42, 43, 44, 45, 46, 13, 47, 48, 17, 18, 19, 20, 17, 51, 42, 43, 44, 45, 46, 13, 47, 48, 17, 18, 19, 20, 17, 51, 32, 33, 34, 35, 36, 37, 17, 18, 19, 20, 17, 38, 42, 43, 44, 45, 46, 13, 47, 48, 17, 18, 19, 20, 17, 51, 32, 33, 34, 35, 36, 37, 17, 18, 19, 20, 17, 38, 42, 43, 44, 45, 46, 13, 47, 50, 17, 18, 19, 20, 17, 51, 32, 33, 34, 35, 38, 32, 33, 34, 35, 36, 37, 17, 18, 19, 20, 17, 38, 42, 43, 44, 45, 46, 13, 47, 48, 17, 18, 19, 20, 17, 51, 32, 33, 34, 35, 36, 37, 17, 18, 19, 20, 17, 38, 42, 43, 44, 45, 46, 13, 47, 48, 17, 18, 19, 20, 17, 51, 32, 33, 34, 35, 36, 37, 17, 18, 19, 20, 17, 38, 42, 43, 44, 45, 46, 13, 47, 48, 17, 18, 19, 20, 17, 51, 32, 33, 34, 35, 36, 37, 17, 18, 19, 20, 17, 38, 42, 43, 44, 45, 46, 13, 47, 48, 17, 18, 19, 20, 17, 51, 32, 33, 34, 35, 36, 37, 17, 18, 19, 20, 17, 38, 42, 43, 44, 45, 46, 13, 47, 50, 17, 18, 19, 20, 17, 51, 32, 33, 34, 35, 36, 37, 17, 18, 19, 20, 17, 38, 42, 43, 44, 45, 46, 13, 47, 50, 17, 18, 19, 20, 17, 51, 32, 33, 34, 35, 36, 37, 17, 18, 19, 20, 17, 38, 42, 43, 44, 45, 46, 13, 47, 48, 17, 18, 19, 20, 17, 51, 32, 33, 34, 35, 36, 37, 17, 18, 19, 20, 17, 38, 42, 43, 44, 45, 46, 13, 47, 50, 17, 18, 19, 20, 17, 51, 32, 33, 34, 35, 36, 37, 17, 18, 19, 20, 17, 38, 42, 43, 44, 45, 46, 13, 47, 50, 17, 18, 19, 20, 17, 51, 32, 33, 34, 35, 36, 37, 17, 18, 19, 20, 17, 38, 42, 43, 44, 45, 46, 13, 47, 50, 17, 18, 19, 20, 17, 51, 32, 33, 34, 35, 36, 37, 17, 18, 19, 20, 17, 38, 42, 43, 44, 45, 46, 13, 47, 50, 17, 18, 19, 20, 17, 51, 32, 33, 34, 35, 36, 37, 17, 18, 19, 20, 17, 38, 42, 43, 44, 45, 46, 13, 47, 50, 17, 18, 19, 20, 17, 51, 32, 33, 34, 35, 36, 37, 17, 18, 19, 20, 17, 38, 42, 43, 44, 45, 46, 13, 47, 48, 17, 18, 19, 20, 17, 51, 32, 33, 34, 35, 36, 37, 17, 18, 19, 20, 17, 38, 42, 43, 44, 45, 46, 13, 47, 50, 17, 18, 19, 20, 17, 51, 32, 33, 34, 35, 36, 37, 17, 18, 19, 20, 17, 38, 42, 43, 44, 45, 46, 13, 47, 48, 17, 18, 19, 20, 17, 51, 32, 33, 34, 35, 36, 37, 17, 18, 19, 20, 17, 38, 42, 43, 44, 45, 46, 13, 47, 50, 17, 18, 19, 20, 17, 51, 32, 33, 34, 35, 36, 37, 17, 18, 19, 20, 17, 38, 42, 43, 44, 45, 46, 13, 47, 50, 17, 18, 19, 20, 17, 51, 32, 33, 34, 35, 36, 37, 17, 18, 19, 20, 17, 38, 42, 43, 44, 45, 46, 13, 47, 50, 17, 18, 19, 20, 17, 51, 32, 33, 34, 35, 36, 37, 17, 18, 19, 20, 17, 38, 42, 43, 44, 45, 46, 13, 47, 50, 17, 18, 19, 20, 17, 51, 32, 33, 34, 35, 36, 37, 17, 18, 19, 20, 17, 38, 42, 43, 44, 45, 46, 13, 47, 50, 17, 18, 19, 20, 17, 51, 32, 33, 34, 35, 36, 37, 17, 18, 19, 20, 17, 38, 42, 43, 44, 45, 46, 13, 47, 50, 17, 18, 19, 20, 17, 51, 32, 33, 34, 35, 36, 37, 17, 18, 19, 20, 17, 38, 42, 43, 44, 45, 46, 13, 47, 50, 17, 18, 19, 20, 17, 51, 32, 33, 34, 35, 36, 37, 17, 18, 19, 20, 17, 38, 42, 43, 44, 45, 46, 13, 47, 48, 17, 18, 19, 20, 17, 51, 32, 33, 34, 35, 36, 37, 17, 18, 19, 20, 17, 38, 42, 43, 44, 45, 46, 13, 47, 48, 17, 18, 19, 20, 17, 51, 32, 33, 34, 35, 36, 37, 17, 18, 19, 20, 17, 38, 42, 43, 44, 45, 46, 13, 47, 50, 17, 18, 19, 20, 17, 51, 32, 33, 34, 35, 36, 37, 17, 18, 19, 20, 17, 38, 42, 43, 44, 45, 46, 13, 47, 50, 17, 18, 19, 20, 17, 51, 42, 43, 44, 45, 46, 13, 47, 48, 17, 18, 19, 20, 17, 51, 32, 33, 34, 35, 36, 37, 17, 18, 19, 20, 17, 38, 42, 43, 44, 45, 46, 13, 47, 48, 17, 18, 19, 20, 17, 51, 32, 33, 34, 35, 36, 37, 17, 18, 19, 20, 17, 38, 42, 43, 44, 45, 46, 13, 47, 48, 17, 18, 19, 20, 17, 51, 32, 33, 34, 35, 36, 37, 17, 18, 19, 20, 17, 38, 42, 43, 44, 45, 46, 13, 47, 50, 17, 18, 19, 20, 17, 51, 32, 33, 34, 35, 36, 37, 17, 18, 19, 20, 17, 38, 42, 43, 44, 45, 51, 32, 33, 34, 35, 36, 37, 17, 18, 19, 20, 17, 38, 42, 43, 44, 45, 46, 13, 47, 50, 17, 18, 19, 20, 17, 51, 32, 33, 34, 35, 36, 37, 17, 18, 19, 20, 17, 38, 42, 43, 44, 45, 51, 32, 33, 34, 35, 36, 37, 17, 18, 19, 20, 17, 38, 42, 43, 44, 45, 46, 13, 47, 50, 17, 18, 19, 20, 17, 51, 32, 33, 34, 35, 36, 37, 17, 18, 19, 20, 17, 38, 42, 43, 44, 45, 46, 13, 47, 50, 17, 18, 19, 20, 17, 51, 32, 33, 34, 35, 36, 37, 17, 18, 19, 20, 17, 38, 42, 43, 44, 45, 46, 13, 47, 50, 17, 18, 19, 20, 17, 51, 32, 33, 34, 35, 36, 37, 17, 18, 19, 20, 17, 38, 42, 43, 44, 45, 46, 13, 47, 48, 17, 18, 19, 20, 17, 51, 32, 33, 34, 35, 36, 37, 17, 18, 19, 20, 17, 38, 82, 79, 80, 54, 24, 25, 26, 27, 26, 25, 26, 27, 26, 25, 26, 27, 26, 25, 26, 27, 26, 25, 26, 27, 26, 25, 26, 27, 26, 25, 26, 27, 26, 25, 26, 27, 26, 25, 26, 27, 26, 25, 26, 27, 26, 25, 26, 27, 26, 25, 26, 27, 26, 25, 26, 27, 26, 25, 26, 27, 26, 25, 26, 27, 26, 25, 28, 55, 56, 55, 56, 55, 56, 55, 56, 55, 56, 55, 56, 55, 56, 55, 56, 55, 56, 55, 56, 55, 56, 55, 56, 55, 56, 55, 56, 55, 56, 55, 57, 81, 42, 43, 44, 45, 46, 13, 47, 48, 17, 18, 19, 20, 17, 51, 32, 33, 34, 35, 36, 37, 17, 18, 19, 20, 17, 38, 42, 43, 44, 45, 46, 13, 47, 50, 17, 18, 19, 20, 17, 51, 32, 33, 34, 35, 36, 37, 17, 18, 19, 20, 17, 38, 32, 33, 34, 35, 36, 37, 17, 18, 19, 20, 17, 38, 42, 43, 44, 45, 46, 13, 47, 48, 17, 18, 19, 20, 17, 51, 32, 33, 34, 35, 36, 37, 17, 18, 19, 20, 17, 38, 42, 43, 44, 45, 51, 32, 33, 34, 35, 36, 37, 17, 18, 19, 20, 17, 38, 42, 43, 44, 45, 46, 13, 47, 48, 17, 18, 19, 20, 17, 51, 32, 33, 34, 35, 36, 37, 17, 18, 19, 20, 17, 38, 42, 43, 44, 45, 46, 13, 47, 50, 17, 18, 19, 20, 17, 51, 32, 33, 34, 35, 36, 37, 17, 18, 19, 20, 17, 38, 42, 43, 44, 45, 46, 13, 47, 50, 17, 18, 19, 20, 17, 51, 32, 33, 34, 35, 36, 37, 17, 18, 19, 20, 17, 38, 42, 43, 44, 45, 46, 13, 47, 50, 17, 18, 19, 20, 17, 51, 32, 33, 34, 35, 36, 37, 17, 18, 19, 20, 17, 38, 42, 43, 44, 45, 46, 13, 47, 50, 17, 18, 19, 20, 17, 51, 32, 33, 34, 35, 36, 37, 17, 18, 19, 20, 17, 38, 42, 43, 44, 45, 46, 13, 47, 50, 17, 18, 19, 20, 17, 51, 32, 33, 34, 35, 36, 37, 17, 18, 19, 20, 17, 38, 42, 43, 44, 45, 46, 13, 47, 48, 17, 18, 19, 20, 17, 51, 32, 33, 34, 35, 38, 42, 43, 44, 45, 46, 13, 47, 50, 17, 18, 19, 20, 17, 51, 32, 33, 34, 35, 36, 37, 17, 18, 19, 20, 17, 38, 42, 43, 44, 45, 46, 13, 47, 50, 17, 18, 19, 20, 17, 51, 32, 33, 34, 35, 36, 37, 17, 18, 19, 20, 17, 38, 42, 43, 44, 45, 46, 13, 47, 48, 17, 18, 19, 20, 17, 51, 32, 33, 34, 35, 36, 37, 17, 18, 19, 20, 17, 38, 42, 43, 44, 45, 46, 13, 47, 50, 17, 18, 19, 20, 17, 51, 32, 33, 34, 35, 36, 37, 17, 18, 19, 20, 17, 38, 42, 43, 44, 45, 46, 13, 47, 50, 17, 18, 19, 20, 17, 51, 32, 33, 34, 35, 36, 37, 17, 18, 19, 20, 17, 38, 42, 43, 44, 45, 46, 13, 47, 50, 17, 18, 19, 20, 17, 51, 32, 33, 34, 35, 36, 37, 17, 18, 19, 20, 17, 38, 42, 43, 44, 45, 46, 13, 47, 48, 17, 18, 19, 20, 17, 51, 32, 33, 34, 35, 36, 37, 17, 18, 19, 20, 17, 38, 42, 43, 44, 45, 46, 13, 47, 48, 17, 18, 19, 20, 17, 51, 32, 33, 34, 35, 36, 37, 17, 18, 19, 20, 17, 38, 42, 43, 44, 45, 46, 13, 47, 48, 17, 18, 19, 20, 17, 51, 32, 33, 34, 35, 36, 37, 17, 18, 19, 20, 17, 38, 42, 43, 44, 45, 46, 13, 47, 48, 17, 18, 19, 20, 17, 51, 42, 43, 44, 45, 46, 13, 47, 50, 17, 18, 19, 20, 17, 51, 32, 33, 34, 35, 36, 37, 17, 18, 19, 20, 17, 38, 42, 43, 44, 45, 46, 13, 47, 50, 17, 18, 19, 20, 17, 51, 32, 33, 34, 35, 36, 37, 17, 18, 19, 20, 17, 38, 32, 33, 34, 35, 36, 37, 17, 18, 19, 20, 17, 38, 42, 43, 44, 45, 46, 13, 47, 48, 17, 18, 19, 20, 17, 51, 32, 33, 34, 35, 36, 37, 17, 18, 19, 20, 17, 38, 42, 43, 44, 45, 46, 13, 47, 50, 17, 18, 19, 20, 17, 51, 32, 33, 34, 35, 36, 37, 17, 18, 19, 20, 17, 38, 42, 43, 44, 45, 46, 13, 47, 48, 17, 18, 19, 20, 17, 51, 42, 43, 44, 45, 46, 13, 47, 50, 17, 18, 19, 20, 17, 51, 32, 33, 34, 35, 36, 37, 17, 18, 19, 20, 17, 38, 42, 43, 44, 45, 46, 13, 47, 48, 17, 18, 19, 20, 17, 51, 32, 33, 34, 35, 36, 37, 17, 18, 19, 20, 17, 38, 42, 43, 44, 45, 46, 13, 47, 48, 17, 18, 19, 20, 17, 51, 32, 33, 34, 35, 36, 37, 17, 18, 19, 20, 17, 38, 42, 43, 44, 45, 46, 13, 47, 50, 17, 18, 19, 20, 17, 51, 32, 33, 34, 35, 36, 37, 17, 18, 19, 20, 17, 38, 42, 43, 44, 45, 46, 13, 47, 50, 17, 18, 19, 20, 17, 51, 32, 33, 34, 35, 36, 37, 17, 18, 19, 20, 17, 38, 42, 43, 44, 45, 46, 13, 47, 48, 17, 18, 19, 20, 17, 51, 32, 33, 34, 35, 36, 37, 17, 18, 19, 20, 17, 38, 42, 43, 44, 45, 46, 13, 47, 50, 17, 18, 19, 20, 17, 51, 32, 33, 34, 35, 36, 37, 17, 18, 19, 20, 17, 38, 42, 43, 44, 45, 46, 13, 47, 48, 17, 18, 19, 20, 17, 51, 32, 33, 34, 35, 36, 37, 17, 18, 19, 20, 17, 38, 42, 43, 44, 45, 46, 13, 47, 48, 17, 18, 19, 20, 17, 51, 32, 33, 34, 35, 38, 42, 43, 44, 45, 46, 13, 47, 48, 17, 18, 19, 20, 17, 51, 32, 33, 34, 35, 36, 37, 17, 18, 19, 20, 17, 38, 42, 43, 44, 45, 46, 13, 47, 50, 17, 18, 19, 20, 17, 51, 32, 33, 34, 35, 36, 37, 17, 18, 19, 20, 17, 38, 42, 43, 44, 45, 46, 13, 47, 48, 17, 18, 19, 20, 17, 51, 32, 33, 34, 35, 36, 37, 17, 18, 19, 20, 17, 38, 42, 43, 44, 45, 46, 13, 47, 50, 17, 18, 19, 20, 17, 51, 32, 33, 34, 35, 36, 37, 17, 18, 19, 20, 17, 38, 42, 43, 44, 45, 46, 13, 47, 50, 17, 18, 19, 20, 17, 51, 32, 33, 34, 35, 36, 37, 17, 18, 19, 20, 17, 38, 42, 43, 44, 45, 46, 13, 47, 50, 17, 18, 19, 20, 17, 51, 32, 33, 34, 35, 36, 37, 17, 18, 19, 20, 17, 38, 42, 43, 44, 45, 46, 13, 47, 48, 17, 18, 19, 20, 17, 51, 32, 33, 34, 35, 36, 37, 17, 18, 19, 20, 17, 38, 42, 43, 44, 45, 46, 13, 47, 50, 17, 18, 19, 20, 17, 51, 32, 33, 34, 35, 36, 37, 17, 18, 19, 20, 17, 38, 42, 43, 44, 45, 46, 13, 47, 50, 17, 18, 19, 20, 17, 51, 32, 33, 34, 35, 36, 37, 17, 18, 19, 20, 17, 38, 42, 43, 44, 45, 46, 13, 47, 48, 17, 18, 19, 20, 17, 51, 32, 33, 34, 35, 36, 37, 17, 18, 19, 20, 17, 38, 42, 43, 44, 45, 46, 13, 47, 48, 17, 18, 19, 20, 17, 51, 32, 33, 34, 35, 36, 37, 17, 18, 19, 20, 17, 38, 42, 43, 44, 45, 46, 13, 47, 50, 17, 18, 19, 20, 17, 51, 32, 33, 34, 35, 36, 37, 17, 18, 19, 20, 17, 38, 42, 43, 44, 45, 46, 13, 47, 48, 17, 18, 19, 20, 17, 51, 32, 33, 34, 35, 36, 37, 17, 18, 19, 20, 17, 38, 42, 43, 44, 45, 46, 13, 47, 48, 17, 18, 19, 20, 17, 51, 32, 33, 34, 35, 36, 37, 17, 18, 19, 20, 17, 38, 42, 43, 44, 45, 46, 13, 47, 50, 17, 18, 19, 20, 17, 51, 32, 33, 34, 35, 36, 37, 17, 18, 19, 20, 17, 38, 42, 43, 44, 45, 51, 32, 33, 34, 35, 38, 42, 43, 44, 45, 46, 13, 47, 48, 17, 18, 19, 20, 17, 51, 32, 33, 34, 35, 36, 37, 17, 18, 19, 20, 17, 38, 42, 43, 44, 45, 46, 13, 47, 50, 17, 18, 19, 20, 17, 51, 32, 33, 34, 35, 36, 37, 17, 18, 19, 20, 17, 38, 42, 43, 44, 45, 46, 13, 47, 50, 17, 18, 19, 20, 17, 51, 32, 33, 34, 35, 36, 37, 17, 18, 19, 20, 17, 38, 42, 43, 44, 45, 46, 13, 47, 50, 17, 18, 19, 20, 17, 51, 32, 33, 34, 35, 36, 37, 17, 18, 19, 20, 17, 38, 42, 43, 44, 45, 46, 13, 47, 48, 17, 18, 19, 20, 17, 51, 32, 33, 34, 35, 36, 37, 17, 18, 19, 20, 17, 38, 42, 43, 44, 45, 46, 13, 47, 50, 17, 18, 19, 20, 17, 51, 32, 33, 34, 35, 36, 37, 17, 18, 19, 20, 17, 38, 42, 43, 44, 45, 46, 13, 47, 50, 17, 18, 19, 20, 17, 51, 32, 33, 34, 35, 36, 37, 17, 18, 19, 20, 17, 38, 42, 43, 44, 45, 46, 13, 47, 50, 17, 18, 19, 20, 17, 51, 32, 33, 34, 35, 36, 37, 17, 18, 19, 20, 17, 38, 32, 33, 34, 35, 36, 37, 17, 18, 19, 20, 17, 38, 42, 43, 44, 45, 46, 13, 47, 50, 17, 18, 19, 20, 17, 51, 32, 33, 34, 35, 36, 37, 17, 18, 19, 20, 17, 38, 42, 43, 44, 45, 46, 13, 47, 48, 17, 18, 19, 20, 17, 51, 32, 33, 34, 35, 36, 37, 17, 18, 19, 20, 17, 38, 42, 43, 44, 45, 46, 13, 47, 50, 17, 18, 19, 20, 17, 51, 32, 33, 34, 35, 36, 37, 17, 18, 19, 20, 17, 38, 42, 43, 44, 45, 51, 32, 33, 34, 35, 36, 37, 17, 18, 19, 20, 17, 38, 42, 43, 44, 45, 46, 13, 47, 48, 17, 18, 19, 20, 17, 51, 32, 33, 34, 35, 36, 37, 17, 18, 19, 20, 17, 38, 42, 43, 44, 45, 46, 13, 47, 48, 17, 18, 19, 20, 17, 51, 32, 33, 34, 35, 36, 37, 17, 18, 19, 20, 17, 38, 42, 43, 44, 45, 46, 13, 47, 50, 17, 18, 19, 20, 17, 51, 32, 33, 34, 35, 36, 37, 17, 18, 19, 20, 17, 38, 42, 43, 44, 45, 46, 13, 47, 50, 17, 18, 19, 20, 17, 51, 32, 33, 34, 35, 36, 37, 17, 18, 19, 20, 17, 38, 42, 43, 44, 45, 46, 13, 47, 48, 17, 18, 19, 20, 17, 51, 32, 33, 34, 35, 36, 37, 17, 18, 19, 20, 17, 38, 42, 43, 44, 45, 46, 13, 47, 48, 17, 18, 19, 20, 17, 51, 32, 33, 34, 35, 36, 37, 17, 18, 19, 20, 17, 38, 42, 43, 44, 45, 46, 13, 47, 48, 17, 18, 19, 20, 17, 51, 32, 33, 34, 35, 36, 37, 17, 18, 19, 20, 17, 38, 42, 43, 44, 45, 46, 13, 47, 48, 17, 18, 19, 20, 17, 51, 32, 33, 34, 35, 36, 37, 17, 18, 19, 20, 17, 38, 42, 43, 44, 45, 46, 13, 47, 48, 17, 18, 19, 20, 17, 51, 32, 33, 34, 35, 36, 37, 17, 18, 19, 20, 17, 38, 42, 43, 44, 45, 46, 13, 47, 50, 17, 18, 19, 20, 17, 51, 32, 33, 34, 35, 38, 42, 43, 44, 45, 46, 13, 47, 50, 17, 18, 19, 20, 17, 51, 32, 33, 34, 35, 38, 42, 43, 44, 45, 46, 13, 47, 48, 17, 18, 19, 20, 17, 51, 32, 33, 34, 35, 36, 37, 17, 18, 19, 20, 17, 38, 42, 43, 44, 45, 46, 13, 47, 50, 17, 18, 19, 20, 17, 51, 32, 33, 34, 35, 36, 37, 17, 18, 19, 20, 17, 38, 42, 43, 44, 45, 46, 13, 47, 50, 17, 18, 19, 20, 17, 51, 32, 33, 34, 35, 36, 37, 17, 18, 19, 20, 17, 38, 42, 43, 44, 45, 46, 13, 47, 48, 17, 18, 19, 20, 17, 51, 32, 33, 34, 35, 36, 37, 17, 18, 19, 20, 17, 38, 42, 43, 44, 45, 46, 13, 47, 50, 17, 18, 19, 20, 17, 51, 32, 33, 34, 35, 36, 37, 17, 18, 19, 20, 17, 38, 42, 43, 44, 45, 46, 13, 47, 50, 17, 18, 19, 20, 17, 51, 32, 33, 34, 35, 36, 37, 17, 18, 19, 20, 17, 38, 42, 43, 44, 45, 46, 13, 47, 50, 17, 18, 19, 20, 17, 51, 32, 33, 34, 35, 36, 37, 17, 18, 19, 20, 17, 38, 42, 43, 44, 45, 46, 13, 47, 48, 17, 18, 19, 20, 17, 51, 32, 33, 34, 35, 38, 42, 43, 44, 45, 46, 13, 47, 50, 17, 18, 19, 20, 17, 51, 32, 33, 34, 35, 36, 37, 17, 18, 19, 20, 17, 38, 42, 43, 44, 45, 46, 13, 47, 48, 17, 18, 19, 20, 17, 51, 32, 33, 34, 35, 38, 42, 43, 44, 45, 46, 13, 47, 48, 17, 18, 19, 20, 17, 51, 32, 33, 34, 35, 36, 37, 17, 18, 19, 20, 17, 38, 42, 43, 44, 45, 46, 13, 47, 50, 17, 18, 19, 20, 17, 51, 32, 33, 34, 35, 36, 37, 17, 18, 19, 20, 17, 38, 42, 43, 44, 45, 46, 13, 47, 48, 17, 18, 19, 20, 17, 51, 32, 33, 34, 35, 36, 37, 17, 18, 19, 20, 17, 38, 42, 43, 44, 45, 46, 13, 47, 48, 17, 18, 19, 20, 17, 51, 32, 33, 34, 35, 36, 37, 17, 18, 19, 20, 17, 38, 42, 43, 44, 45, 46, 13, 47, 50, 17, 18, 19, 20, 17, 51, 32, 33, 34, 35, 36, 37, 17, 18, 19, 20, 17, 38, 42, 43, 44, 45, 46, 13, 47, 48, 17, 18, 19, 20, 17, 51, 32, 33, 34, 35, 36, 37, 17, 18, 19, 20, 17, 38, 42, 43, 44, 45, 46, 13, 47, 50, 17, 18, 19, 20, 17, 51, 32, 33, 34, 35, 36, 37, 17, 18, 19, 20, 17, 38, 42, 43, 44, 45, 46, 13, 47, 48, 17, 18, 19, 20, 17, 51, 32, 33, 34, 35, 36, 37, 17, 18, 19, 20, 17, 38, 42, 43, 44, 45, 46, 13, 47, 48, 17, 18, 19, 20, 17, 51, 32, 33, 34, 35, 36, 37, 17, 18, 19, 20, 17, 38, 42, 43, 44, 45, 46, 13, 47, 48, 17, 18, 19, 20, 17, 51, 32, 33, 34, 35, 36, 37, 17, 18, 19, 20, 17, 38, 42, 43, 44, 45, 46, 13, 47, 48, 17, 18, 19, 20, 17, 51, 32, 33, 34, 35, 36, 37, 17, 18, 19, 20, 17, 38, 42, 43, 44, 45, 46, 13, 47, 50, 17, 18, 19, 20, 17, 51, 82, 79, 80, 54, 24, 25, 26, 27, 26, 25, 26, 27, 26, 25, 26, 27, 26, 25, 26, 27, 26, 25, 26, 27, 26, 25, 26, 27, 26, 25, 26, 27, 26, 25, 26, 27, 26, 25, 26, 27, 26, 25, 26, 27, 26, 25, 26, 27, 26, 25, 26, 27, 26, 25, 26, 27, 26, 25, 26, 27, 26, 25, 26, 27, 26, 25, 28, 55, 56, 55, 56, 55, 56, 55, 56, 55, 56, 55, 56, 55, 56, 55, 56, 55, 56, 55, 56, 55, 56, 55, 56, 55, 56, 55, 56, 55, 56, 55, 57, 81, 32, 33, 34, 35, 36, 37, 17, 18, 19, 20, 17, 38, 42, 43, 44, 45, 46, 13, 47, 48, 17, 18, 19, 20, 17, 51, 32, 33, 34, 35, 36, 37, 17, 18, 19, 20, 17, 38, 42, 43, 44, 45, 46, 13, 47, 50, 17, 18, 19, 20, 17, 51, 32, 33, 34, 35, 36, 37, 17, 18, 19, 20, 17, 38, 42, 43, 44, 45, 46, 13, 47, 48, 17, 18, 19, 20, 17, 51, 32, 33, 34, 35, 38, 42, 43, 44, 45, 46, 13, 47, 50, 17, 18, 19, 20, 17, 51, 32, 33, 34, 35, 36, 37, 17, 18, 19, 20, 17, 38, 42, 43, 44, 45, 46, 13, 47, 48, 17, 18, 19, 20, 17, 51, 32, 33, 34, 35, 36, 37, 17, 18, 19, 20, 17, 38, 42, 43, 44, 45, 46, 13, 47, 50, 17, 18, 19, 20, 17, 51, 32, 33, 34, 35, 36, 37, 17, 18, 19, 20, 17, 38, 42, 43, 44, 45, 46, 13, 47, 50, 17, 18, 19, 20, 17, 51, 32, 33, 34, 35, 36, 37, 17, 18, 19, 20, 17, 38, 42, 43, 44, 45, 46, 13, 47, 48, 17, 18, 19, 20, 17, 51, 42, 43, 44, 45, 46, 13, 47, 50, 17, 18, 19, 20, 17, 51, 32, 33, 34, 35, 36, 37, 17, 18, 19, 20, 17, 38, 42, 43, 44, 45, 46, 13, 47, 48, 17, 18, 19, 20, 17, 51, 32, 33, 34, 35, 36, 37, 17, 18, 19, 20, 17, 38, 42, 43, 44, 45, 46, 13, 47, 48, 17, 18, 19, 20, 17, 51, 32, 33, 34, 35, 36, 37, 17, 18, 19, 20, 17, 38, 42, 43, 44, 45, 46, 13, 47, 48, 17, 18, 19, 20, 17, 51, 32, 33, 34, 35, 36, 37, 17, 18, 19, 20, 17, 38, 42, 43, 44, 45, 46, 13, 47, 50, 17, 18, 19, 20, 17, 51, 32, 33, 34, 35, 36, 37, 17, 18, 19, 20, 17, 38, 42, 43, 44, 45, 46, 13, 47, 50, 17, 18, 19, 20, 17, 51, 32, 33, 34, 35, 36, 37, 17, 18, 19, 20, 17, 38, 42, 43, 44, 45, 46, 13, 47, 50, 17, 18, 19, 20, 17, 51, 32, 33, 34, 35, 36, 37, 17, 18, 19, 20, 17, 38, 42, 43, 44, 45, 46, 13, 47, 48, 17, 18, 19, 20, 17, 51, 32, 33, 34, 35, 36, 37, 17, 18, 19, 20, 17, 38, 42, 43, 44, 45, 46, 13, 47, 50, 17, 18, 19, 20, 17, 51, 32, 33, 34, 35, 36, 37, 17, 18, 19, 20, 17, 38, 42, 43, 44, 45, 46, 13, 47, 50, 17, 18, 19, 20, 17, 51, 32, 33, 34, 35, 36, 37, 17, 18, 19, 20, 17, 38, 42, 43, 44, 45, 46, 13, 47, 48, 17, 18, 19, 20, 17, 51, 32, 33, 34, 35, 38, 42, 43, 44, 45, 46, 13, 47, 48, 17, 18, 19, 20, 17, 51, 32, 33, 34, 35, 38, 42, 43, 44, 45, 46, 13, 47, 48, 17, 18, 19, 20, 17, 51, 32, 33, 34, 35, 36, 37, 17, 18, 19, 20, 17, 38, 42, 43, 44, 45, 46, 13, 47, 48, 17, 18, 19, 20, 17, 51, 32, 33, 34, 35, 36, 37, 17, 18, 19, 20, 17, 38, 42, 43, 44, 45, 46, 13, 47, 48, 17, 18, 19, 20, 17, 51, 32, 33, 34, 35, 36, 37, 17, 18, 19, 20, 17, 38, 42, 43, 44, 45, 46, 13, 47, 50, 17, 18, 19, 20, 17, 51, 32, 33, 34, 35, 38, 42, 43, 44, 45, 51, 32, 33, 34, 35, 36, 37, 17, 18, 19, 20, 17, 38, 42, 43, 44, 45, 46, 13, 47, 48, 17, 18, 19, 20, 17, 51, 32, 33, 34, 35, 38, 32, 33, 34, 35, 36, 37, 17, 18, 19, 20, 17, 38, 42, 43, 44, 45, 46, 13, 47, 50, 17, 18, 19, 20, 17, 51, 32, 33, 34, 35, 36, 37, 17, 18, 19, 20, 17, 38, 42, 43, 44, 45, 46, 13, 47, 50, 17, 18, 19, 20, 17, 51, 32, 33, 34, 35, 36, 37, 17, 18, 19, 20, 17, 38, 42, 43, 44, 45, 46, 13, 47, 48, 17, 18, 19, 20, 17, 51, 32, 33, 34, 35, 36, 37, 17, 18, 19, 20, 17, 38, 42, 43, 44, 45, 51, 32, 33, 34, 35, 36, 37, 17, 18, 19, 20, 17, 38, 42, 43, 44, 45, 46, 13, 47, 50, 17, 18, 19, 20, 17, 51, 32, 33, 34, 35, 36, 37, 17, 18, 19, 20, 17, 38, 42, 43, 44, 45, 46, 13, 47, 48, 17, 18, 19, 20, 17, 51, 42, 43, 44, 45, 46, 13, 47, 50, 17, 18, 19, 20, 17, 51, 32, 33, 34, 35, 36, 37, 17, 18, 19, 20, 17, 38, 42, 43, 44, 45, 46, 13, 47, 48, 17, 18, 19, 20, 17, 51, 32, 33, 34, 35, 36, 37, 17, 18, 19, 20, 17, 38, 42, 43, 44, 45, 46, 13, 47, 50, 17, 18, 19, 20, 17, 51, 32, 33, 34, 35, 36, 37, 17, 18, 19, 20, 17, 38, 42, 43, 44, 45, 46, 13, 47, 48, 17, 18, 19, 20, 17, 51, 32, 33, 34, 35, 36, 37, 17, 18, 19, 20, 17, 38, 42, 43, 44, 45, 46, 13, 47, 50, 17, 18, 19, 20, 17, 51, 32, 33, 34, 35, 36, 37, 17, 18, 19, 20, 17, 38, 42, 43, 44, 45, 46, 13, 47, 48, 17, 18, 19, 20, 17, 51, 32, 33, 34, 35, 36, 37, 17, 18, 19, 20, 17, 38, 42, 43, 44, 45, 46, 13, 47, 48, 17, 18, 19, 20, 17, 51, 32, 33, 34, 35, 36, 37, 17, 18, 19, 20, 17, 38, 42, 43, 44, 45, 46, 13, 47, 48, 17, 18, 19, 20, 17, 51, 32, 33, 34, 35, 36, 37, 17, 18, 19, 20, 17, 38, 42, 43, 44, 45, 46, 13, 47, 48, 17, 18, 19, 20, 17, 51, 32, 33, 34, 35, 36, 37, 17, 18, 19, 20, 17, 38, 42, 43, 44, 45, 51, 32, 33, 34, 35, 36, 37, 17, 18, 19, 20, 17, 38, 42, 43, 44, 45, 51, 32, 33, 34, 35, 36, 37, 17, 18, 19, 20, 17, 38, 42, 43, 44, 45, 46, 13, 47, 50, 17, 18, 19, 20, 17, 51, 32, 33, 34, 35, 36, 37, 17, 18, 19, 20, 17, 38, 42, 43, 44, 45, 46, 13, 47, 48, 17, 18, 19, 20, 17, 51, 32, 33, 34, 35, 36, 37, 17, 18, 19, 20, 17, 38, 42, 43, 44, 45, 46, 13, 47, 48, 17, 18, 19, 20, 17, 51, 32, 33, 34, 35, 36, 37, 17, 18, 19, 20, 17, 38, 42, 43, 44, 45, 46, 13, 47, 50, 17, 18, 19, 20, 17, 51, 32, 33, 34, 35, 36, 37, 17, 18, 19, 20, 17, 38, 42, 43, 44, 45, 46, 13, 47, 48, 17, 18, 19, 20, 17, 51, 32, 33, 34, 35, 36, 37, 17, 18, 19, 20, 17, 38, 42, 43, 44, 45, 46, 13, 47, 48, 17, 18, 19, 20, 17, 51, 32, 33, 34, 35, 36, 37, 17, 18, 19, 20, 17, 38, 42, 43, 44, 45, 46, 13, 47, 50, 17, 18, 19, 20, 17, 51, 32, 33, 34, 35, 36, 37, 17, 18, 19, 20, 17, 38, 42, 43, 44, 45, 46, 13, 47, 48, 17, 18, 19, 20, 17, 51, 32, 33, 34, 35, 38, 42, 43, 44, 45, 46, 13, 47, 48, 17, 18, 19, 20, 17, 51, 32, 33, 34, 35, 36, 37, 17, 18, 19, 20, 17, 38, 42, 43, 44, 45, 46, 13, 47, 48, 17, 18, 19, 20, 17, 51, 32, 33, 34, 35, 36, 37, 17, 18, 19, 20, 17, 38, 42, 43, 44, 45, 46, 13, 47, 50, 17, 18, 19, 20, 17, 51, 32, 33, 34, 35, 36, 37, 17, 18, 19, 20, 17, 38, 42, 43, 44, 45, 46, 13, 47, 48, 17, 18, 19, 20, 17, 51, 32, 33, 34, 35, 36, 37, 17, 18, 19, 20, 17, 38, 42, 43, 44, 45, 46, 13, 47, 50, 17, 18, 19, 20, 17, 51, 32, 33, 34, 35, 36, 37, 17, 18, 19, 20, 17, 38, 42, 43, 44, 45, 46, 13, 47, 50, 17, 18, 19, 20, 17, 51, 32, 33, 34, 35, 36, 37, 17, 18, 19, 20, 17, 38, 42, 43, 44, 45, 46, 13, 47, 50, 17, 18, 19, 20, 17, 51, 32, 33, 34, 35, 36, 37, 17, 18, 19, 20, 17, 38, 42, 43, 44, 45, 46, 13, 47, 50, 17, 18, 19, 20, 17, 51, 32, 33, 34, 35, 36, 37, 17, 18, 19, 20, 17, 38, 42, 43, 44, 45, 46, 13, 47, 50, 17, 18, 19, 20, 17, 51, 32, 33, 34, 35, 36, 37, 17, 18, 19, 20, 17, 38, 42, 43, 44, 45, 46, 13, 47, 48, 17, 18, 19, 20, 17, 51, 32, 33, 34, 35, 36, 37, 17, 18, 19, 20, 17, 38, 42, 43, 44, 45, 46, 13, 47, 48, 17, 18, 19, 20, 17, 51, 32, 33, 34, 35, 36, 37, 17, 18, 19, 20, 17, 38, 42, 43, 44, 45, 46, 13, 47, 50, 17, 18, 19, 20, 17, 51, 32, 33, 34, 35, 36, 37, 17, 18, 19, 20, 17, 38, 42, 43, 44, 45, 46, 13, 47, 48, 17, 18, 19, 20, 17, 51, 32, 33, 34, 35, 36, 37, 17, 18, 19, 20, 17, 38, 32, 33, 34, 35, 36, 37, 17, 18, 19, 20, 17, 38, 42, 43, 44, 45, 46, 13, 47, 48, 17, 18, 19, 20, 17, 51, 32, 33, 34, 35, 38, 42, 43, 44, 45, 46, 13, 47, 48, 17, 18, 19, 20, 17, 51, 32, 33, 34, 35, 36, 37, 17, 18, 19, 20, 17, 38, 42, 43, 44, 45, 46, 13, 47, 48, 17, 18, 19, 20, 17, 51, 32, 33, 34, 35, 36, 37, 17, 18, 19, 20, 17, 38, 42, 43, 44, 45, 46, 13, 47, 48, 17, 18, 19, 20, 17, 51, 32, 33, 34, 35, 36, 37, 17, 18, 19, 20, 17, 38, 42, 43, 44, 45, 46, 13, 47, 48, 17, 18, 19, 20, 17, 51, 32, 33, 34, 35, 36, 37, 17, 18, 19, 20, 17, 38, 42, 43, 44, 45, 46, 13, 47, 50, 17, 18, 19, 20, 17, 51, 32, 33, 34, 35, 36, 37, 17, 18, 19, 20, 17, 38, 42, 43, 44, 45, 46, 13, 47, 50, 17, 18, 19, 20, 17, 51, 32, 33, 34, 35, 36, 37, 17, 18, 19, 20, 17, 38, 42, 43, 44, 45, 46, 13, 47, 48, 17, 18, 19, 20, 17, 51, 32, 33, 34, 35, 36, 37, 17, 18, 19, 20, 17, 38, 42, 43, 44, 45, 46, 13, 47, 48, 17, 18, 19, 20, 17, 51, 32, 33, 34, 35, 36, 37, 17, 18, 19, 20, 17, 38, 42, 43, 44, 45, 46, 13, 47, 48, 17, 18, 19, 20, 17, 51, 32, 33, 34, 35, 36, 37, 17, 18, 19, 20, 17, 38, 42, 43, 44, 45, 46, 13, 47, 48, 17, 18, 19, 20, 17, 51, 32, 33, 34, 35, 36, 37, 17, 18, 19, 20, 17, 38, 42, 43, 44, 45, 46, 13, 47, 50, 17, 18, 19, 20, 17, 51, 32, 33, 34, 35, 36, 37, 17, 18, 19, 20, 17, 38, 42, 43, 44, 45, 46, 13, 47, 48, 17, 18, 19, 20, 17, 51, 32, 33, 34, 35, 36, 37, 17, 18, 19, 20, 17, 38, 42, 43, 44, 45, 46, 13, 47, 48, 17, 18, 19, 20, 17, 51, 32, 33, 34, 35, 36, 37, 17, 18, 19, 20, 17, 38, 42, 43, 44, 45, 46, 13, 47, 48, 17, 18, 19, 20, 17, 51, 32, 33, 34, 35, 36, 37, 17, 18, 19, 20, 17, 38, 42, 43, 44, 45, 46, 13, 47, 50, 17, 18, 19, 20, 17, 51, 32, 33, 34, 35, 36, 37, 17, 18, 19, 20, 17, 38, 42, 43, 44, 45, 46, 13, 47, 48, 17, 18, 19, 20, 17, 51, 32, 33, 34, 35, 36, 37, 17, 18, 19, 20, 17, 38, 42, 43, 44, 45, 46, 13, 47, 48, 17, 18, 19, 20, 17, 51, 32, 33, 34, 35, 36, 37, 17, 18, 19, 20, 17, 38, 42, 43, 44, 45, 46, 13, 47, 50, 17, 18, 19, 20, 17, 51, 32, 33, 34, 35, 36, 37, 17, 18, 19, 20, 17, 38, 42, 43, 44, 45, 46, 13, 47, 48, 17, 18, 19, 20, 17, 51, 32, 33, 34, 35, 36, 37, 17, 18, 19, 20, 17, 38, 42, 43, 44, 45, 46, 13, 47, 48, 17, 18, 19, 20, 17, 51, 32, 33, 34, 35, 36, 37, 17, 18, 19, 20, 17, 38, 42, 43, 44, 45, 46, 13, 47, 50, 17, 18, 19, 20, 17, 51, 32, 33, 34, 35, 36, 37, 17, 18, 19, 20, 17, 38, 42, 43, 44, 45, 46, 13, 47, 48, 17, 18, 19, 20, 17, 51, 32, 33, 34, 35, 36, 37, 17, 18, 19, 20, 17, 38, 42, 43, 44, 45, 46, 13, 47, 48, 17, 18, 19, 20, 17, 51, 32, 33, 34, 35, 36, 37, 17, 18, 19, 20, 17, 38, 42, 43, 44, 45, 46, 13, 47, 48, 17, 18, 19, 20, 17, 51, 32, 33, 34, 35, 36, 37, 17, 18, 19, 20, 17, 38, 42, 43, 44, 45, 46, 13, 47, 50, 17, 18, 19, 20, 17, 51, 32, 33, 34, 35, 36, 37, 17, 18, 19, 20, 17, 38, 42, 43, 44, 45, 46, 13, 47, 50, 17, 18, 19, 20, 17, 51, 32, 33, 34, 35, 36, 37, 17, 18, 19, 20, 17, 38, 42, 43, 44, 45, 46, 13, 47, 48, 17, 18, 19, 20, 17, 51, 32, 33, 34, 35, 36, 37, 17, 18, 19, 20, 17, 38, 42, 43, 44, 45, 46, 13, 47, 50, 17, 18, 19, 20, 17, 51, 32, 33, 34, 35, 36, 37, 17, 18, 19, 20, 17, 38, 42, 43, 44, 45, 46, 13, 47, 50, 17, 18, 19, 20, 17, 51, 32, 33, 34, 35, 36, 37, 17, 18, 19, 20, 17, 38, 42, 43, 44, 45, 46, 13, 47, 48, 17, 18, 19, 20, 17, 51, 82, 79, 80, 54, 24, 25, 26, 27, 26, 25, 26, 27, 26, 25, 26, 27, 26, 25, 26, 27, 26, 25, 26, 27, 26, 25, 26, 27, 26, 25, 26, 27, 26, 25, 26, 27, 26, 25, 26, 27, 26, 25, 26, 27, 26, 25, 26, 27, 26, 25, 26, 27, 26, 25, 26, 27, 26, 25, 26, 27, 26, 25, 26, 27, 26, 25, 28, 55, 56, 55, 56, 55, 56, 55, 56, 55, 56, 55, 56, 55, 56, 55, 56, 55, 56, 55, 56, 55, 56, 55, 56, 55, 56, 55, 56, 55, 56, 55, 57, 81, 32, 33, 34, 35, 36, 37, 17, 18, 19, 20, 17, 38, 42, 43, 44, 45, 46, 13, 47, 48, 17, 18, 19, 20, 17, 51, 32, 33, 34, 35, 36, 37, 17, 18, 19, 20, 17, 38, 42, 43, 44, 45, 46, 13, 47, 48, 17, 18, 19, 20, 17, 51, 32, 33, 34, 35, 36, 37, 17, 18, 19, 20, 17, 38, 42, 43, 44, 45, 46, 13, 47, 50, 17, 18, 19, 20, 17, 51, 42, 43, 44, 45, 46, 13, 47, 48, 17, 18, 19, 20, 17, 51, 32, 33, 34, 35, 36, 37, 17, 18, 19, 20, 17, 38, 42, 43, 44, 45, 46, 13, 47, 48, 17, 18, 19, 20, 17, 51, 32, 33, 34, 35, 36, 37, 17, 18, 19, 20, 17, 38, 42, 43, 44, 45, 46, 13, 47, 48, 17, 18, 19, 20, 17, 51, 32, 33, 34, 35, 36, 37, 17, 18, 19, 20, 17, 38, 42, 43, 44, 45, 46, 13, 47, 50, 17, 18, 19, 20, 17, 51, 32, 33, 34, 35, 36, 37, 17, 18, 19, 20, 17, 38, 42, 43, 44, 45, 46, 13, 47, 48, 17, 18, 19, 20, 17, 51, 32, 33, 34, 35, 36, 37, 17, 18, 19, 20, 17, 38, 42, 43, 44, 45, 46, 13, 47, 48, 17, 18, 19, 20, 17, 51, 32, 33, 34, 35, 36, 37, 17, 18, 19, 20, 17, 38, 32, 33, 34, 35, 36, 37, 17, 18, 19, 20, 17, 38, 42, 43, 44, 45, 46, 13, 47, 48, 17, 18, 19, 20, 17, 51, 32, 33, 34, 35, 36, 37, 17, 18, 19, 20, 17, 38, 42, 43, 44, 45, 46, 13, 47, 48, 17, 18, 19, 20, 17, 51, 32, 33, 34, 35, 36, 37, 17, 18, 19, 20, 17, 38, 42, 43, 44, 45, 46, 13, 47, 48, 17, 18, 19, 20, 17, 51, 32, 33, 34, 35, 36, 37, 17, 18, 19, 20, 17, 38, 42, 43, 44, 45, 46, 13, 47, 50, 17, 18, 19, 20, 17, 51, 32, 33, 34, 35, 36, 37, 17, 18, 19, 20, 17, 38, 42, 43, 44, 45, 46, 13, 47, 48, 17, 18, 19, 20, 17, 51, 32, 33, 34, 35, 36, 37, 17, 18, 19, 20, 17, 38, 42, 43, 44, 45, 46, 13, 47, 48, 17, 18, 19, 20, 17, 51, 32, 33, 34, 35, 36, 37, 17, 18, 19, 20, 17, 38, 42, 43, 44, 45, 46, 13, 47, 48, 17, 18, 19, 20, 17, 51, 32, 33, 34, 35, 36, 37, 17, 18, 19, 20, 17, 38, 42, 43, 44, 45, 46, 13, 47, 50, 17, 18, 19, 20, 17, 51, 32, 33, 34, 35, 36, 37, 17, 18, 19, 20, 17, 38, 42, 43, 44, 45, 46, 13, 47, 50, 17, 18, 19, 20, 17, 51, 32, 33, 34, 35, 36, 37, 17, 18, 19, 20, 17, 38, 42, 43, 44, 45, 46, 13, 47, 48, 17, 18, 19, 20, 17, 51, 32, 33, 34, 35, 38, 42, 43, 44, 45, 46, 13, 47, 50, 17, 18, 19, 20, 17, 51, 42, 43, 44, 45, 46, 13, 47, 50, 17, 18, 19, 20, 17, 51, 32, 33, 34, 35, 36, 37, 17, 18, 19, 20, 17, 38, 32, 33, 34, 35, 36, 37, 17, 18, 19, 20, 17, 38, 42, 43, 44, 45, 46, 13, 47, 48, 17, 18, 19, 20, 17, 51, 32, 33, 34, 35, 36, 37, 17, 18, 19, 20, 17, 38, 42, 43, 44, 45, 46, 13, 47, 50, 17, 18, 19, 20, 17, 51, 42, 43, 44, 45, 46, 13, 47, 48, 17, 18, 19, 20, 17, 51, 32, 33, 34, 35, 36, 37, 17, 18, 19, 20, 17, 38, 42, 43, 44, 45, 46, 13, 47, 50, 17, 18, 19, 20, 17, 51, 32, 33, 34, 35, 38, 32, 33, 34, 35, 36, 37, 17, 18, 19, 20, 17, 38, 42, 43, 44, 45, 46, 13, 47, 50, 17, 18, 19, 20, 17, 51, 32, 33, 34, 35, 36, 37, 17, 18, 19, 20, 17, 38, 42, 43, 44, 45, 46, 13, 47, 50, 17, 18, 19, 20, 17, 51, 42, 43, 44, 45, 46, 13, 47, 48, 17, 18, 19, 20, 17, 51, 32, 33, 34, 35, 36, 37, 17, 18, 19, 20, 17, 38, 32, 33, 34, 35, 36, 37, 17, 18, 19, 20, 17, 38, 42, 43, 44, 45, 46, 13, 47, 48, 17, 18, 19, 20, 17, 51, 32, 33, 34, 35, 36, 37, 17, 18, 19, 20, 17, 38, 42, 43, 44, 45, 51, 42, 43, 44, 45, 46, 13, 47, 50, 17, 18, 19, 20, 17, 51, 32, 33, 34, 35, 36, 37, 17, 18, 19, 20, 17, 38, 42, 43, 44, 45, 46, 13, 47, 50, 17, 18, 19, 20, 17, 51, 32, 33, 34, 35, 36, 37, 17, 18, 19, 20, 17, 38, 42, 43, 44, 45, 51, 32, 33, 34, 35, 36, 37, 17, 18, 19, 20, 17, 38, 42, 43, 44, 45, 46, 13, 47, 48, 17, 18, 19, 20, 17, 51, 32, 33, 34, 35, 36, 37, 17, 18, 19, 20, 17, 38, 42, 43, 44, 45, 46, 13, 47, 48, 17, 18, 19, 20, 17, 51, 32, 33, 34, 35, 36, 37, 17, 18, 19, 20, 17, 38, 42, 43, 44, 45, 46, 13, 47, 48, 17, 18, 19, 20, 17, 51, 32, 33, 34, 35, 36, 37, 17, 18, 19, 20, 17, 38, 42, 43, 44, 45, 46, 13, 47, 48, 17, 18, 19, 20, 17, 51, 32, 33, 34, 35, 36, 37, 17, 18, 19, 20, 17, 38, 42, 43, 44, 45, 46, 13, 47, 50, 17, 18, 19, 20, 17, 51, 32, 33, 34, 35, 36, 37, 17, 18, 19, 20, 17, 38, 42, 43, 44, 45, 46, 13, 47, 48, 17, 18, 19, 20, 17, 51, 32, 33, 34, 35, 36, 37, 17, 18, 19, 20, 17, 38, 42, 43, 44, 45, 46, 13, 47, 48, 17, 18, 19, 20, 17, 51, 32, 33, 34, 35, 36, 37, 17, 18, 19, 20, 17, 38, 42, 43, 44, 45, 46, 13, 47, 48, 17, 18, 19, 20, 17, 51, 32, 33, 34, 35, 36, 37, 17, 18, 19, 20, 17, 38, 42, 43, 44, 45, 46, 13, 47, 50, 17, 18, 19, 20, 17, 51, 32, 33, 34, 35, 36, 37, 17, 18, 19, 20, 17, 38, 42, 43, 44, 45, 46, 13, 47, 50, 17, 18, 19, 20, 17, 51, 32, 33, 34, 35, 36, 37, 17, 18, 19, 20, 17, 38, 42, 43, 44, 45, 46, 13, 47, 50, 17, 18, 19, 20, 17, 51, 32, 33, 34, 35, 36, 37, 17, 18, 19, 20, 17, 38, 42, 43, 44, 45, 46, 13, 47, 50, 17, 18, 19, 20, 17, 51, 32, 33, 34, 35, 36, 37, 17, 18, 19, 20, 17, 38, 32, 33, 34, 35, 36, 37, 17, 18, 19, 20, 17, 38, 42, 43, 44, 45, 46, 13, 47, 48, 17, 18, 19, 20, 17, 51, 32, 33, 34, 35, 36, 37, 17, 18, 19, 20, 17, 38, 42, 43, 44, 45, 46, 13, 47, 48, 17, 18, 19, 20, 17, 51, 32, 33, 34, 35, 36, 37, 17, 18, 19, 20, 17, 38, 42, 43, 44, 45, 46, 13, 47, 50, 17, 18, 19, 20, 17, 51, 32, 33, 34, 35, 38, 42, 43, 44, 45, 46, 13, 47, 48, 17, 18, 19, 20, 17, 51, 32, 33, 34, 35, 36, 37, 17, 18, 19, 20, 17, 38, 42, 43, 44, 45, 46, 13, 47, 48, 17, 18, 19, 20, 17, 51, 32, 33, 34, 35, 36, 37, 17, 18, 19, 20, 17, 38, 42, 43, 44, 45, 46, 13, 47, 48, 17, 18, 19, 20, 17, 51, 32, 33, 34, 35, 36, 37, 17, 18, 19, 20, 17, 38, 42, 43, 44, 45, 46, 13, 47, 48, 17, 18, 19, 20, 17, 51, 32, 33, 34, 35, 36, 37, 17, 18, 19, 20, 17, 38, 42, 43, 44, 45, 46, 13, 47, 48, 17, 18, 19, 20, 17, 51, 32, 33, 34, 35, 36, 37, 17, 18, 19, 20, 17, 38, 42, 43, 44, 45, 46, 13, 47, 48, 17, 18, 19, 20, 17, 51, 32, 33, 34, 35, 38, 42, 43, 44, 45, 46, 13, 47, 48, 17, 18, 19, 20, 17, 51, 32, 33, 34, 35, 36, 37, 17, 18, 19, 20, 17, 38, 42, 43, 44, 45, 46, 13, 47, 48, 17, 18, 19, 20, 17, 51, 32, 33, 34, 35, 38, 42, 43, 44, 45, 46, 13, 47, 48, 17, 18, 19, 20, 17, 51, 32, 33, 34, 35, 36, 37, 17, 18, 19, 20, 17, 38, 42, 43, 44, 45, 46, 13, 47, 48, 17, 18, 19, 20, 17, 51, 32, 33, 34, 35, 36, 37, 17, 18, 19, 20, 17, 38, 42, 43, 44, 45, 46, 13, 47, 48, 17, 18, 19, 20, 17, 51, 32, 33, 34, 35, 36, 37, 17, 18, 19, 20, 17, 38, 42, 43, 44, 45, 46, 13, 47, 48, 17, 18, 19, 20, 17, 51, 32, 33, 34, 35, 36, 37, 17, 18, 19, 20, 17, 38, 42, 43, 44, 45, 46, 13, 47, 50, 17, 18, 19, 20, 17, 51, 32, 33, 34, 35, 36, 37, 17, 18, 19, 20, 17, 38, 42, 43, 44, 45, 46, 13, 47, 50, 17, 18, 19, 20, 17, 51, 32, 33, 34, 35, 36, 37, 17, 18, 19, 20, 17, 38, 42, 43, 44, 45, 46, 13, 47, 50, 17, 18, 19, 20, 17, 51, 32, 33, 34, 35, 36, 37, 17, 18, 19, 20, 17, 38, 42, 43, 44, 45, 46, 13, 47, 50, 17, 18, 19, 20, 17, 51, 32, 33, 34, 35, 36, 37, 17, 18, 19, 20, 17, 38, 42, 43, 44, 45, 46, 13, 47, 50, 17, 18, 19, 20, 17, 51, 32, 33, 34, 35, 36, 37, 17, 18, 19, 20, 17, 38, 42, 43, 44, 45, 46, 13, 47, 48, 17, 18, 19, 20, 17, 51, 32, 33, 34, 35, 36, 37, 17, 18, 19, 20, 17, 38, 42, 43, 44, 45, 46, 13, 47, 48, 17, 18, 19, 20, 17, 51, 32, 33, 34, 35, 36, 37, 17, 18, 19, 20, 17, 38, 42, 43, 44, 45, 46, 13, 47, 50, 17, 18, 19, 20, 17, 51, 32, 33, 34, 35, 36, 37, 17, 18, 19, 20, 17, 38, 42, 43, 44, 45, 46, 13, 47, 50, 17, 18, 19, 20, 17, 51, 32, 33, 34, 35, 36, 37, 17, 18, 19, 20, 17, 38, 42, 43, 44, 45, 46, 13, 47, 48, 17, 18, 19, 20, 17, 51, 32, 33, 34, 35, 36, 37, 17, 18, 19, 20, 17, 38, 42, 43, 44, 45, 46, 13, 47, 48, 17, 18, 19, 20, 17, 51, 32, 33, 34, 35, 36, 37, 17, 18, 19, 20, 17, 38, 42, 43, 44, 45, 46, 13, 47, 50, 17, 18, 19, 20, 17, 51, 32, 33, 34, 35, 36, 37, 17, 18, 19, 20, 17, 38, 42, 43, 44, 45, 46, 13, 47, 48, 17, 18, 19, 20, 17, 51, 32, 33, 34, 35, 36, 37, 17, 18, 19, 20, 17, 38, 42, 43, 44, 45, 46, 13, 47, 50, 17, 18, 19, 20, 17, 51, 32, 33, 34, 35, 36, 37, 17, 18, 19, 20, 17, 38, 42, 43, 44, 45, 46, 13, 47, 48, 17, 18, 19, 20, 17, 51, 32, 33, 34, 35, 36, 37, 17, 18, 19, 20, 17, 38, 42, 43, 44, 45, 46, 13, 47, 48, 17, 18, 19, 20, 17, 51, 32, 33, 34, 35, 36, 37, 17, 18, 19, 20, 17, 38, 42, 43, 44, 45, 46, 13, 47, 48, 17, 18, 19, 20, 17, 51, 42, 43, 44, 45, 46, 13, 47, 50, 17, 18, 19, 20, 17, 51, 32, 33, 34, 35, 36, 37, 17, 18, 19, 20, 17, 38, 42, 43, 44, 45, 46, 13, 47, 48, 17, 18, 19, 20, 17, 51, 32, 33, 34, 35, 36, 37, 17, 18, 19, 20, 17, 38, 32, 33, 34, 35, 36, 37, 17, 18, 19, 20, 17, 38, 42, 43, 44, 45, 46, 13, 47, 48, 17, 18, 19, 20, 17, 51, 32, 33, 34, 35, 36, 37, 17, 18, 19, 20, 17, 38, 42, 43, 44, 45, 46, 13, 47, 50, 17, 18, 19, 20, 17, 51, 32, 33, 34, 35, 36, 37, 17, 18, 19, 20, 17, 38, 42, 43, 44, 45, 46, 13, 47, 48, 17, 18, 19, 20, 17, 51, 32, 33, 34, 35, 36, 37, 17, 18, 19, 20, 17, 38, 42, 43, 44, 45, 46, 13, 47, 50, 17, 18, 19, 20, 17, 51, 42, 43, 44, 45, 46, 13, 47, 50, 17, 18, 19, 20, 17, 51, 32, 33, 34, 35, 36, 37, 17, 18, 19, 20, 17, 38, 42, 43, 44, 45, 51, 32, 33, 34, 35, 36, 37, 17, 18, 19, 20, 17, 38, 42, 43, 44, 45, 46, 13, 47, 50, 17, 18, 19, 20, 17, 51, 32, 33, 34, 35, 36, 37, 17, 18, 19, 20, 17, 38, 42, 43, 44, 45, 46, 13, 47, 48, 17, 18, 19, 20, 17, 51, 32, 33, 34, 35, 36, 37, 17, 18, 19, 20, 17, 38, 42, 43, 44, 45, 46, 13, 47, 48, 17, 18, 19, 20, 17, 51, 32, 33, 34, 35, 38, 42, 43, 44, 45, 46, 13, 47, 48, 17, 18, 19, 20, 17, 51, 32, 33, 34, 35, 36, 37, 17, 18, 19, 20, 17, 38, 42, 43, 44, 45, 46, 13, 47, 50, 17, 18, 19, 20, 17, 51, 32, 33, 34, 35, 36, 37, 17, 18, 19, 20, 17, 38, 32, 33, 34, 35, 36, 37, 17, 18, 19, 20, 17, 38, 42, 43, 44, 45, 46, 13, 47, 48, 17, 18, 19, 20, 17, 51, 32, 33, 34, 35, 36, 37, 17, 18, 19, 20, 17, 38, 42, 43, 44, 45, 46, 13, 47, 48, 17, 18, 19, 20, 17, 51, 32, 33, 34, 35, 36, 37, 17, 18, 19, 20, 17, 38, 42, 43, 44, 45, 46, 13, 47, 48, 17, 18, 19, 20, 17, 51, 32, 33, 34, 35, 36, 37, 17, 18, 19, 20, 17, 38, 42, 43, 44, 45, 46, 13, 47, 48, 17, 18, 19, 20, 17, 51, 32, 33, 34, 35, 36, 37, 17, 18, 19, 20, 17, 38, 42, 43, 44, 45, 46, 13, 47, 50, 17, 18, 19, 20, 17, 51, 82, 79, 80, 54, 24, 25, 26, 27, 26, 25, 26, 27, 26, 25, 26, 27, 26, 25, 26, 27, 26, 25, 26, 27, 26, 25, 26, 27, 26, 25, 26, 27, 26, 25, 26, 27, 26, 25, 26, 27, 26, 25, 26, 27, 26, 25, 26, 27, 26, 25, 26, 27, 26, 25, 26, 27, 26, 25, 26, 27, 26, 25, 26, 27, 26, 25, 28, 55, 56, 55, 56, 55, 56, 55, 56, 55, 56, 55, 56, 55, 56, 55, 56, 55, 56, 55, 56, 55, 56, 55, 56, 55, 56, 55, 56, 55, 56, 55, 57, 81, 32, 33, 34, 35, 36, 37, 17, 18, 19, 20, 17, 38, 42, 43, 44, 45, 46, 13, 47, 50, 17, 18, 19, 20, 17, 51, 32, 33, 34, 35, 36, 37, 17, 18, 19, 20, 17, 38, 42, 43, 44, 45, 46, 13, 47, 48, 17, 18, 19, 20, 17, 51, 32, 33, 34, 35, 36, 37, 17, 18, 19, 20, 17, 38, 42, 43, 44, 45, 46, 13, 47, 48, 17, 18, 19, 20, 17, 51, 32, 33, 34, 35, 36, 37, 17, 18, 19, 20, 17, 38, 42, 43, 44, 45, 46, 13, 47, 50, 17, 18, 19, 20, 17, 51, 32, 33, 34, 35, 36, 37, 17, 18, 19, 20, 17, 38, 42, 43, 44, 45, 46, 13, 47, 50, 17, 18, 19, 20, 17, 51, 32, 33, 34, 35, 36, 37, 17, 18, 19, 20, 17, 38, 42, 43, 44, 45, 51, 32, 33, 34, 35, 36, 37, 17, 18, 19, 20, 17, 38, 42, 43, 44, 45, 46, 13, 47, 50, 17, 18, 19, 20, 17, 51, 32, 33, 34, 35, 36, 37, 17, 18, 19, 20, 17, 38, 42, 43, 44, 45, 46, 13, 47, 48, 17, 18, 19, 20, 17, 51, 32, 33, 34, 35, 36, 37, 17, 18, 19, 20, 17, 38, 42, 43, 44, 45, 46, 13, 47, 50, 17, 18, 19, 20, 17, 51, 32, 33, 34, 35, 36, 37, 17, 18, 19, 20, 17, 38, 42, 43, 44, 45, 46, 13, 47, 48, 17, 18, 19, 20, 17, 51, 32, 33, 34, 35, 36, 37, 17, 18, 19, 20, 17, 38, 42, 43, 44, 45, 46, 13, 47, 50, 17, 18, 19, 20, 17, 51, 32, 33, 34, 35, 36, 37, 17, 18, 19, 20, 17, 38, 42, 43, 44, 45, 46, 13, 47, 48, 17, 18, 19, 20, 17, 51, 32, 33, 34, 35, 36, 37, 17, 18, 19, 20, 17, 38, 42, 43, 44, 45, 46, 13, 47, 48, 17, 18, 19, 20, 17, 51, 32, 33, 34, 35, 36, 37, 17, 18, 19, 20, 17, 38, 42, 43, 44, 45, 51, 32, 33, 34, 35, 36, 37, 17, 18, 19, 20, 17, 38, 42, 43, 44, 45, 46, 13, 47, 50, 17, 18, 19, 20, 17, 51, 32, 33, 34, 35, 36, 37, 17, 18, 19, 20, 17, 38, 42, 43, 44, 45, 46, 13, 47, 48, 17, 18, 19, 20, 17, 51, 32, 33, 34, 35, 36, 37, 17, 18, 19, 20, 17, 38, 42, 43, 44, 45, 51, 32, 33, 34, 35, 36, 37, 17, 18, 19, 20, 17, 38, 42, 43, 44, 45, 46, 13, 47, 48, 17, 18, 19, 20, 17, 51, 32, 33, 34, 35, 36, 37, 17, 18, 19, 20, 17, 38, 42, 43, 44, 45, 46, 13, 47, 50, 17, 18, 19, 20, 17, 51, 32, 33, 34, 35, 36, 37, 17, 18, 19, 20, 17, 38, 42, 43, 44, 45, 46, 13, 47, 48, 17, 18, 19, 20, 17, 51, 42, 43, 44, 45, 46, 13, 47, 48, 17, 18, 19, 20, 17, 51, 32, 33, 34, 35, 36, 37, 17, 18, 19, 20, 17, 38, 42, 43, 44, 45, 46, 13, 47, 48, 17, 18, 19, 20, 17, 51, 32, 33, 34, 35, 36, 37, 17, 18, 19, 20, 17, 38, 42, 43, 44, 45, 46, 13, 47, 50, 17, 18, 19, 20, 17, 51, 32, 33, 34, 35, 36, 37, 17, 18, 19, 20, 17, 38, 42, 43, 44, 45, 46, 13, 47, 48, 17, 18, 19, 20, 17, 51, 32, 33, 34, 35, 36, 37, 17, 18, 19, 20, 17, 38, 42, 43, 44, 45, 46, 13, 47, 48, 17, 18, 19, 20, 17, 51, 32, 33, 34, 35, 36, 37, 17, 18, 19, 20, 17, 38, 42, 43, 44, 45, 46, 13, 47, 48, 17, 18, 19, 20, 17, 51, 32, 33, 34, 35, 36, 37, 17, 18, 19, 20, 17, 38, 42, 43, 44, 45, 46, 13, 47, 50, 17, 18, 19, 20, 17, 51, 32, 33, 34, 35, 36, 37, 17, 18, 19, 20, 17, 38, 42, 43, 44, 45, 46, 13, 47, 48, 17, 18, 19, 20, 17, 51, 32, 33, 34, 35, 38, 42, 43, 44, 45, 46, 13, 47, 48, 17, 18, 19, 20, 17, 51, 32, 33, 34, 35, 36, 37, 17, 18, 19, 20, 17, 38, 42, 43, 44, 45, 46, 13, 47, 48, 17, 18, 19, 20, 17, 51, 32, 33, 34, 35, 36, 37, 17, 18, 19, 20, 17, 38, 42, 43, 44, 45, 51, 32, 33, 34, 35, 36, 37, 17, 18, 19, 20, 17, 38, 42, 43, 44, 45, 46, 13, 47, 50, 17, 18, 19, 20, 17, 51, 32, 33, 34, 35, 36, 37, 17, 18, 19, 20, 17, 38, 42, 43, 44, 45, 46, 13, 47, 48, 17, 18, 19, 20, 17, 51, 32, 33, 34, 35, 36, 37, 17, 18, 19, 20, 17, 38, 42, 43, 44, 45, 46, 13, 47, 48, 17, 18, 19, 20, 17, 51, 32, 33, 34, 35, 38, 42, 43, 44, 45, 46, 13, 47, 48, 17, 18, 19, 20, 17, 51, 32, 33, 34, 35, 36, 37, 17, 18, 19, 20, 17, 38, 42, 43, 44, 45, 46, 13, 47, 50, 17, 18, 19, 20, 17, 51, 32, 33, 34, 35, 36, 37, 17, 18, 19, 20, 17, 38, 42, 43, 44, 45, 46, 13, 47, 50, 17, 18, 19, 20, 17, 51, 32, 33, 34, 35, 36, 37, 17, 18, 19, 20, 17, 38, 42, 43, 44, 45, 46, 13, 47, 48, 17, 18, 19, 20, 17, 51, 32, 33, 34, 35, 38, 42, 43, 44, 45, 46, 13, 47, 50, 17, 18, 19, 20, 17, 51, 32, 33, 34, 35, 36, 37, 17, 18, 19, 20, 17, 38, 42, 43, 44, 45, 46, 13, 47, 48, 17, 18, 19, 20, 17, 51, 32, 33, 34, 35, 38, 42, 43, 44, 45, 46, 13, 47, 50, 17, 18, 19, 20, 17, 51, 32, 33, 34, 35, 36, 37, 17, 18, 19, 20, 17, 38, 42, 43, 44, 45, 46, 13, 47, 50, 17, 18, 19, 20, 17, 51, 32, 33, 34, 35, 36, 37, 17, 18, 19, 20, 17, 38, 42, 43, 44, 45, 46, 13, 47, 48, 17, 18, 19, 20, 17, 51, 32, 33, 34, 35, 36, 37, 17, 18, 19, 20, 17, 38, 42, 43, 44, 45, 46, 13, 47, 50, 17, 18, 19, 20, 17, 51, 32, 33, 34, 35, 36, 37, 17, 18, 19, 20, 17, 38, 42, 43, 44, 45, 51, 32, 33, 34, 35, 36, 37, 17, 18, 19, 20, 17, 38, 42, 43, 44, 45, 46, 13, 47, 48, 17, 18, 19, 20, 17, 51, 32, 33, 34, 35, 36, 37, 17, 18, 19, 20, 17, 38, 42, 43, 44, 45, 46, 13, 47, 50, 17, 18, 19, 20, 17, 51, 32, 33, 34, 35, 36, 37, 17, 18, 19, 20, 17, 38, 42, 43, 44, 45, 46, 13, 47, 48, 17, 18, 19, 20, 17, 51, 32, 33, 34, 35, 36, 37, 17, 18, 19, 20, 17, 38, 42, 43, 44, 45, 46, 13, 47, 48, 17, 18, 19, 20, 17, 51, 32, 33, 34, 35, 38, 42, 43, 44, 45, 46, 13, 47, 48, 17, 18, 19, 20, 17, 51, 32, 33, 34, 35, 36, 37, 17, 18, 19, 20, 17, 38, 42, 43, 44, 45, 46, 13, 47, 50, 17, 18, 19, 20, 17, 51, 32, 33, 34, 35, 36, 37, 17, 18, 19, 20, 17, 38, 42, 43, 44, 45, 46, 13, 47, 48, 17, 18, 19, 20, 17, 51, 32, 33, 34, 35, 36, 37, 17, 18, 19, 20, 17, 38, 42, 43, 44, 45, 46, 13, 47, 48, 17, 18, 19, 20, 17, 51, 32, 33, 34, 35, 36, 37, 17, 18, 19, 20, 17, 38, 42, 43, 44, 45, 46, 13, 47, 48, 17, 18, 19, 20, 17, 51, 32, 33, 34, 35, 36, 37, 17, 18, 19, 20, 17, 38, 42, 43, 44, 45, 51, 32, 33, 34, 35, 36, 37, 17, 18, 19, 20, 17, 38, 42, 43, 44, 45, 46, 13, 47, 48, 17, 18, 19, 20, 17, 51, 32, 33, 34, 35, 36, 37, 17, 18, 19, 20, 17, 38, 42, 43, 44, 45, 46, 13, 47, 48, 17, 18, 19, 20, 17, 51, 32, 33, 34, 35, 36, 37, 17, 18, 19, 20, 17, 38, 42, 43, 44, 45, 46, 13, 47, 48, 17, 18, 19, 20, 17, 51, 32, 33, 34, 35, 38, 42, 43, 44, 45, 46, 13, 47, 48, 17, 18, 19, 20, 17, 51, 32, 33, 34, 35, 36, 37, 17, 18, 19, 20, 17, 38, 42, 43, 44, 45, 46, 13, 47, 50, 17, 18, 19, 20, 17, 51, 32, 33, 34, 35, 36, 37, 17, 18, 19, 20, 17, 38, 42, 43, 44, 45, 46, 13, 47, 50, 17, 18, 19, 20, 17, 51, 32, 33, 34, 35, 36, 37, 17, 18, 19, 20, 17, 38, 42, 43, 44, 45, 46, 13, 47, 48, 17, 18, 19, 20, 17, 51, 32, 33, 34, 35, 36, 37, 17, 18, 19, 20, 17, 38, 42, 43, 44, 45, 46, 13, 47, 48, 17, 18, 19, 20, 17, 51, 32, 33, 34, 35, 36, 37, 17, 18, 19, 20, 17, 38, 42, 43, 44, 45, 46, 13, 47, 48, 17, 18, 19, 20, 17, 51, 32, 33, 34, 35, 36, 37, 17, 18, 19, 20, 17, 38, 42, 43, 44, 45, 46, 13, 47, 48, 17, 18, 19, 20, 17, 51, 32, 33, 34, 35, 36, 37, 17, 18, 19, 20, 17, 38, 42, 43, 44, 45, 46, 13, 47, 48, 17, 18, 19, 20, 17, 51, 32, 33, 34, 35, 36, 37, 17, 18, 19, 20, 17, 38, 42, 43, 44, 45, 46, 13, 47, 48, 17, 18, 19, 20, 17, 51, 32, 33, 34, 35, 36, 37, 17, 18, 19, 20, 17, 38, 42, 43, 44, 45, 46, 13, 47, 50, 17, 18, 19, 20, 17, 51, 32, 33, 34, 35, 36, 37, 17, 18, 19, 20, 17, 38, 42, 43, 44, 45, 46, 13, 47, 48, 17, 18, 19, 20, 17, 51, 32, 33, 34, 35, 36, 37, 17, 18, 19, 20, 17, 38, 42, 43, 44, 45, 46, 13, 47, 48, 17, 18, 19, 20, 17, 51, 32, 33, 34, 35, 36, 37, 17, 18, 19, 20, 17, 38, 42, 43, 44, 45, 46, 13, 47, 48, 17, 18, 19, 20, 17, 51, 32, 33, 34, 35, 36, 37, 17, 18, 19, 20, 17, 38, 42, 43, 44, 45, 46, 13, 47, 48, 17, 18, 19, 20, 17, 51, 32, 33, 34, 35, 36, 37, 17, 18, 19, 20, 17, 38, 42, 43, 44, 45, 46, 13, 47, 50, 17, 18, 19, 20, 17, 51, 32, 33, 34, 35, 36, 37, 17, 18, 19, 20, 17, 38, 42, 43, 44, 45, 46, 13, 47, 48, 17, 18, 19, 20, 17, 51, 32, 33, 34, 35, 36, 37, 17, 18, 19, 20, 17, 38, 42, 43, 44, 45, 46, 13, 47, 48, 17, 18, 19, 20, 17, 51, 32, 33, 34, 35, 36, 37, 17, 18, 19, 20, 17, 38, 42, 43, 44, 45, 46, 13, 47, 50, 17, 18, 19, 20, 17, 51, 32, 33, 34, 35, 36, 37, 17, 18, 19, 20, 17, 38, 42, 43, 44, 45, 46, 13, 47, 48, 17, 18, 19, 20, 17, 51, 32, 33, 34, 35, 36, 37, 17, 18, 19, 20, 17, 38, 42, 43, 44, 45, 46, 13, 47, 48, 17, 18, 19, 20, 17, 51, 32, 33, 34, 35, 36, 37, 17, 18, 19, 20, 17, 38, 42, 43, 44, 45, 46, 13, 47, 48, 17, 18, 19, 20, 17, 51, 32, 33, 34, 35, 36, 37, 17, 18, 19, 20, 17, 38, 42, 43, 44, 45, 46, 13, 47, 48, 17, 18, 19, 20, 17, 51, 32, 33, 34, 35, 36, 37, 17, 18, 19, 20, 17, 38, 42, 43, 44, 45, 46, 13, 47, 50, 17, 18, 19, 20, 17, 51, 32, 33, 34, 35, 36, 37, 17, 18, 19, 20, 17, 38, 42, 43, 44, 45, 46, 13, 47, 48, 17, 18, 19, 20, 17, 51, 32, 33, 34, 35, 36, 37, 17, 18, 19, 20, 17, 38, 42, 43, 44, 45, 46, 13, 47, 48, 17, 18, 19, 20, 17, 51, 32, 33, 34, 35, 36, 37, 17, 18, 19, 20, 17, 38, 42, 43, 44, 45, 51, 32, 33, 34, 35, 36, 37, 17, 18, 19, 20, 17, 38, 42, 43, 44, 45, 46, 13, 47, 48, 17, 18, 19, 20, 17, 51, 32, 33, 34, 35, 36, 37, 17, 18, 19, 20, 17, 38, 42, 43, 44, 45, 51, 32, 33, 34, 35, 36, 37, 17, 18, 19, 20, 17, 38, 42, 43, 44, 45, 46, 13, 47, 48, 17, 18, 19, 20, 17, 51, 32, 33, 34, 35, 38, 42, 43, 44, 45, 46, 13, 47, 48, 17, 18, 19, 20, 17, 51, 32, 33, 34, 35, 36, 37, 17, 18, 19, 20, 17, 38, 42, 43, 44, 45, 46, 13, 47, 50, 17, 18, 19, 20, 17, 51, 32, 33, 34, 35, 36, 37, 17, 18, 19, 20, 17, 38, 42, 43, 44, 45, 46, 13, 47, 50, 17, 18, 19, 20, 17, 51, 32, 33, 34, 35, 36, 37, 17, 18, 19, 20, 17, 38, 42, 43, 44, 45, 46, 13, 47, 50, 17, 18, 19, 20, 17, 51, 32, 33, 34, 35, 36, 37, 17, 18, 19, 20, 17, 38, 42, 43, 44, 45, 46, 13, 47, 48, 17, 18, 19, 20, 17, 51, 32, 33, 34, 35, 36, 37, 17, 18, 19, 20, 17, 38, 42, 43, 44, 45, 46, 13, 47, 48, 17, 18, 19, 20, 17, 51, 32, 33, 34, 35, 36, 37, 17, 18, 19, 20, 17, 38, 42, 43, 44, 45, 46, 13, 47, 50, 17, 18, 19, 20, 17, 51, 32, 33, 34, 35, 36, 37, 17, 18, 19, 20, 17, 38, 42, 43, 44, 45, 46, 13, 47, 50, 17, 18, 19, 20, 17, 51, 32, 33, 34, 35, 36, 37, 17, 18, 19, 20, 17, 38, 32, 33, 34, 35, 36, 37, 17, 18, 19, 20, 17, 38, 42, 43, 44, 45, 46, 13, 47, 48, 17, 18, 19, 20, 17, 51, 82, 79, 83, 88, 32, 42, 89, )]",False,0.0005051428770499656
checkpoint-synchronization,Concurrency_prepared,"[15, 16, 17, 18, 19, 3, 4, 20, 3, 4, 21, 3, 4, (, 5, 6, 7, 5, 6, 7, 5, 6, 7,), 9, 10, 11, 12, 9, 10, 11, 12, 9, 10, 11, 12, 22, 23, 24]","[15, 16, 17, 18, (, 19, 3, 4, 5, 20, 3, 4, 5, 21, 3, 4, 5, 22, 6, 7, 6, 7, 6, 7, 9, 10, 11, 9, 10, 11, 9, 10, 11, 12, 23, 12, 24, 12, )]",False,0.8229166666666666
checkpoint-synchronization,Concurrency_prepared,"[16, 17, 18, 19, 20, 3, 4, 22, 3, 4, 23, 3, 4, 5, 6, 7, 5, 6, 7, 5, 6, 7, 25, 26, 27]","[16, 17, 18, 19, (, 20, 3, 4, 5, 22, 3, 4, 5, 23, 3, 4, 5, 25, 6, 7, 6, 7, 6, 7, 9, 10, 11, 9, 10, 11, 9, 10, 11, 12, 26, 12, 27, )]",False,0.6973684210526315
checkpoint-synchronization,Concurrency_prepared,"[16, 17, 18, 19, 20, 21, (, 3, 4, 23, 3, 4, 24, 3, 4, 25, 3, 4, 5, 6, 7, 5, 6, 7, 5, 6, 7, 5, 6, 7, 10, 11, 12, 10, 11, 12, 10, 11, 12, 10, 11, 12,), 27, 28, 29, 30]","[16, 17, 18, 19, 20, (, 21, 3, 4, 5, 23, 3, 4, 5, 24, 3, 4, 5, 25, 3, 4, 5, 27, 6, 7, 6, 7, 6, 7, 6, 7, 9, 10, 11, 9, 10, 11, 9, 10, 11, 9, 10, 11, 12, 28, 29, 30, )]",False,0.6553191489361702
checkpoint-synchronization,Concurrency_prepared,[],"[16, 17, 18, 19, 20, 21, (, 22, 3, 4, 5, 24, 3, 4, 5, 25, 3, 4, 5, 26, 3, 4, 5, 27, 3, 4, 5, 29, 6, 7, 6, 7, 6, 7, 6, 7, 6, 7, 9, 10, 11, 9, 10, 11, 9, 10, 11, 9, 10, 11, 9, 10, 11, 12, 30, 12, 31, 32, 33, )]",False,0.0
checkpoint-synchronization,Concurrency_prepared,"[16, 17, 18, 19, 20, 21, 22, 23, 4, 5, 6, 25, 4, 5, 6, 26, 4, 5, 6, 27, 4, 5, 6, 28, 4, 5, 6, 29, 4, 5, 6, 7, 7, 7, 7, 7, 7, 10, 11, 12, 10, 11, 12, 10, 11, 12, 10, 11, 12, 10, 11, 12, 10, 11, 12, 30, 31, 32, 33, 34, 35]","[16, 17, 18, 19, 20, 21, 22, (, 23, 3, 4, 5, 25, 3, 4, 5, 26, 3, 4, 5, 27, 3, 4, 5, 28, 3, 4, 5, 29, 3, 4, 5, 30, 6, 7, 6, 7, 6, 7, 6, 7, 6, 7, 6, 7, 9, 10, 11, 9, 10, 11, 9, 10, 11, 9, 10, 11, 9, 10, 11, 9, 10, 11, 12, 31, 12, 32, 12, 33, 34, 35, 12, )]",False,0.7869822485207101
concurrent-computing-1,Concurrency_prepared,"[12, 2, 6, 7, (, 4, 4, )]","[12, 2, 3, 6, (, 7, 4, )]",False,0.8125
concurrent-computing-1,Concurrency_prepared,"[10, 1, 2, 5, 6, (, 4, 4, 4, ),]","[10, 2, 3, 5, (, 6, 4, )]",False,0.7222222222222222
concurrent-computing-1,Concurrency_prepared,"[10, 2, 3, 4, 3, 4, 3, 4, 3, 4]","[10, 2, 3, 5, (, 6, 4, )]",False,0.6111111111111112
concurrent-computing-1,Concurrency_prepared,"[10, 1, 2, 5, 6, (, 4, 4, 4, 4, 4, ),]","[10, 2, 3, 5, (, 6, 4, )]",False,0.65
concurrent-computing-1,Concurrency_prepared,"[9, 2, 5, 6, (, 4, 4, 4, 4, 4, 4, 4, )]","[9, 2, 3, 5, (, 6, 4, )]",False,0.6
CountEvenOdd,Concurrency_prepared,"[13, 14, 16, 17, 19, (, 21, 2, 3, 4, 8, 9, 10, 23, 24,), 27, 28]","[13, 14, 16, 17, (, 19, 2, 3, 4, 21, 8, 9, 10, 23, ), 24, 27, 28]",False,0.8695652173913043
CountEvenOdd,Concurrency_prepared,"[13, 14, 16, 17, 19, (, 21, 2, 3, 4, 8, 9, 10, 23, 24,), 27, 28]","[13, 14, 16, 17, (, 19, 2, 3, 4, 21, 8, 9, 10, 23, ), 24, 27, 28]",False,0.8695652173913043
CountEvenOdd,Concurrency_prepared,"[13, 14, 16, 17, 18, (, 20, 2, 3, 4, 22, 8, 9, 10, 23, 2, 3, 4, 25, 26, 27,), 30, 31]","[13, 14, 16, 17, 18, (, 20, 2, 3, 4, 22, 8, 9, 10, 23, 2, 3, 4, 25, 26, ), 27, 30, 31]",False,0.9672131147540983
CountEvenOdd,Concurrency_prepared,"[16, 17, 19, 20, 21, 22, (, 24, 5, 6, 7, 26, 11, 12, 13, 27, 5, 6, 7, 28, 11, 12, 13, 30, 31, 32, 33,), 37, 38]","[16, 17, 19, 20, 21, 22, (, 24, 5, 6, 7, 26, 11, 12, 13, 27, 5, 6, 7, 28, 11, 12, 13, 30, 31, 32, ), 33, 37, 38]",False,0.9753086419753086
CountEvenOdd,Concurrency_prepared,"[13, 14, 16, 17, 18, 19, (, 21, 23, 24, 25, 2, 3, 4, 8, 9, 10, 2, 3, 4, 8, 9, 10, 2, 3, 4, 8, 9, 10, 2, 3, 4, 27, 28, 29, 30,), 34, 35]","[13, 14, 16, 17, 18, 19, (, 21, 2, 3, 4, 23, 8, 9, 10, 24, 2, 3, 4, 25, 8, 9, 10, 27, 28, 29, ), 30, 34, 35]",False,0.7976878612716763
determine-if-only-one-instance-is-running,Concurrency_prepared,"[20, 21, (, 25, 26, 10, 4, 5, 6, 11, 27, 12, 26, 10, 4, 5, 6, 11, 27, 12, 26, 10, 4, 5, 6, 11, 27, 12, 26, 10, 4, 5, 6, 11, 27, 12, 26, 10, 4, 5, 6, 11, 27, 12, 13, 29,), 31]","[16, 17, 20, (, 21, 9, 10, 4, 5, 4, 5, 4, 5, 4, 6, 4, 25, 26, 27, 6, 4, 11, 12, 25, 26, 27, 9, 10, 4, 5, 4, 5, 4, 5, 4, 6, 4, 6, 4, 11, 12, 25, 26, 27, 9, 10, 4, 5, 4, 5, 4, 5, 4, 6, 4, 6, 4, 11, 12, 25, 26, 27, 9, 10, 4, 5, 4, 5, 4, 5, 4, 6, 4, 6, 4, 11, 12, 25, 26, 27, 9, 10, 4, 5, 4, 5, 4, 5, 4, 6, 4, 6, 4, 11, 12, 25, ), 29, 9, 13, 31]",False,0.5643835616438356
determine-if-only-one-instance-is-running,Concurrency_prepared,"[20, 21, (, 25, 26, 10, 4, 5, 6, 11, 27, 12, 26, 10, 4, 5, 6, 11, 27, 12, 26, 10, 4, 5, 6, 11, 27, 12, 26, 10, 4, 5, 6, 11, 27, 13, 29,), 31]","[16, 17, 20, (, 21, 9, 10, 4, 5, 4, 5, 4, 5, 4, 6, 4, 25, 26, 27, 6, 4, 11, 12, 25, 26, 27, 9, 10, 4, 5, 4, 5, 4, 5, 4, 6, 4, 6, 4, 11, 12, 25, 26, 27, 9, 10, 4, 5, 4, 5, 4, 5, 4, 6, 4, 6, 4, 11, 12, 25, 26, 27, 9, 10, 4, 5, 4, 5, 4, 5, 4, 6, 4, 6, 4, 11, 12, 25, ), 29, 9, 13, 31]",False,0.5551839464882943
determine-if-only-one-instance-is-running,Concurrency_prepared,"[20, 21, (, 25, 26, 10, 4, 5, 6, 11, 27, 12, 26, 10, 4, 5, 6, 11, 27, 12, 26, 10, 4, 5, 6, 11, 27, 12, 26, 10, 4, 5, 6, 11, 27, 12, 26, 10, 4, 5, 6, 11, 27, 12, 13, 29,), 31]","[16, 17, 20, (, 21, 9, 10, 4, 5, 4, 5, 4, 5, 4, 6, 4, 25, 26, 27, 6, 4, 11, 12, 25, 26, 27, 9, 10, 4, 5, 4, 5, 4, 5, 4, 6, 4, 6, 4, 11, 12, 25, 26, 27, 9, 10, 4, 5, 4, 5, 4, 5, 4, 6, 4, 6, 4, 11, 12, 25, 26, 27, 9, 10, 4, 5, 4, 5, 4, 5, 4, 6, 4, 6, 4, 11, 12, 25, 26, 27, 9, 10, 4, 5, 4, 5, 4, 5, 4, 6, 4, 6, 4, 11, 12, 25, 26, 27, 9, 10, 4, 5, 4, 5, 4, 5, 4, 6, 4, 6, 4, 11, 12, 25, ), 29, 9, 13, 31]",False,0.5208845208845209
determine-if-only-one-instance-is-running,Concurrency_prepared,"[20, 21, (, 25, 26, 10, 4, 5, 6, 11, 27, 12, 26, 10, 4, 5, 6, 11, 27, 12, 26, 10, 4, 5, 6, 11, 27, 13, 29,), 31]","[16, 17, 20, (, 21, 9, 10, 4, 5, 4, 5, 4, 5, 4, 6, 4, 25, 26, 27, 6, 4, 11, 12, 25, 26, 27, 9, 10, 4, 5, 4, 5, 4, 5, 4, 6, 4, 6, 4, 11, 12, 25, 26, 27, 9, 10, 4, 5, 4, 5, 4, 5, 4, 6, 4, 6, 4, 11, 12, 25, ), 29, 9, 13, 31]",False,0.5508474576271186
determine-if-only-one-instance-is-running,Concurrency_prepared,"[20, 21, 24, 25, (, 28, 29, 30, 10, 4, 5, 6, 11, 12, 29, 30, 10, 4, 5, 6, 11, 12, 29, 30, 10, 4, 5, 6, 11, 12, 29, 30, 10, 4, 5, 6, 11, 12, 29, 30, 10, 4, 5, 6, 11, 12, 29, 30, 10, 4, 5, 6, 11, 12, 13, 13, 32, 33,), 35]","[16, 17, 20, (, 21, 9, 10, 4, 5, 4, 5, 4, 5, 4, 6, 4, 24, 25, 9, 10, 4, 5, 4, 5, 4, 5, 4, 6, 4, 28, 29, 30, 6, 4, 11, 12, 6, 4, 11, 12, 28, 29, 30, 9, 10, 4, 5, 4, 5, 4, 5, 4, 6, 4, 9, 10, 4, 5, 4, 5, 4, 5, 4, 6, 4, 6, 4, 11, 12, 6, 4, 11, 12, 28, 29, 30, 9, 10, 4, 5, 4, 5, 4, 5, 4, 6, 4, 9, 10, 4, 5, 4, 5, 4, 5, 4, 6, 4, 6, 4, 11, 12, 6, 4, 11, 12, 28, 29, 30, 9, 10, 4, 5, 4, 5, 4, 5, 4, 6, 4, 9, 10, 4, 5, 4, 5, 4, 5, 4, 6, 4, 6, 4, 11, 12, 6, 4, 11, 12, 28, 29, 30, 9, 10, 4, 5, 4, 5, 4, 5, 4, 6, 4, 9, 10, 4, 5, 4, 5, 4, 5, 4, 6, 4, 6, 4, 11, 12, 6, 4, 11, 12, 28, 29, 30, 9, 10, 4, 5, 4, 5, 4, 5, 4, 6, 4, 9, 10, 4, 5, 4, 5, 4, 5, 4, 6, 4, 6, 4, 11, 12, 6, 4, 11, 12, 28, 32, 9, 13, 9, 13, ), 33, 35]",False,0.41411042944785276
dining-philosophers-1,Concurrency_prepared,"[43, 44, 45, 47, 48, 48, 49, 50, 52, 53, 53, (, 12, 13, 14, 15, 19, 20, 22, 23, 24, 25, 33, 37, 38, 39, 40, 34, 35, 16, 12, 13, 14, 15, 19, 20, 22, 23, 24, 25, 33, 37, 38, 39, 40, 34, 35, 16, 12, 13, 14, 15, 19, 20, 22, 23, 24, 25, 33, 37, 38, 39, 40, 34, 35, 16, 17, 55, 56, 56, ), 57]","[43, 44, 45, 47, 49, 47, 49, 48, 4, 5, 6, 7, 8, 9, 47, 49, 48, 4, 5, 6, 7, 8, 9, 47, 52, (, 53, 12, 13, 52, 53, 12, 13, 52, 55, ), 56, 14, 15, 20, 22, 23, 24, 25, 26, 33, 38, 39, 40, 34, 35, 16, 12, 13, 14, 15, 20, 22, 23, 24, 25, 26, 33, 38, 39, 14, 15, 20, 22, 23, 40, 34, 35, 16, 12, 13, 24, 25, 26, 33, 38, 39, 40, 34, 35, 16, 12, 13, 14, 15, 20, 22, 23, 24, 25, 26, 33, 38, 39, 14, 15, 20, 22, 23, 40, 34, 35, 16, 12, 17, 55, 56, 24, 25, 26, 33, 38, 39, 40, 34, 35, 16, 12, 13, 14, 15, 20, 22, 23, 24, 25, 26, 33, 38, 39, 40, 34, 35, 16, 12, 17, 55, 58]",False,0.06379585326953748
dining-philosophers-1,Concurrency_prepared,"[43, 44, 45, 47, 48, 48, 49, 50, 52, 53, 53, (, 12, 13, 14, 15, 19, 20, 22, 23, 24, 25, 33, 37, 38, 39, 40, 34, 35, 16, 12, 13, 14, 15, 19, 20, 22, 23, 24, 25, 33, 37, 38, 39, 40, 34, 35, 16, 12, 13, 14, 15, 19, 20, 22, 23, 24, 25, 33, 37, 38, 39, 40, 34, 35, 16, 12, 13, 14, 15, 19, 20, 22, 23, 24, 25, 33, 37, 38, 39, 40, 34, 35, 16, 17, 12, 13, 14, 15, 19, 20, 22, 23, 24, 25, 33, 37, 38, 39, 40, 34, 35, 16, 12, 13, 14, 15, 19, 20, 22, 23, 24, 25, 33, 37, 38, 39, 40, 34, 35, 16, 12, 13, 14, 15, 19, 20, 22, 23, 24, 25, 33, 37, 38, 39, 40, 34, 35, 16, 17, 55, 56, 56, ), 58]","[43, 44, 45, 47, 49, 47, 49, 48, 4, 5, 6, 7, 8, 9, 47, 49, 48, 4, 5, 6, 7, 8, 9, 47, 52, (, 53, 12, 13, 52, 53, 12, 13, 52, 55, ), 56, 14, 15, 20, 22, 23, 24, 25, 26, 33, 38, 39, 40, 34, 35, 16, 12, 13, 14, 15, 20, 22, 23, 24, 25, 26, 33, 38, 39, 14, 15, 20, 22, 23, 40, 34, 35, 16, 12, 13, 24, 25, 26, 33, 38, 39, 40, 34, 35, 16, 12, 13, 14, 15, 20, 22, 23, 24, 25, 26, 33, 38, 39, 40, 34, 35, 16, 12, 13, 14, 15, 20, 22, 23, 24, 25, 26, 33, 38, 39, 40, 34, 35, 16, 12, 13, 14, 15, 20, 22, 23, 24, 25, 26, 33, 38, 39, 40, 34, 35, 16, 12, 13, 14, 15, 20, 22, 23, 24, 25, 26, 33, 38, 39, 14, 15, 20, 22, 23, 40, 34, 35, 16, 12, 13, 24, 25, 26, 33, 38, 39, 40, 34, 35, 16, 12, 13, 14, 15, 20, 22, 23, 24, 25, 26, 33, 38, 39, 14, 15, 20, 22, 23, 40, 34, 35, 16, 12, 17, 55, 56, 24, 25, 26, 33, 38, 39, 40, 34, 35, 16, 12, 17, 55, 58]",False,0.0380952380952381
dining-philosophers-1,Concurrency_prepared,"[43, 44, 45, 47, 48, 48, 52, 53, 53, 11, 12, 13, 14, 15, 19, 20, 22, 23, 24, 25, 33, 37, 38, 39, 40, 34, 35, 16, 12, 13, 14, 15, 19, 20, 22, 23, 24, 25, 33, 37, 38, 39, 40, 34, 35, 16, 12, 13, 14, 15, 19, 20, 22, 23, 24, 25, 33, 37, 38, 39, 40, 34, 35, 16, 12, 13, 14, 15, 19, 20, 22, 23, 24, 25, 33, 37, 38, 39, 40, 34, 35, 16, 12, 13, 14, 15, 19, 20, 22, 23, 24, 25, 33, 37, 38, 39, 40, 34, 35, 16, 17, 54, 56, 57, 57, 58]","[43, 44, 45, 47, 49, 47, 49, 48, 4, 5, 6, 7, 8, 9, 47, 49, 48, 4, 5, 6, 7, 8, 9, 47, 52, (, 53, 12, 13, 54, 52, 53, 12, 13, 54, 14, 15, 20, 22, 23, 24, 25, 26, 33, 38, 39, 52, 56, ), 57, 40, 34, 35, 16, 12, 13, 14, 15, 20, 22, 23, 24, 25, 26, 33, 38, 39, 40, 34, 35, 16, 12, 13, 14, 15, 20, 22, 23, 24, 25, 26, 33, 38, 39, 14, 15, 20, 22, 23, 40, 34, 35, 16, 12, 13, 24, 25, 26, 33, 38, 39, 40, 34, 35, 16, 12, 13, 14, 15, 20, 22, 23, 24, 25, 26, 33, 38, 39, 14, 15, 20, 22, 23, 40, 34, 35, 16, 12, 13, 24, 25, 26, 33, 38, 39, 40, 34, 35, 16, 12, 13, 14, 15, 20, 22, 23, 24, 25, 26, 33, 38, 39, 14, 15, 20, 22, 23, 40, 34, 35, 16, 12, 13, 24, 25, 26, 33, 38, 39, 14, 15, 20, 22, 23, 40, 34, 35, 16, 12, 13, 24, 25, 26, 33, 38, 39, 40, 34, 35, 16, 12, 13, 14, 15, 20, 22, 23, 24, 25, 26, 33, 38, 39, 14, 15, 20, 22, 23, 40, 34, 35, 16, 12, 17, 56, 57, 24, 25, 26, 33, 38, 39, 40, 34, 35, 16, 12, 13, 14, 15, 20, 22, 23, 24, 25, 26, 33, 38, 39, 40, 34, 35, 16, 12, 17, 56, 59]",False,0.024928092042186004
dining-philosophers-1,Concurrency_prepared,"[47, 48, 49, 52, 52, 56, 57, 57, (, 18, 27, 28, 29, 42, 43, 44, 38, 39, 20, 18, 27, 28, 29, 42, 43, 44, 38, 39, 20, 18, 27, 28, 29, 42, 43, 44, 38, 39, 20, 21, 18, 27, 28, 29, 42, 43, 44, 38, 39, 20, 18, 27, 28, 29, 42, 43, 44, 38, 39, 20, 21, 18, 27, 28, 29, 42, 43, 44, 38, 39, 20, 18, 27, 28, 29, 42, 43, 44, 38, 39, 20, 21,), 59, 60, 60, 62]","[47, 48, 49, 51, 53, 51, 53, 52, 8, 9, 10, 11, 12, 13, 51, 53, 52, 8, 9, 10, 11, 12, 13, 51, 56, (, 57, 16, 21, 56, 57, 16, 21, 56, 59, ), 60, 59, 60, 59, 62]",False,0.0855614973262032
dining-philosophers-1,Concurrency_prepared,"[47, 48, 49, 52, 52, 56, 57, 57, 58, (, 18, 27, 28, 29, 42, 43, 44, 38, 39, 20, 18, 27, 28, 29, 42, 43, 44, 38, 39, 20, 18, 27, 28, 29, 42, 43, 44, 38, 39, 20, 18, 27, 28, 29, 42, 43, 44, 38, 39, 20, 18, 27, 28, 29, 42, 43, 44, 38, 39, 20, 18, 27, 28, 29, 42, 43, 44, 38, 39, 20, 18, 27, 28, 29, 42, 43, 44, 38, 39, 20, 18, 27, 28, 29, 42, 43, 44, 38, 39, 20, 18, 27, 28, 29, 42, 43, 44, 38, 39, 20, 18, 27, 28, 29, 42, 43, 44, 38, 39, 20, 18, 27, 28, 29, 42, 43, 44, 38, 39, 20, 18, 27, 28, 29, 42, 43, 44, 38, 39, 20, 18, 27, 28, 29, 42, 43, 44, 38, 39, 20, 18, 27, 28, 29, 42, 43, 44, 38, 39, 20, 18, 27, 28, 29, 42, 43, 44, 38, 39, 20, 18, 27, 28, 29, 42, 43, 44, 38, 39, 20, 18, 27, 28, 29, 42, 43, 44, 38, 39, 20, 18, 27, 28, 29, 42, 43, 44, 38, 39, 20, 18, 27, 28, 29, 42, 43, 44, 38, 39, 20, 18, 27, 28, 29, 42, 43, 44, 38, 39, 20, 18, 27, 28, 29, 42, 43, 44, 38, 39, 20, 18, 27, 28, 29, 42, 43, 44, 38, 39, 20, 18, 27, 28, 29, 42, 43, 44, 38, 39, 20, 18, 27, 28, 29, 42, 43, 44, 38, 39, 20, 18, 27, 28, 29, 42, 43, 44, 38, 39, 20, 18, 27, 28, 29, 42, 43, 44, 38, 39, 20, 18, 27, 28, 29, 42, 43, 44, 38, 39, 20, 18, 27, 28, 29, 42, 43, 44, 38, 39, 20, 18, 27, 28, 29, 42, 43, 44, 38, 39, 20, 18, 27, 28, 29, 42, 43, 44, 38, 39, 20, 18, 27, 28, 29, 42, 43, 44, 38, 39, 20, 18, 27, 28, 29, 42, 43, 44, 38, 39, 20, 18, 27, 28, 29, 42, 43, 44, 38, 39, 20, 18, 27, 28, 29, 42, 43, 44, 38, 39, 20, 18, 27, 28, 29, 42, 43, 44, 38, 39, 20, 18, 27, 28, 29, 42, 43, 44, 38, 39, 20, 18, 27, 28, 29, 42, 43, 44, 38, 39, 20, 18, 27, 28, 29, 42, 43, 44, 38, 39, 20, 18, 27, 28, 29, 42, 43, 44, 38, 39, 20, 18, 27, 28, 29, 42, 43, 44, 38, 39, 20, 18, 27, 28, 29, 42, 43, 44, 38, 39, 20, 18, 27, 28, 29, 42, 43, 44, 38, 39, 20, 18, 27, 28, 29, 42, 43, 44, 38, 39, 20, 18, 27, 28, 29, 42, 43, 44, 38, 39, 20, 18, 27, 28, 29, 42, 43, 44, 38, 39, 20, 18, 27, 28, 29, 42, 43, 44, 38, 39, 20, 18, 27, 28, 29, 42, 43, 44, 38, 39, 20, 18, 27, 28, 29, 42, 43, 44, 38, 39, 20, 18, 27, 28, 29, 42, 43, 44, 38, 39, 20, 18, 27, 28, 29, 42, 43, 44, 38, 39, 20, 18, 27, 28, 29, 42, 43, 44, 38, 39, 20, 18, 27, 28, 29, 42, 43, 44, 38, 39, 20, 18, 27, 28, 29, 42, 43, 44, 38, 39, 20, 18, 27, 28, 29, 42, 43, 44, 38, 39, 20, 18, 27, 28, 29, 42, 43, 44, 38, 39, 20, 18, 27, 28, 29, 42, 43, 44, 38, 39, 20, 18, 27, 28, 29, 42, 43, 44, 38, 39, 20, 18, 27, 28, 29, 42, 43, 44, 38, 39, 20, 18, 27, 28, 29, 42, 43, 44, 38, 39, 20, 18, 27, 28, 29, 42, 43, 44, 38, 39, 20, 18, 27, 28, 29, 42, 43, 44, 38, 39, 20, 18, 27, 28, 29, 42, 43, 44, 38, 39, 20, 18, 27, 28, 29, 42, 43, 44, 38, 39, 20, 18, 27, 28, 29, 42, 43, 44, 38, 39, 20, 18, 27, 28, 29, 42, 43, 44, 38, 39, 20, 18, 27, 28, 29, 42, 43, 44, 38, 39, 20, 18, 27, 28, 29, 42, 43, 44, 38, 39, 20, 18, 27, 28, 29, 42, 43, 44, 38, 39, 20, 18, 27, 28, 29, 42, 43, 44, 38, 39, 20, 18, 27, 28, 29, 42, 43, 44, 38, 39, 20, 18, 27, 28, 29, 42, 43, 44, 38, 39, 20, 18, 27, 28, 29, 42, 43, 44, 38, 39, 20, 18, 27, 28, 29, 42, 43, 44, 38, 39, 20, 18, 27, 28, 29, 42, 43, 44, 38, 39, 20, 18, 27, 28, 29, 42, 43, 44, 38, 39, 20, 18, 27, 28, 29, 42, 43, 44, 38, 39, 20, 18, 27, 28, 29, 42, 43, 44, 38, 39, 20, 18, 27, 28, 29, 42, 43, 44, 38, 39, 20, 18, 27, 28, 29, 42, 43, 44, 38, 39, 20, 18, 27, 28, 29, 42, 43, 44, 38, 39, 20, 18, 27, 28, 29, 42, 43, 44, 38, 39, 20, 18, 27, 28, 29, 42, 43, 44, 38, 39, 20, 18, 27, 28, 29, 42, 43, 44, 38, 39, 20, 18, 27, 28, 29, 42, 43, 44, 38, 39, 20, 18, 27, 28, 29, 42, 43, 44, 38, 39, 20, 18, 27, 28, 29, 42, 43, 44, 38, 39, 20, 18, 27, 28, 29, 42, 43, 44, 38, 39, 20, 18, 27, 28, 29, 42, 43, 44, 38, 39, 20, 18, 27, 28, 29, 42, 43, 44, 38, 39, 20, 18, 27, 28, 29, 42, 43, 44, 38, 39, 20, 18, 27, 28, 29, 42, 43, 44, 38, 39, 20, 18, 27, 28, 29, 42, 43, 44, 38, 39, 20, 18, 27, 28, 29, 42, 43, 44, 38, 39, 20, 18, 27, 28, 29, 42, 43, 44, 38, 39, 20, 18, 27, 28, 29, 42, 43, 44, 38, 39, 20, 18, 27, 28, 29, 42, 43, 44, 38, 39, 20, 18, 27, 28, 29, 42, 43, 44, 38, 39, 20, 18, 27, 28, 29, 42, 43, 44, 38, 39, 20, 18, 27, 28, 29, 42, 43, 44, 38, 39, 20, 18, 27, 28, 29, 42, 43, 44, 38, 39, 20, 18, 27, 28, 29, 42, 43, 44, 38, 39, 20, 18, 27, 28, 29, 4]","[47, 48, 49, 51, 53, 51, 53, 52, 8, 9, 10, 11, 12, 13, 51, 53, 52, 8, 9, 10, 11, 12, 13, 51, 56, (, 57, 16, 17, 58, 56, 57, 16, 17, 58, 56, 60, ), 61, 18, 19, 24, 26, 27, 28, 29, 30, 37, 42, 43, 44, 38, 39, 20, 16, 17, 18, 19, 24, 26, 27, 28, 29, 30, 37, 42, 43, 44, 38, 39, 20, 16, 17, 18, 19, 24, 26, 27, 28, 29, 30, 37, 42, 43, 18, 19, 24, 26, 27, 44, 38, 39, 20, 16, 17, 28, 29, 30, 37, 42, 43, 44, 38, 39, 20, 16, 17, 18, 19, 24, 26, 27, 28, 29, 30, 37, 42, 43, 18, 19, 24, 26, 27, 44, 38, 39, 20, 16, 17, 28, 29, 30, 37, 42, 43, 44, 38, 39, 20, 16, 17, 18, 19, 24, 26, 27, 28, 29, 30, 37, 42, 43, 18, 19, 24, 26, 27, 44, 38, 39, 20, 16, 17, 28, 29, 30, 37, 42, 43, 18, 19, 24, 26, 27, 44, 38, 39, 20, 16, 17, 28, 29, 30, 37, 42, 43, 18, 19, 24, 26, 27, 44, 38, 39, 20, 16, 17, 28, 29, 30, 37, 42, 43, 44, 38, 39, 20, 16, 17, 18, 19, 24, 26, 27, 28, 29, 30, 37, 42, 43, 18, 19, 24, 26, 27, 44, 38, 39, 20, 16, 17, 28, 29, 30, 37, 42, 43, 18, 19, 24, 26, 27, 44, 38, 39, 20, 16, 17, 28, 29, 30, 37, 42, 43, 44, 38, 39, 20, 16, 17, 18, 19, 24, 26, 27, 28, 29, 30, 37, 42, 43, 18, 19, 24, 26, 27, 44, 38, 39, 20, 16, 17, 28, 29, 30, 37, 42, 43, 18, 19, 24, 26, 27, 44, 38, 39, 20, 16, 17, 28, 29, 30, 37, 42, 43, 44, 38, 39, 20, 16, 17, 18, 19, 24, 26, 27, 28, 29, 30, 37, 42, 43, 18, 19, 24, 26, 27, 44, 38, 39, 20, 16, 17, 28, 29, 30, 37, 42, 43, 18, 19, 24, 26, 27, 44, 38, 39, 20, 16, 21, 60, 61, 28, 29, 30, 37, 42, 43, 44, 38, 39, 20, 16, 17, 18, 19, 24, 26, 27, 28, 29, 30, 37, 42, 43, 44, 38, 39, 20, 16, 21, 60, 63]",False,0.00854295206454675
factorial,Concurrency_prepared,"[29, 30, 32, 33, (, 35, 13, 22, 23, 24, 25, 26, 37, 13, 14, 15, 16, 17, 39, 40,), 43, 44]","[29, 30, 32, 33, (, 35, 12, 13, 14, 13, 14, 15, 5, 8, 5, 8, 5, 8, 5, 8, 5, 8, 5, 8, 5, 8, 5, 6, 13, 14, 13, 14, 15, 5, 8, 5, 8, 5, 8, 5, 8, 5, 8, 5, 8, 5, 8, 5, 8, 5, 8, 5, 6, 13, 14, 13, 14, 15, 5, 8, 5, 8, 5, 8, 5, 8, 5, 8, 5, 8, 5, 8, 5, 8, 5, 8, 5, 8, 5, 8, 5, 6, 13, 16, 17, 37, 21, 22, 23, 24, 5, 8, 5, 8, 5, 8, 5, 8, 5, 8, 5, 8, 5, 6, 22, 23, 22, 23, 24, 5, 8, 5, 8, 5, 8, 5, 8, 5, 8, 5, 8, 5, 8, 5, 8, 5, 6, 22, 23, 22, 23, 24, 5, 8, 5, 8, 5, 8, 5, 8, 5, 8, 5, 8, 5, 8, 5, 8, 5, 8, 5, 8, 5, 6, 22, 23, 22, 25, 26, 39, ), 40, 43, 44]",False,0.20861678004535147
factorial,Concurrency_prepared,"[29, 30, 32, 34, (, 36, 13, 22, 23, 24, 25, 26, 37, 13, 14, 15, 16, 17, 13, 22, 23, 24, 25, 26, 13, 14, 15, 16, 17, 13, 22, 23, 24, 25, 26, 13, 14, 15, 16, 17, 39, 40,), 43, 44]","[29, 30, (, 32, 34, 36, 12, 13, 14, 13, 14, 15, 5, 8, 5, 8, 5, 8, 5, 8, 5, 8, 5, 8, 5, 8, 5, 8, 5, 8, 5, 8, 5, 8, 5, 8, 5, 8, 5, 6, 13, 14, 13, 14, 15, 5, 8, 5, 8, 5, 8, 5, 8, 5, 8, 5, 8, 5, 8, 5, 8, 5, 8, 5, 8, 5, 8, 5, 8, 5, 8, 5, 8, 5, 8, 5, 6, 13, 14, 13, 14, 15, 5, 8, 5, 8, 5, 8, 5, 8, 5, 8, 5, 8, 5, 8, 5, 8, 5, 8, 5, 8, 5, 8, 5, 8, 5, 8, 5, 8, 5, 8, 5, 8, 5, 8, 5, 6, 13, 16, 17, 37, 21, 22, 23, 24, 5, 8, 5, 8, 5, 8, 5, 8, 5, 8, 5, 8, 5, 8, 5, 8, 5, 8, 5, 8, 5, 8, 5, 8, 5, 6, 22, 23, 22, 23, 24, 5, 8, 5, 8, 5, 8, 5, 8, 5, 8, 5, 8, 5, 8, 5, 8, 5, 8, 5, 8, 5, 8, 5, 8, 5, 8, 5, 8, 5, 6, 22, 23, 22, 23, 24, 5, 8, 5, 8, 5, 8, 5, 8, 5, 8, 5, 8, 5, 8, 5, 8, 5, 8, 5, 8, 5, 8, 5, 8, 5, 8, 5, 8, 5, 8, 5, 8, 5, 6, 22, 23, 22, 25, 26, 39, ), 40, 43, 44]",False,0.24270353302611367
factorial,Concurrency_prepared,"[29, 30, 32, 33, (, 35, 13, 22, 14, 5, 6, 15, 13, 22, 23, 5, 6, 24, 13, 22, 23, 5, 6, 24, 13, 22, 14, 5, 6, 15, 13, 22, 14, 5, 6, 15, 13, 22, 14, 5, 6, 15, 16, 17, 37, 22, 23, 5, 6, 24, 22, 23, 5, 6, 24, 22, 23, 5, 6, 24, 22, 23, 5, 6, 24, 22, 23, 5, 6, 24, 25, 26, 39, 40,), 43, 44]","[29, 30, 32, 33, (, 35, 12, 13, 14, 13, 14, 15, 5, 8, 5, 8, 5, 8, 5, 8, 5, 8, 5, 8, 5, 8, 5, 8, 5, 8, 5, 8, 5, 8, 5, 8, 5, 8, 5, 8, 5, 8, 5, 8, 5, 8, 5, 8, 5, 8, 5, 6, 13, 14, 13, 14, 15, 5, 8, 5, 8, 5, 8, 5, 8, 5, 8, 5, 8, 5, 8, 5, 8, 5, 8, 5, 8, 5, 8, 5, 8, 5, 8, 5, 8, 5, 8, 5, 8, 5, 8, 5, 8, 5, 8, 5, 8, 5, 8, 5, 6, 13, 14, 13, 14, 15, 5, 8, 5, 8, 5, 8, 5, 8, 5, 8, 5, 8, 5, 8, 5, 8, 5, 8, 5, 8, 5, 8, 5, 8, 5, 8, 5, 8, 5, 8, 5, 8, 5, 8, 5, 8, 5, 8, 5, 8, 5, 8, 5, 8, 5, 8, 5, 6, 13, 14, 15, 5, 8, 5, 8, 5, 8, 5, 8, 5, 8, 5, 8, 5, 8, 5, 8, 5, 8, 5, 8, 5, 8, 5, 8, 5, 8, 5, 8, 5, 8, 5, 8, 5, 8, 5, 8, 5, 8, 5, 8, 5, 8, 5, 6, 13, 14, 13, 14, 15, 5, 8, 5, 8, 5, 8, 5, 8, 5, 8, 5, 8, 5, 8, 5, 8, 5, 8, 5, 8, 5, 8, 5, 8, 5, 8, 5, 8, 5, 8, 5, 8, 5, 8, 5, 8, 5, 8, 5, 8, 5, 8, 5, 8, 5, 8, 5, 6, 13, 16, 17, 37, 21, 22, 23, 24, 5, 8, 5, 8, 5, 8, 5, 8, 5, 8, 5, 8, 5, 8, 5, 8, 5, 8, 5, 8, 5, 8, 5, 8, 5, 8, 5, 8, 5, 8, 5, 8, 5, 8, 5, 8, 5, 6, 22, 23, 22, 23, 24, 5, 8, 5, 8, 5, 8, 5, 8, 5, 8, 5, 8, 5, 8, 5, 8, 5, 8, 5, 8, 5, 8, 5, 8, 5, 8, 5, 8, 5, 8, 5, 8, 5, 8, 5, 8, 5, 8, 5, 8, 5, 6, 22, 23, 22, 23, 24, 5, 8, 5, 8, 5, 8, 5, 8, 5, 8, 5, 8, 5, 8, 5, 8, 5, 8, 5, 8, 5, 8, 5, 8, 5, 8, 5, 8, 5, 8, 5, 8, 5, 8, 5, 8, 5, 8, 5, 8, 5, 8, 5, 8, 5, 6, 22, 23, 22, 23, 22, 23, 24, 5, 8, 5, 8, 5, 8, 5, 8, 5, 8, 5, 8, 5, 8, 5, 8, 5, 8, 5, 8, 5, 8, 5, 8, 5, 8, 5, 8, 5, 8, 5, 8, 5, 8, 5, 8, 5, 8, 5, 8, 5, 8, 5, 8, 5, 6, 22, 23, 22, 25, 26, 39, ), 40, 43, 44]",False,0.07058823529411765
factorial,Concurrency_prepared,"[26, 27, 29, 30, (, 32, 10, 11, 19, 20, 21, 22, 23, 34, 10, 11, 12, 10, 11, 12, 10, 11, 19, 20, 21, 22, 23, 36, 37,), 40, 41]","[26, 27, 29, 30, (, 32, 9, 10, 11, 10, 11, 12, 2, 5, 2, 5, 2, 5, 2, 5, 2, 5, 2, 5, 2, 5, 2, 5, 2, 5, 2, 5, 2, 5, 2, 5, 2, 5, 2, 5, 2, 5, 2, 5, 2, 5, 2, 5, 2, 5, 2, 5, 2, 5, 2, 5, 2, 5, 2, 5, 2, 5, 2, 3, 10, 11, 10, 11, 12, 2, 5, 2, 5, 2, 5, 2, 5, 2, 5, 2, 5, 2, 5, 2, 5, 2, 5, 2, 5, 2, 5, 2, 5, 2, 5, 2, 5, 2, 5, 2, 5, 2, 5, 2, 5, 2, 5, 2, 5, 2, 5, 2, 5, 2, 5, 2, 5, 2, 5, 2, 5, 2, 5, 2, 3, 10, 11, 10, 11, 12, 2, 5, 2, 5, 2, 5, 2, 5, 2, 5, 2, 5, 2, 5, 2, 5, 2, 5, 2, 5, 2, 5, 2, 5, 2, 5, 2, 5, 2, 5, 2, 5, 2, 5, 2, 5, 2, 5, 2, 5, 2, 5, 2, 5, 2, 5, 2, 5, 2, 5, 2, 5, 2, 5, 2, 5, 2, 5, 2, 3, 10, 11, 12, 2, 5, 2, 5, 2, 5, 2, 5, 2, 5, 2, 5, 2, 5, 2, 5, 2, 5, 2, 5, 2, 5, 2, 5, 2, 5, 2, 5, 2, 5, 2, 5, 2, 5, 2, 5, 2, 5, 2, 5, 2, 5, 2, 5, 2, 5, 2, 5, 2, 5, 2, 3, 10, 11, 10, 11, 12, 2, 5, 2, 5, 2, 5, 2, 5, 2, 5, 2, 5, 2, 5, 2, 5, 2, 5, 2, 5, 2, 5, 2, 5, 2, 5, 2, 5, 2, 5, 2, 5, 2, 5, 2, 5, 2, 5, 2, 5, 2, 5, 2, 5, 2, 5, 2, 5, 2, 5, 2, 5, 2, 5, 2, 3, 10, 11, 10, 11, 12, 2, 5, 2, 5, 2, 5, 2, 5, 2, 5, 2, 5, 2, 5, 2, 5, 2, 5, 2, 5, 2, 5, 2, 5, 2, 5, 2, 5, 2, 5, 2, 5, 2, 5, 2, 5, 2, 5, 2, 5, 2, 5, 2, 5, 2, 5, 2, 5, 2, 5, 2, 5, 2, 5, 2, 5, 2, 5, 2, 3, 10, 13, 14, 34, 18, 19, 20, 21, 2, 5, 2, 5, 2, 5, 2, 5, 2, 5, 2, 5, 2, 5, 2, 5, 2, 5, 2, 5, 2, 5, 2, 5, 2, 5, 2, 5, 2, 5, 2, 5, 2, 5, 2, 5, 2, 5, 2, 5, 2, 5, 2, 5, 2, 5, 2, 5, 2, 3, 19, 20, 19, 20, 21, 2, 5, 2, 5, 2, 5, 2, 5, 2, 5, 2, 5, 2, 5, 2, 5, 2, 5, 2, 5, 2, 5, 2, 5, 2, 5, 2, 5, 2, 5, 2, 5, 2, 5, 2, 5, 2, 5, 2, 5, 2, 5, 2, 5, 2, 5, 2, 5, 2, 5, 2, 5, 2, 3, 19, 20, 19, 20, 21, 2, 5, 2, 5, 2, 5, 2, 5, 2, 5, 2, 5, 2, 5, 2, 5, 2, 5, 2, 5, 2, 5, 2, 5, 2, 5, 2, 5, 2, 5, 2, 5, 2, 5, 2, 5, 2, 5, 2, 5, 2, 5, 2, 5, 2, 5, 2, 5, 2, 5, 2, 5, 2, 5, 2, 5, 2, 3, 19, 20, 19, 20, 19, 20, 21, 2, 5, 2, 5, 2, 5, 2, 5, 2, 5, 2, 5, 2, 5, 2, 5, 2, 5, 2, 5, 2, 5, 2, 5, 2, 5, 2, 5, 2, 5, 2, 5, 2, 5, 2, 5, 2, 5, 2, 5, 2, 5, 2, 5, 2, 5, 2, 5, 2, 5, 2, 5, 2, 3, 19, 20, 19, 20, 21, 2, 5, 2, 5, 2, 5, 2, 5, 2, 5, 2, 5, 2, 5, 2, 5, 2, 5, 2, 5, 2, 5, 2, 5, 2, 5, 2, 5, 2, 5, 2, 5, 2, 5, 2, 5, 2, 5, 2, 5, 2, 5, 2, 5, 2, 5, 2, 5, 2, 5, 2, 5, 2, 5, 2, 5, 2, 3, 19, 20, 19, 22, 23, 36, ), 37, 40, 41]",False,0.09256844850065189
factorial,Concurrency_prepared,"[26, 27, 29, 30, 32, (, 34, 10, 11, 12, 1, 2, 4, 5, 1, 2, 4, 5, 1, 2, 4, 5, 1, 2, 4, 5, 1, 2, 4, 5, 1, 2, 4, 5, 1, 2, 4, 5, 1, 2, 4, 5, 1, 2, 4, 5, 1, 2, 4, 5, 1, 2, 4, 5, 1, 2, 4, 5, 1, 2, 4, 5, 1, 2, 4, 5, 1, 2, 4, 5, 1, 2, 4, 5, 1, 2, 4, 5, 1, 2, 4, 5, 1, 2, 4, 5, 1, 2, 4, 5, 1, 2, 4, 5, 1, 2, 4, 5, 1, 2, 4, 5, 1, 2, 4, 5, 1, 2, 4, 5, 1, 2, 4, 5, 1, 2, 4, 5, 1, 2, 4, 5, 1, 2, 4, 5, 1, 2, 4, 5, 1, 2, 4, 5, 1, 2, 4, 5, 1, 2, 4, 5, 1, 2, 4, 5, 1, 2, 4, 5, 1, 2, 4, 5, 1, 2, 4, 5, 1, 2, 4, 5, 1, 2, 4, 5, 1, 2, 4, 5, 1, 2, 4, 5, 1, 2, 4, 5, 1, 2, 4, 5, 1, 2, 4, 5, 1, 2, 4, 5, 1, 2, 4, 5, 1, 2, 4, 5, 1, 2, 4, 5, 1, 2, 4, 5, 1, 2, 4, 5, 1, 2, 4, 5, 1, 2, 4, 5, 1, 2, 4, 5, 1, 2, 4, 5, 1, 2, 4, 5, 1, 2, 4, 5, 1, 2, 4, 5, 1, 2, 4, 5, 1, 2, 4, 5, 1, 2, 4, 5, 1, 2, 4, 5, 1, 2, 4, 5, 1, 2, 4, 5, 1, 2, 4, 5, 1, 2, 4, 5, 1, 2, 4, 5, 1, 2, 4, 5, 1, 2, 4, 5, 1, 2, 4, 5, 1, 2, 4, 5, 1, 2, 4, 5, 1, 2, 4, 5, 1, 2, 4, 5, 1, 2, 4, 5, 1, 2, 4, 5, 1, 2, 4, 5, 1, 2, 4, 5, 1, 2, 4, 5, 1, 2, 4, 5, 1, 2, 4, 5, 1, 2, 4, 5, 1, 2, 4, 5, 1, 2, 4, 5, 1, 2, 4, 5, 1, 2, 4, 5, 1, 2, 4, 5, 1, 2, 4, 5, 1, 2, 4, 5, 1, 2, 4, 5, 1, 2, 4, 5, 1, 2, 4, 5, 1, 2, 4, 5, 1, 2, 4, 5, 1, 2, 4, 5, 1, 2, 4, 5, 1, 2, 4, 5, 1, 2, 4, 5, 1, 2, 4, 5, 1, 2, 4, 5, 1, 2, 4, 5, 1, 2, 4, 5, 1, 2, 4, 5, 1, 2, 4, 5, 1, 2, 4, 5, 1, 2, 4, 5, 1, 2, 4, 5, 1, 2, 4, 5, 1, 2, 4, 5, 1, 2, 4, 5, 1, 2, 4, 5, 1, 2, 4, 5, 1, 2, 4, 5, 1, 2, 4, 5, 1, 2, 4, 5, 1, 2, 4, 5, 1, 2, 4, 5, 1, 2, 4, 5, 1, 2, 4, 5, 1, 2, 4, 5, 1, 2, 4, 5, 1, 2, 4, 5, 1, 2, 4, 5, 1, 2, 4, 5, 1, 2, 4, 5, 1, 2, 4, 5, 1, 2, 4, 5, 1, 2, 4, 5, 1, 2, 4, 5, 1, 2, 4, 5, 1, 2, 4, 5, 1, 2, 4, 5, 1, 2, 4, 5, 1, 2, 4, 5, 1, 2, 4, 5, 1, 2, 4, 5, 1, 2, 4, 5, 1, 2, 4, 5, 1, 2, 4, 5, 1, 2, 4, 5, 1, 2, 4, 5, 1, 2, 4, 5, 1, 2, 4, 5, 1, 2, 4, 5, 1, 2, 4, 5, 1, 2, 4, 5, 1, 2, 4, 5, 1, 2, 4, 5, 1, 2, 4, 5, 1, 2, 4, 5, 1, 2, 4, 5, 1, 2, 4, 5, 1, 2, 4, 5, 1, 2, 4, 5, 1, 2, 4, 5, 1, 2, 4, 5, 1, 2, 4, 5, 1, 2, 4, 5, 1, 2, 4, 5, 1, 2, 4, 5, 1, 2, 4, 5, 1, 2, 4, 5, 1, 2, 4, 5, 1, 2, 4, 5, 1, 2, 4, 5, 1, 2, 4, 5, 1, 2, 4, 5, 1, 2, 4, 5, 1, 2, 4, 5, 1, 2, 4, 5, 1, 2, 4, 5, 1, 2, 4, 5, 1, 2, 4, 5, 1, 2, 4, 5, 1, 2, 4, 5, 1, 2, 4, 5, 1, 2, 4, 5, 1, 2, 4, 5, 1, 2, 4, 5, 1, 2, 4, 5, 1, 2, 4, 5, 1, 2, 4, 5, 1, 2, 4, 5, 1, 2, 4, 5, 1, 2, 4, 5, 1, 2, 4, 5, 1, 2, 4, 5, 1, 2, 4, 5, 1, 2, 4, 5, 1, 2, 4, 5, 1, 2, 4, 5, 1, 2, 4, 5, 1, 2, 4, 5, 1, 2, 4, 5, 1, 2, 4, 5, 1, 2, 4, 5, 1, 2, 4, 5, 1, 2, 4, 5, 1, 2, 4, 5, 1, 2, 4, 5, 1, 2, 4, 5, 1, 2, 4, 5, 1, 2, 4, 5, 1, 2, 4, 5, 1, 2, 4, 5, 1, 2, 4, 5, 1, 2, 4, 5, 1, 2, 4, 5, 1, 2, 4, 5, 1, 2, 4, 5, 1, 2, 4, 5, 1, 2, 4, 5, 1, 2, 4, 5, 1, 2, 4, 5, 1, 2, 4, 5, 1, 2, 4, 5, 1, 2, 4, 5, 1, 2, 4, 5, 1, 2, 4, 5, 1, 2, 4, 5, 1, 2, 4, 5, 1, 2, 4, 5, 1, 2, 4, 5, 1, 2, 4, 5, 1, 2, 4, 5, 1, 2, 4, 5, 1, 2, 4, 5, 1, 2, 4, 5, 1, 2, 4, 5, 1, 2, 4, 5, 1, 2, 4, 5, 1, 2, 4, 5, 1, 2, 4, 5, 1, 2, 4, 5, 1, 2, 4, 5, 1, 2, 4, 5, 1, 2, 4, 5, 1, 2, 4, 5, 1, 2, 4, 5, 1, 2, 4, 5, 1, 2, 4, 5, 1, 2, 4, 5, 1, 2, 4, 5, 1, 2, 4, 5, 1, 2, 4, 5, 1, 2, 4, 5, 1, 2, 4, 5, 1, 2, 4, 5, 1, 2, 4, 5, 1, 2, 4, 5, 1, 2, 4, 5, 1, 2, 4, 5, 1, 2, 4, 5, 1, 2, 4, 5, 1, 2, 4, 5, 1, 2, 4, 5, 1, 2, 4, 5, 1, 2, 4, 5, 1, 2, 4, 5, 1, 2, 4, 5, 1, 2, 4, 5, 1, 2, 4, 5, 1, 2, 4, 5, 1, 2, 4, 5, 1, 2, 4, 5, 1, 2, 4, 5, 1, 2, 4, 5, 1, 2, 4, 5, 1, 2, 4, 5, 1, 2, 4, 5, 1, 2, 4, 5, 1, 2, 4, 5, 1, 2, 4, 5, 1, 2, 4, 5, 1, 2, 4, 5, 1, 2, 4, 5, 1, 2, 4, 5, 1, 2, 4, 5, 1, 2, 4, 5, 1, 2, 4, 5, 1, 2, 4, 5, 1, 2, 4, 5, 1, 2, 4, 5, 1, 2, 4, 5, 1, 2, 4, 5, 1, 2, 4, 5, 1, 2, 4, 5, 1, 2, 4, 5, 1, 2, 4, 5, 1, 2, 4, 5, 1, 2, 4, 5, 1, 2, 4, 5, 1, 2, 4, 5, 1, 2, 4, 5, 1, 2, 4, 5, 1, 2, 4, 5, 1, 2, 4, 5, 1, 2, 4, 5, 1, 2, 4, 5, 1, 2, 4, 5, 1, 2, 4, 5, 1, 2, 4, 5, 1, 2, 4, 5, 1, 2, 4, 5, 1, 2, 4, 5, 1, 2, 4, 5, 1, 2, 4, 5, 1, 2, 4, 5, 1, 2, 4, 5, 1, 2, 4, 5, 1, 2, 4, 5, 1, 2, 4, 5, 1, 2, 4, 5, 1, 2, 4, 5, 1, 2, 4, 5, 1, 2, 4, 5, 1, 2, 4, 5, 1, 2, 4, 5, 1, 2, 4, 5, 1, 2, 4, 5, 1, 2, 4, 5, 1, 2, 4, 5, 1, 2, 4, 5, 1, 2, 4, 5, 1, 2, 4, 5, 1, 2, 4, 5, 1, 2, 4, 5, 1, 2, 4, 5, 1, 2, 4, 5, 1, 2, 4, 5, 1, 2, 4, 5, 1, 2, 4, 5, 1, 2, 4, 5, 1, 2, 4, 5, 1, 2, 4, 5, 1, 2, 4, 5, 1, 2, 4, 5, 1, 2, 4, 5, 1, 2, 4, 5, 1]","[26, 27, 29, 30, (, 32, 9, 10, 11, 10, 11, 12, 2, 5, 2, 5, 2, 5, 2, 5, 2, 5, 2, 5, 2, 5, 2, 5, 2, 5, 2, 5, 2, 5, 2, 5, 2, 5, 2, 5, 2, 5, 2, 5, 2, 5, 2, 5, 2, 5, 2, 5, 2, 5, 2, 5, 2, 5, 2, 5, 2, 5, 2, 5, 2, 5, 2, 5, 2, 5, 2, 5, 2, 5, 2, 3, 10, 11, 10, 11, 12, 2, 5, 2, 5, 2, 5, 2, 5, 2, 5, 2, 5, 2, 5, 2, 5, 2, 5, 2, 5, 2, 5, 2, 5, 2, 5, 2, 5, 2, 5, 2, 5, 2, 5, 2, 5, 2, 5, 2, 5, 2, 5, 2, 5, 2, 5, 2, 5, 2, 5, 2, 5, 2, 5, 2, 5, 2, 5, 2, 5, 2, 5, 2, 5, 2, 5, 2, 3, 10, 11, 10, 11, 12, 2, 5, 2, 5, 2, 5, 2, 5, 2, 5, 2, 5, 2, 5, 2, 5, 2, 5, 2, 5, 2, 5, 2, 5, 2, 5, 2, 5, 2, 5, 2, 5, 2, 5, 2, 5, 2, 5, 2, 5, 2, 5, 2, 5, 2, 5, 2, 5, 2, 5, 2, 5, 2, 5, 2, 5, 2, 5, 2, 5, 2, 5, 2, 5, 2, 5, 2, 5, 2, 5, 2, 3, 10, 11, 10, 11, 12, 2, 5, 2, 5, 2, 5, 2, 5, 2, 5, 2, 5, 2, 5, 2, 5, 2, 5, 2, 5, 2, 5, 2, 5, 2, 5, 2, 5, 2, 5, 2, 5, 2, 5, 2, 5, 2, 5, 2, 5, 2, 5, 2, 5, 2, 5, 2, 5, 2, 5, 2, 5, 2, 5, 2, 5, 2, 5, 2, 5, 2, 5, 2, 3, 10, 11, 10, 11, 12, 2, 5, 2, 5, 2, 5, 2, 5, 2, 5, 2, 5, 2, 5, 2, 5, 2, 5, 2, 5, 2, 5, 2, 5, 2, 5, 2, 5, 2, 5, 2, 5, 2, 5, 2, 5, 2, 5, 2, 5, 2, 5, 2, 5, 2, 5, 2, 5, 2, 5, 2, 5, 2, 5, 2, 5, 2, 5, 2, 5, 2, 5, 2, 5, 2, 5, 2, 3, 10, 11, 10, 11, 12, 2, 5, 2, 5, 2, 5, 2, 5, 2, 5, 2, 5, 2, 5, 2, 5, 2, 5, 2, 5, 2, 5, 2, 5, 2, 5, 2, 5, 2, 5, 2, 5, 2, 5, 2, 5, 2, 5, 2, 5, 2, 5, 2, 5, 2, 5, 2, 5, 2, 5, 2, 5, 2, 5, 2, 5, 2, 5, 2, 5, 2, 5, 2, 5, 2, 5, 2, 5, 2, 5, 2, 3, 10, 13, 14, 34, 18, 19, 20, 21, 2, 5, 2, 5, 2, 5, 2, 5, 2, 5, 2, 5, 2, 5, 2, 5, 2, 5, 2, 5, 2, 5, 2, 5, 2, 5, 2, 5, 2, 5, 2, 5, 2, 5, 2, 5, 2, 5, 2, 5, 2, 5, 2, 5, 2, 5, 2, 5, 2, 5, 2, 5, 2, 5, 2, 5, 2, 5, 2, 5, 2, 3, 19, 20, 19, 20, 21, 2, 5, 2, 5, 2, 5, 2, 5, 2, 5, 2, 5, 2, 5, 2, 5, 2, 5, 2, 5, 2, 5, 2, 5, 2, 5, 2, 5, 2, 5, 2, 5, 2, 5, 2, 5, 2, 5, 2, 5, 2, 5, 2, 5, 2, 5, 2, 5, 2, 5, 2, 5, 2, 5, 2, 5, 2, 5, 2, 5, 2, 5, 2, 5, 2, 3, 19, 20, 19, 20, 21, 2, 5, 2, 5, 2, 5, 2, 5, 2, 5, 2, 5, 2, 5, 2, 5, 2, 5, 2, 5, 2, 5, 2, 5, 2, 5, 2, 5, 2, 5, 2, 5, 2, 5, 2, 5, 2, 5, 2, 5, 2, 5, 2, 5, 2, 5, 2, 5, 2, 5, 2, 5, 2, 5, 2, 5, 2, 5, 2, 5, 2, 5, 2, 5, 2, 5, 2, 5, 2, 3, 19, 20, 19, 20, 21, 2, 5, 2, 5, 2, 5, 2, 5, 2, 5, 2, 5, 2, 5, 2, 5, 2, 5, 2, 5, 2, 5, 2, 5, 2, 5, 2, 5, 2, 5, 2, 5, 2, 5, 2, 5, 2, 5, 2, 5, 2, 5, 2, 5, 2, 5, 2, 5, 2, 5, 2, 5, 2, 5, 2, 5, 2, 5, 2, 5, 2, 3, 19, 20, 19, 20, 21, 2, 5, 2, 5, 2, 5, 2, 5, 2, 5, 2, 5, 2, 5, 2, 5, 2, 5, 2, 5, 2, 5, 2, 5, 2, 5, 2, 5, 2, 5, 2, 5, 2, 5, 2, 5, 2, 5, 2, 5, 2, 5, 2, 5, 2, 5, 2, 5, 2, 5, 2, 5, 2, 5, 2, 5, 2, 5, 2, 5, 2, 5, 2, 5, 2, 3, 19, 20, 19, 20, 21, 2, 5, 2, 5, 2, 5, 2, 5, 2, 5, 2, 5, 2, 5, 2, 5, 2, 5, 2, 5, 2, 5, 2, 5, 2, 5, 2, 5, 2, 5, 2, 5, 2, 5, 2, 5, 2, 5, 2, 5, 2, 5, 2, 5, 2, 5, 2, 5, 2, 5, 2, 5, 2, 5, 2, 5, 2, 5, 2, 5, 2, 5, 2, 5, 2, 5, 2, 5, 2, 3, 19, 20, 19, 22, 23, 36, ), 37, 40, 41]",False,0.010048055919615552
handle-a-signal-1,Concurrency_prepared,"[12, (,13,2,3,4,5,6,7,4,5,6,7,4,5,6,7,4,5,6,7,4,5,6,7,8,),15]","[11, 12, (, 13, 2, 3, 4, 5, 15, 6, 7, 4, 5, 6, 7, 4, 5, 6, 7, 4, 5, 6, 7, 4, 5, 6, 7, 4, 8, 12, )]",False,0.8870967741935484
handle-a-signal-1,Concurrency_prepared,"[13,(,14,3,4,5,6,7,8,5,6,7,8,5,6,7,8,5,6,7,8,5,6,7,8,5,6,7,8,5,6,7,8,5,6,7,8,5,6,7,8,5,6,7,8,5,6,7,8,5,6,7,8,5,6,7,8,5,6,7,8,5,6,7,8,5,6,7,8,5,6,7,8,5,6,7,8,5,6,7,8,5,6,7,8,5,6,7,8,5,6,7,8,5,6,7,8,5,6,7,8,5,6,7,8,5,6,7,8,5,6,7,8,5,6,7,8,5,6,7,8,5,6,7,8,5,6,7,8,5,6,7,8,5,6,7,8,5,6,7,8,5,6,7,8,5,6,7,8,5,6,7,8,5,6,7,8,5,6,7,8,5,6,7,8,5,6,7,8,5,6,7,8,5,6,7,8,5,6,7,8,5,6,7,8,5,6,7,8,5,6,7,8,5,6,7,8,5,6,7,8,5,6,7,8,5,6,7,8,5,6,7,8,5,6,7,8,5,6,7,8,5,6,7,8,5,6,7,8,5,6,7,8,5,6,7,8,5,6,7,8,5,6,7,8,5,6,7,8,5,6,7,8,5,6,7,8,5,6,7,8,5,6,7,8,5,6,7,8,5,6,7,8,5,6,7,8,5,6,7,8,5,6,7,8,5,6,7,8,5,6,7,8,5,6,7,8,5,6,7,8,5,6,7,8,5,6,7,8,5,6,7,8,5,6,7,8,5,6,7,8,5,6,7,8,5,6,7,8,5,6,7,8,5,6,7,8,5,6,7,8,5,6,7,8,5,6,7,8,5,6,7,8,5,6,7,8,5,6,7,8,5,6,7,8,5,6,7,8,5,6,7,8,5,6,7,8,5,6,7,8,5,6,7,8,5,6,7,8,5,6,7,8,5,6,7,8,5,6,7,8,5,6,7,8,5,6,7,8,5,6,7,8,5,6,7,8,5,6,7,8,5,6,7,8,5,6,7,8,5,6,7,8,5,6,7,8,5,6,7,8,5,6,7,8,5,6,7,8,5,6,7,8,5,6,7,8,5,6,7,8,5,6,7,8,5,6,7,8,5,6,7,8,5,6,7,8,5,6,7,8,5,6,7,8,5,6,7,8,5,6,7,8,5,6,7,8,5,6,7,8,5,6,7,8,5,6,7,8,5,6,7,8,5,6,7,8,5,6,7,8,5,6,7,8,5,6,7,8,5,6,7,8,5,6,7,8,5,6,7,8,5,6,7,8,5,6,7,8,5,6,7,8,5,6,7,8,5,6,7,8,5,6,7,8,5,6,7,8,5,6,7,8,5,6,7,8,5,6,7,8,5,6,7,8,5,6,7,8,5,6,7,8,5,6,7,8,5,6,7,8,5,6,7,8,5,6,7,8,5,6,7,8,5,6,7,8,5,6,7,8,5,6,7,8,5,6,7,8,5,6,7,8,5,6,7,8,5,6,7,8,5,6,7,8,5,6,7,8,5,6,7,8,5,6,7,8,5,6,7,8,5,6,7,8,5,6,7,8,5,6,7,8,5,6,7,8,5,6,7,8,5,6,7,8,5,6,7,8,5,6,7,8,5,6,7,8,5,6,7,8,5,6,7,8,5,6,7,8,5,6,7,8,5,6,7,8,5,6,7,8,5,6,7,8,5,6,7,8,5,6,7,8,5,6,7,8,5,6,7,8,5,6,7,8,5,6,7,8,5,6,7,8,5,6,7,8,5,6,7,8,5,6,7,8,5,6,7,8,5,6,7,8,5,6,7,8,5,6,7,8,5,6,7,8,5,6,7,8,5,6,7,8,5,6,7,8,5,6,7,8,5,6,7,8,5,6,7,8,5,6,7,8,5,6,7,8,5,6,7,8,5,6,7,8,5,6,7,8,5,6,7,8,5,6,7,8,5,6,7,8,5,6,7,8,5,6,7,8,5,6,7,8,5,6,7,8,5,6,7,8,5,6,7,8,5,6,7,8,5,6,7,8,5,6,7,8,5,6,7,8,5,6,7,8,5,6,7,8,5,6,7,8,5,6,7,8,5,6,7,8,5,6,7,8,5,6,7,8,5,6,7,8,5,6,7,8,5,6,7,8,5,6,7,8,5,6,7,8,5,6,7,8,5,6,7,8,5,6,7,8,5,6,7,8,5,6,7,8,5,6,7,8,5,6,7,8,5,6,7,8,5,6,7,8,5,6,7,8,5,6,7,8,5,6,7,8,5,6,7,8,5,6,7,8,5,6,7,8,5,6,7,8,5,6,7,8,5,6,7,8,5,6,7,8,5,6,7,8,5,6,7,8,5,6,7,8,5,6,7,8,5,6,7,8,5,6,7,8,5,6,7,8,5,6,7,8,5,6,7,8,5,6,7,8,5,6,7,8,5,6,7,8,5,6,7,8,5,6,7,8,5,6,7,8,5,6,7,8,5,6,7,8,5,6,7,8,5,6,7,8,5,6,7,8,5,6,7,8,5,6,7,8,5,6,7,8,5,6,7,8,5,6,7,8,5,6,7,8,5,6,7,8,5,6,7,8,5,6,7,8,5,6,7,8,5,6,7,8,5,6,7,8,5,6,7,8,5,6,7,8,5,6,7,8,5,6,7,8,5,6,7,8,5,6,7,8,5,6,7,8,5,6,7,8,5,6,7,8,5,6,7,8,5,6,7,8,5,6,7,8,5,6,7,8,5,6,7,8,5,6,7,8,5,6,7,8,5,6,7,8,5,6,7,8,5,6,7,8,5,6,7,8,5,6,7,8,5,6,7,8,5,6,7,8,5,6,7,8,5,6,7,8,5,6,7,8,5,6,7,8,5,6,7,8,5,6,7,8,5,6,7,8,5,6,7,8,5,6,7,8,5,6,7,8,5,6,7,8,5,6,7,8,5,6,7,8,5,6,7,8,5,6,7,8,5,6,7,8,5,6,7,8,5,6,7,8,5,6,7,8,5,6,7,8,5,6,7,8,5,6,7,8,5,6,7,8,5,6,7,8,5,6,7,8,5,6,7,8,5,6,7,8,5,6,7,8,5,6,7,8,5,6,7,8,5,6,7,8,5,6,7,8,5,6,7,8,5,6,7,8,5,6,7,8,5,6,7,8,5,6,7,8,5,6,7,8,5,6,7,8,5,6,7,8,5,6,7,8,5,6,7,8,5,6,7,8,5,6,7,8,5,6,7,8,5,6,7,8,5,6,7,8,5,6,7,8,5,6,7,8,5,6,7,8,5,6,7,8,5,6,7,8,5,6,7,8,5,6,7,8,5,6,7,8,5,6,7,8,5,6,7,8,5,6,7,8,5,6,7,8,5,6,7,8,5,6,7,8,5,6,7,8,5,6,7,8,5,6,7,8,5,6,7,8,5,6,7,8,5,6,7,8,5,6,7,8,5,6,7,8,5,6,7,8,5,6,7,8,5,6,7,8,5,6,7,8,5,6,7,8,5,6,7,8,5,6,7,8,5,6,7,8,5,6,7,8,5,6,7,8,5,6,7,8,5,6,7,8,5,6,7,8,5,6,7,8,5,6,7,8,5,6,7,8,5,6,7,8,5,6,7,8,5,6,7,8,5,6,7,8,5,6,7,8,5,6,7,8,5,6,7,8,5,6,7,8,5,6,7,8,5,6,7,8,5,6,7,8,5,6,7,8,5,6,7,8,5,6,7,8,5,6,7,8,5,6,7,8,5,6,7,8,5,6,7,8,5,6,7,8,5,6,7,8,5,6,7,8,5,6,7,8,5,6,7,8,5,6,7,8,5,6,7,8,5,6,7,8,5,6,7,8,5,6,7,8,5,6,7,8,5,6,7,8,5,6,7,8,5,6,7,8,5,6,7,8,5,6,7,8,5,6,7,8,5,6,7,8,5,6,7,8,5,6,7,8,5,6,7,8,5,6,7,8,5,6,7,8,5,6,7,8,5,6,7,8,5,6,7,8,5,6,7,8,5,6,7,8,5,6,7,8,5,6,7,8,5,6,7,8,5,6,7,8,5,6,7,8,5,6,7,8,5,6,7,8,5,6,7,8,5,6,7,8,5,6,7,8,5,6,7,8,5,6,7,8,5,6,7,8,5,6,7,8,5,6,7,8,5,6,7,8,5,6,7,8,5,6,7,8,5,6,7,8,5,6,7,8,5,6,7,8,5,6,7,8,5,6,7,8,5,6,7,8,5,6,7,8,5,6,7,8,5,6,7,8,5,6,7,8,5,6,7,8,5,6,7,8,5,6,7,8,5,6,7,8,5,6,7,8,5,6,7,8,5,6,7,8,5,6,7,8,5,6,7,8,5,6,7,8,5,6,7,8,5,6,7,8,5,6,7,8,5,6,7,8,5,6,7,8,5,6,7,8,5,6,7,8,5,6,7,8,5,6,7,8,5,6,7,8,5,6,7,8,5,6,7,8,5,6,7,8,5,6,7,8,5,6,7,8,5,6,7,8,5,6,7,8,5,6,7,8,5,6,7,8,5,6,7,8,5,6,7,8,5,6,7,8,5,6,7,8,5,6,7,8,5,6,7,8,5,6,7,8,5,6,7,8,5,6,7,8,5,6,7,8,5,6,7,8,5,6,7,8,5,6,7,8,5,6,7,8,5,6,7,8,5,6,7,8,5,6,7,8,5,6]","[12, 13, (, 14, 3, 4, 5, 6, 16, 7, 8, 5, 6, 7, 8, 5, 6, 7, 8, 5, 6, 7, 8, 5, 6, 7, 8, 5, 6, 7, 8, 5, 6, 7, 8, 5, 6, 7, 8, 5, 6, 7, 8, 5, 6, 7, 8, 5, 9, 13, )]",False,0.007617233991906689
handle-a-signal-1,Concurrency_prepared,"[15, (,16,2,3,4,5,6,7,4,5,6,7,4,5,6,7,4,5,6,7,4,5,6,7,20,21,20,21,),8,8]","[11, 12, 15, (, 16, 2, 3, 4, 5, 16, 2, 3, 4, 5, 16, 20, 6, 7, 6, 7, 4, 5, 4, 5, 6, 7, 4, 5, 6, 7, 4, 5, 6, 7, 4, 5, 6, 7, 4, 5, 6, 7, 4, 5, 6, 7, 4, 5, 6, 7, 4, 8, 21, 20, 6, 7, 4, 8, 21, 20, 15, )]",False,0.6176470588235294
handle-a-signal-1,Concurrency_prepared,"[15, (,16,2,3,4,5,6,7,4,5,6,7,4,5,6,7,4,5,6,7,4,5,6,7,4,5,6,7,4,5,6,7,4,5,6,7,4,5,6,7,4,5,6,7,4,5,6,7,4,5,6,7,4,5,6,7,4,5,6,7,4,5,6,7,4,5,6,7,4,5,6,7,4,5,6,7,4,5,6,7,4,5,6,7,4,5,6,7,4,5,6,7,4,5,6,7,4,5,6,7,4,5,6,7,4,5,6,7,4,5,6,7,4,5,6,7,4,5,6,7,4,5,6,7,4,5,6,7,4,5,6,7,4,5,6,7,4,5,6,7,4,5,6,7,4,5,6,7,4,5,6,7,4,5,6,7,4,5,6,7,4,5,6,7,4,5,6,7,4,5,6,7,4,5,6,7,4,5,6,7,4,5,6,7,4,5,6,7,4,5,6,7,4,5,6,7,4,5,6,7,4,5,6,7,4,5,6,7,4,5,6,7,4,5,6,7,4,5,6,7,4,5,6,7,4,5,6,7,4,5,6,7,4,5,6,7,4,5,6,7,4,5,6,7,4,5,6,7,4,5,6,7,4,5,6,7,4,5,6,7,4,5,6,7,4,5,6,7,4,5,6,7,4,5,6,7,4,5,6,7,4,5,6,7,4,5,6,7,4,5,6,7,4,5,6,7,4,5,6,7,4,5,6,7,4,5,6,7,4,5,6,7,4,5,6,7,4,5,6,7,4,5,6,7,4,5,6,7,4,5,6,7,4,5,6,7,4,5,6,7,4,5,6,7,4,5,6,7,4,5,6,7,4,5,6,7,4,5,6,7,4,5,6,7,4,5,6,7,4,5,6,7,4,5,6,7,4,5,6,7,4,5,6,7,4,5,6,7,4,5,6,7,4,5,6,7,4,5,6,7,4,5,6,7,4,5,6,7,4,5,6,7,4,5,6,7,4,5,6,7,4,5,6,7,4,5,6,7,4,5,6,7,4,5,6,7,4,5,6,7,4,5,6,7,4,5,6,7,4,5,6,7,4,5,6,7,4,5,6,7,4,5,6,7,4,5,6,7,4,5,6,7,4,5,6,7,4,5,6,7,4,5,6,7,4,5,6,7,4,5,6,7,4,5,6,7,4,5,6,7,4,5,6,7,4,5,6,7,4,5,6,7,4,5,6,7,4,5,6,7,4,5,6,7,4,5,6,7,4,5,6,7,4,5,6,7,4,5,6,7,4,5,6,7,4,5,6,7,4,5,6,7,4,5,6,7,4,5,6,7,4,5,6,7,4,5,6,7,4,5,6,7,4,5,6,7,4,5,6,7,4,5,6,7,4,5,6,7,4,5,6,7,4,5,6,7,4,5,6,7,4,5,6,7,4,5,6,7,4,5,6,7,4,5,6,7,4,5,6,7,4,5,6,7,4,5,6,7,4,5,6,7,4,5,6,7,4,5,6,7,4,5,6,7,4,5,6,7,4,5,6,7,4,5,6,7,4,5,6,7,4,5,6,7,4,5,6,7,4,5,6,7,4,5,6,7,4,5,6,7,4,5,6,7,4,5,6,7,4,5,6,7,4,5,6,7,4,5,6,7,4,5,6,7,4,5,6,7,4,5,6,7,4,5,6,7,4,5,6,7,4,5,6,7,4,5,6,7,4,5,6,7,4,5,6,7,4,5,6,7,4,5,6,7,4,5,6,7,4,5,6,7,4,5,6,7,4,5,6,7,4,5,6,7,4,5,6,7,4,5,6,7,4,5,6,7,4,5,6,7,4,5,6,7,4,5,6,7,4,5,6,7,4,5,6,7,4,5,6,7,4,5,6,7,4,5,6,7,4,5,6,7,4,5,6,7,4,5,6,7,4,5,6,7,4,5,6,7,4,5,6,7,4,5,6,7,4,5,6,7,4,5,6,7,4,5,6,7,4,5,6,7,4,5,6,7,4,5,6,7,4,5,6,7,4,5,6,7,4,5,6,7,4,5,6,7,4,5,6,7,4,5,6,7,4,5,6,7,4,5,6,7,4,5,6,7,4,5,6,7,4,5,6,7,4,5,6,7,4,5,6,7,4,5,6,7,4,5,6,7,4,5,6,7,4,5,6,7,4,5,6,7,4,5,6,7,4,5,6,7,4,5,6,7,4,5,6,7,4,5,6,7,4,5,6,7,4,5,6,7,4,5,6,7,4,5,6,7,4,5,6,7,4,5,6,7,4,5,6,7,4,5,6,7,4,5,6,7,4,5,6,7,4,5,6,7,4,5,6,7,4,5,6,7,4,5,6,7,4,5,6,7,4,5,6,7,4,5,6,7,4,5,6,7,4,5,6,7,4,5,6,7,4,5,6,7,4,5,6,7,4,5,6,7,4,5,6,7,4,5,6,7,4,5,6,7,4,5,6,7,4,5,6,7,4,5,6,7,4,5,6,7,4,5,6,7,4,5,6,7,4,5,6,7,4,5,6,7,4,5,6,7,4,5,6,7,4,5,6,7,4,5,6,7,4,5,6,7,4,5,6,7,4,5,6,7,4,5,6,7,4,5,6,7,4,5,6,7,4,5,6,7,4,5,6,7,4,5,6,7,4,5,6,7,4,5,6,7,4,5,6,7,4,5,6,7,4,5,6,7,4,5,6,7,4,5,6,7,4,5,6,7,4,5,6,7,4,5,6,7,4,5,6,7,4,5,6,7,4,5,6,7,4,5,6,7,4,5,6,7,4,5,6,7,4,5,6,7,4,5,6,7,4,5,6,7,4,5,6,7,4,5,6,7,4,5,6,7,4,5,6,7,4,5,6,7,4,5,6,7,4,5,6,7,4,5,6,7,4,5,6,7,4,5,6,7,4,5,6,7,4,5,6,7,4,5,6,7,4,5,6,7,4,5,6,7,4,5,6,7,4,5,6,7,4,5,6,7,4,5,6,7,4,5,6,7,4,5,6,7,4,5,6,7,4,5,6,7,4,5,6,7,4,5,6,7,4,5,6,7,4,5,6,7,4,5,6,7,4,5,6,7,4,5,6,7,4,5,6,7,4,5,6,7,4,5,6,7,4,5,6,7,4,5,6,7,4,5,6,7,4,5,6,7,4,5,6,7,4,5,6,7,4,5,6,7,4,5,6,7,4,5,6,7,4,5,6,7,4,5,6,7,4,5,6,7,4,5,6,7,4,5,6,7,4,5,6,7,4,5,6,7,4,5,6,7,4,5,6,7,4,5,6,7,4,5,6,7,4,5,6,7,4,5,6,7,4,5,6,7,4,5,6,7,4,5,6,7,4,5,6,7,4,5,6,7,4,5,6,7,4,5,6,7,4,5,6,7,4,5,6,7,4,5,6,7,4,5,6,7,4,5,6,7,4,5,6,7,4,5,6,7,4,5,6,7,4,5,6,7,4,5,6,7,4,5,6,7,4,5,6,7,4,5,6,7,4,5,6,7,4,5,6,7,4,5,6,7,4,5,6,7,4,5,6,7,4,5,6,7,4,5,6,7,4,5,6,7,4,5,6,7,4,5,6,7,4,5,6,7,4,5,6,7,4,5,6,7,4,5,6,7,4,5,6,7,4,5,6,7,4,5,6,7,4,5,6,7,4,5,6,7,4,5,6,7,4,5,6,7,4,5,6,7,4,5,6,7,4,5,6,7,4,5,6,7,4,5,6,7,4,5,6,7,4,5,6,7,4,5,6,7,4,5,6,7,4,5,6,7,4,5,6,7,4,5,6,7,4,5,6,7,4,5,6,7,4,5,6,7,4,5,6,7,4,5,6,7,4,5,6,7,4,5,6,7,4,5,6,7,4,5,6,7,4,5,6,7,4,5,6,7,4,5,6,7,4,5,6,7,4,5,6,7,4,5,6,7,4,5,6,7,4,5,6,7,4,5,6,7,4,5,6,7,4,5,6,7,4,5,6,7,4,5,6,7,4,5,6,7,4,5,6,7,4,5,6,7,4,5,6,7,4,5,6,7,4,5,6,7,4,5,6,7,4,5,6,7,4,5,6,7,4,5,6,7,4,5,6,7,4,5,6,7,4,5,6,7,4,5,6,7,4,5,6,7,4,5,6,7,4,5,6,7,4,5,6,7,4,5,6,7,4,5,6,7,4,5,6,7,4,5,6,7,4,5,6,7,4,5,6,7,4,5,6,7,4,5,6,7,4,5,6,7,4,5,6,7,4,5,6,7,4,5,6,7,4,5,6,7,4,5,6,7,4,5,6,7,4,5,6,7,4,5,6,7,4,5,6,7,4,5,6,7,4,5,6,7,4,5,6,7,4,5,6,7,4,5,6,7,4,5,6,7,4,5,6,7,4,5,6,7,4,5,6,7,4,5,6,7,4,5,6,7,4,5,6,7,4,5,6,7,4,5,6,7,4,5,6,7,4,5,6,7,4,5,6,7,4,5,6,7,4,5,6,7,4,5,6,7,4,5,6,7,4,5,6,7,4,5,6,7,4,5,6,7,4,5,6,7,4,5,6,7,4,5,6,7,4,5,6,7,4,5,6,7,4,5,6,7,4,5,6,7,4,5,6,7,4,5,6,7,4,5,6,7,4,5,6,7,4,5,6,7,4,5,6,7,4,5,6,7,4,5,6,7,4,5,6,7,4,5,6,7,4,5]","[11, 12, 15, (, 16, 2, 3, 4, 5, 16, 2, 3, 4, 5, 16, 20, 6, 7, 6, 7, 4, 5, 4, 5, 6, 7, 6, 7, 4, 5, 4, 5, 6, 7, 6, 7, 4, 5, 4, 5, 6, 7, 4, 5, 6, 7, 4, 5, 6, 7, 4, 5, 6, 7, 4, 5, 6, 7, 4, 5, 6, 7, 4, 5, 6, 7, 4, 5, 6, 7, 4, 5, 6, 7, 4, 5, 6, 7, 4, 5, 6, 7, 4, 5, 6, 7, 4, 5, 6, 7, 4, 8, 21, 20, 6, 7, 4, 8, 21, 20, 15, )]",False,0.004640371229698376
handle-a-signal-1,Concurrency_prepared,"[15, (,16,2,3,4,5,6,7,4,5,6,7,4,5,6,7,4,5,6,7,4,5,6,7,4,5,6,7,4,5,6,7,4,5,6,7,4,5,6,7,4,5,6,7,4,5,6,7,4,5,6,7,4,5,6,7,4,5,6,7,4,5,6,7,4,5,6,7,4,5,6,7,4,5,6,7,4,5,6,7,4,5,6,7,4,5,6,7,4,5,6,7,4,5,6,7,4,5,6,7,4,5,6,7,4,5,6,7,4,5,6,7,4,5,6,7,4,5,6,7,4,5,6,7,4,5,6,7,4,5,6,7,4,5,6,7,4,5,6,7,4,5,6,7,4,5,6,7,4,5,6,7,4,5,6,7,4,5,6,7,4,5,6,7,4,5,6,7,4,5,6,7,4,5,6,7,4,5,6,7,4,5,6,7,4,5,6,7,4,5,6,7,4,5,6,7,4,5,6,7,4,5,6,7,4,5,6,7,4,5,6,7,4,5,6,7,4,5,6,7,4,5,6,7,4,5,6,7,4,5,6,7,4,5,6,7,4,5,6,7,4,5,6,7,4,5,6,7,4,5,6,7,4,5,6,7,4,5,6,7,4,5,6,7,4,5,6,7,4,5,6,7,4,5,6,7,4,5,6,7,4,5,6,7,4,5,6,7,4,5,6,7,4,5,6,7,4,5,6,7,4,5,6,7,4,5,6,7,4,5,6,7,4,5,6,7,4,5,6,7,4,5,6,7,4,5,6,7,4,5,6,7,4,5,6,7,4,5,6,7,4,5,6,7,4,5,6,7,4,5,6,7,4,5,6,7,4,5,6,7,4,5,6,7,4,5,6,7,4,5,6,7,4,5,6,7,4,5,6,7,4,5,6,7,4,5,6,7,4,5,6,7,4,5,6,7,4,5,6,7,4,5,6,7,4,5,6,7,4,5,6,7,4,5,6,7,4,5,6,7,4,5,6,7,4,5,6,7,4,5,6,7,4,5,6,7,4,5,6,7,4,5,6,7,4,5,6,7,4,5,6,7,4,5,6,7,4,5,6,7,4,5,6,7,4,5,6,7,4,5,6,7,4,5,6,7,4,5,6,7,4,5,6,7,4,5,6,7,4,5,6,7,4,5,6,7,4,5,6,7,4,5,6,7,4,5,6,7,4,5,6,7,4,5,6,7,4,5,6,7,4,5,6,7,4,5,6,7,4,5,6,7,4,5,6,7,4,5,6,7,4,5,6,7,4,5,6,7,4,5,6,7,4,5,6,7,4,5,6,7,4,5,6,7,4,5,6,7,4,5,6,7,4,5,6,7,4,5,6,7,4,5,6,7,4,5,6,7,4,5,6,7,4,5,6,7,4,5,6,7,4,5,6,7,4,5,6,7,4,5,6,7,4,5,6,7,4,5,6,7,4,5,6,7,4,5,6,7,4,5,6,7,4,5,6,7,4,5,6,7,4,5,6,7,4,5,6,7,4,5,6,7,4,5,6,7,4,5,6,7,4,5,6,7,4,5,6,7,4,5,6,7,4,5,6,7,4,5,6,7,4,5,6,7,4,5,6,7,4,5,6,7,4,5,6,7,4,5,6,7,4,5,6,7,4,5,6,7,4,5,6,7,4,5,6,7,4,5,6,7,4,5,6,7,4,5,6,7,4,5,6,7,4,5,6,7,4,5,6,7,4,5,6,7,4,5,6,7,4,5,6,7,4,5,6,7,4,5,6,7,4,5,6,7,4,5,6,7,4,5,6,7,4,5,6,7,4,5,6,7,4,5,6,7,4,5,6,7,4,5,6,7,4,5,6,7,4,5,6,7,4,5,6,7,4,5,6,7,4,5,6,7,4,5,6,7,4,5,6,7,4,5,6,7,4,5,6,7,4,5,6,7,4,5,6,7,4,5,6,7,4,5,6,7,4,5,6,7,4,5,6,7,4,5,6,7,4,5,6,7,4,5,6,7,4,5,6,7,4,5,6,7,4,5,6,7,4,5,6,7,4,5,6,7,4,5,6,7,4,5,6,7,4,5,6,7,4,5,6,7,4,5,6,7,4,5,6,7,4,5,6,7,4,5,6,7,4,5,6,7,4,5,6,7,4,5,6,7,4,5,6,7,4,5,6,7,4,5,6,7,4,5,6,7,4,5,6,7,4,5,6,7,4,5,6,7,4,5,6,7,4,5,6,7,4,5,6,7,4,5,6,7,4,5,6,7,4,5,6,7,4,5,6,7,4,5,6,7,4,5,6,7,4,5,6,7,4,5,6,7,4,5,6,7,4,5,6,7,4,5,6,7,4,5,6,7,4,5,6,7,4,5,6,7,4,5,6,7,4,5,6,7,4,5,6,7,4,5,6,7,4,5,6,7,4,5,6,7,4,5,6,7,4,5,6,7,4,5,6,7,4,5,6,7,4,5,6,7,4,5,6,7,4,5,6,7,4,5,6,7,4,5,6,7,4,5,6,7,4,5,6,7,4,5,6,7,4,5,6,7,4,5,6,7,4,5,6,7,4,5,6,7,4,5,6,7,4,5,6,7,4,5,6,7,4,5,6,7,4,5,6,7,4,5,6,7,4,5,6,7,4,5,6,7,4,5,6,7,4,5,6,7,4,5,6,7,4,5,6,7,4,5,6,7,4,5,6,7,4,5,6,7,4,5,6,7,4,5,6,7,4,5,6,7,4,5,6,7,4,5,6,7,4,5,6,7,4,5,6,7,4,5,6,7,4,5,6,7,4,5,6,7,4,5,6,7,4,5,6,7,4,5,6,7,4,5,6,7,4,5,6,7,4,5,6,7,4,5,6,7,4,5,6,7,4,5,6,7,4,5,6,7,4,5,6,7,4,5,6,7,4,5,6,7,4,5,6,7,4,5,6,7,4,5,6,7,4,5,6,7,4,5,6,7,4,5,6,7,4,5,6,7,4,5,6,7,4,5,6,7,4,5,6,7,4,5,6,7,4,5,6,7,4,5,6,7,4,5,6,7,4,5,6,7,4,5,6,7,4,5,6,7,4,5,6,7,4,5,6,7,4,5,6,7,4,5,6,7,4,5,6,7,4,5,6,7,4,5,6,7,4,5,6,7,4,5,6,7,4,5,6,7,4,5,6,7,4,5,6,7,4,5,6,7,4,5,6,7,4,5,6,7,4,5,6,7,4,5,6,7,4,5,6,7,4,5,6,7,4,5,6,7,4,5,6,7,4,5,6,7,4,5,6,7,4,5,6,7,4,5,6,7,4,5,6,7,4,5,6,7,4,5,6,7,4,5,6,7,4,5,6,7,4,5,6,7,4,5,6,7,4,5,6,7,4,5,6,7,4,5,6,7,4,5,6,7,4,5,6,7,4,5,6,7,4,5,6,7,4,5,6,7,4,5,6,7,4,5,6,7,4,5,6,7,4,5,6,7,4,5,6,7,4,5,6,7,4,5,6,7,4,5,6,7,4,5,6,7,4,5,6,7,4,5,6,7,4,5,6,7,4,5,6,7,4,5,6,7,4,5,6,7,4,5,6,7,4,5,6,7,4,5,6,7,4,5,6,7,4,5,6,7,4,5,6,7,4,5,6,7,4,5,6,7,4,5,6,7,4,5,6,7,4,5,6,7,4,5,6,7,4,5,6,7,4,5,6,7,4,5,6,7,4,5,6,7,4,5,6,7,4,5,6,7,4,5,6,7,4,5,6,7,4,5,6,7,4,5,6,7,4,5,6,7,4,5,6,7,4,5,6,7,4,5,6,7,4,5,6,7,4,5,6,7,4,5,6,7,4,5,6,7,4,5,6,7,4,5,6,7,4,5,6,7,4,5,6,7,4,5,6,7,4,5,6,7,4,5,6,7,4,5,6,7,4,5,6,7,4,5,6,7,4,5,6,7,4,5,6,7,4,5,6,7,4,5,6,7,4,5,6,7,4,5,6,7,4,5,6,7,4,5,6,7,4,5,6,7,4,5,6,7,4,5,6,7,4,5,6,7,4,5,6,7,4,5,6,7,4,5,6,7,4,5,6,7,4,5,6,7,4,5,6,7,4,5,6,7,4,5,6,7,4,5,6,7,4,5,6,7,4,5,6,7,4,5,6,7,4,5,6,7,4,5,6,7,4,5,6,7,4,5,6,7,4,5,6,7,4,5,6,7,4,5,6,7,4,5,6,7,4,5,6,7,4,5,6,7,4,5,6,7,4,5,6,7,4,5,6,7,4,5,6,7,4,5,6,7,4,5,6,7,4,5,6,7,4,5,6,7,4,5,6,7,4,5,6,7,4,5,6,7,4,5,6,7,4,5,6,7,4,5,6,7,4,5,6,7,4,5,6,7,4,5,6,7,4,5,6,7,4,5,6,7,4,5,6,7,4,5,6,7,4,5,6,7,4,5,6,7,4,5,6,7,4,5,6,7,4,5,6,7,4,5,6,7,4,5,6,7,4,5,6,7,4,5,6,7,4,5,6,7,4,5,6,7,4,5,6,7,4,5,6,7,4,5,6,7,4,5,6,7,4,5,6,7,4,5,6,7,4,5,6,7,4,5,6,7,4,5,6,7,4,5,6,7,4,5,6,7,4,5,6,7,4,5,6,7,4,5,6,7,4,5,6,7,4,5,6,7,4,5,6,7,4,5]","[11, 12, 15, (, 16, 2, 3, 4, 5, 16, 2, 3, 4, 5, 16, 2, 3, 4, 5, 16, 2, 3, 4, 5, 16, 20, 6, 7, 4, 5, 6, 7, 4, 5, 6, 7, 4, 5, 6, 7, 4, 5, 6, 7, 4, 5, 6, 7, 4, 5, 6, 7, 4, 5, 6, 7, 4, 5, 6, 7, 4, 5, 6, 7, 4, 5, 6, 7, 4, 5, 6, 7, 4, 5, 6, 7, 4, 5, 6, 7, 4, 5, 6, 7, 4, 5, 6, 7, 4, 5, 6, 7, 4, 5, 6, 7, 4, 5, 6, 7, 4, 5, 6, 7, 4, 5, 6, 7, 4, 5, 6, 7, 4, 5, 6, 7, 4, 5, 6, 7, 4, 5, 6, 7, 4, 5, 6, 7, 4, 5, 6, 7, 4, 5, 6, 7, 4, 5, 6, 7, 4, 5, 6, 7, 4, 5, 6, 7, 4, 5, 6, 7, 4, 5, 6, 7, 4, 5, 6, 7, 4, 5, 6, 7, 4, 5, 6, 7, 4, 5, 6, 7, 4, 8, 21, 20, 6, 7, 4, 8, 6, 7, 4, 8, 21, 20, 21, 20, 6, 7, 4, 8, 21, 20, 15, )]",False,0.004440497335701598
metered-concurrency,Concurrency_prepared,"[14, (,19,21,19,21,2,3,4,6,7,8,9,10,2,3,4,6,7,8,9,10,19,21,2,3,4,6,7,8,9,10,2,3,4,6,7,8,9,10,19,21,2,3,4,6,7,8,9,10,19,21,2,3,4,6,7,8,9,10,19,21,2,3,4,6,7,8,9,10,19,21,2,3,4,6,7,8,9,10,25,26,26,26,26,26,26,26,26,26,26,),29]","[14, 17, 18, 19, 20, (, 21, 2, 18, 19, 20, 21, 3, 4, 5, 6, 7, 2, 3, 4, 5, 6, 7, 18, 19, 20, 21, 2, 3, 4, 18, 19, 20, 21, 2, 3, 4, 18, 19, 20, 21, 2, 3, 4, 18, 19, 20, 21, 2, 3, 4, 18, 19, 20, 21, 2, 3, 4, 18, 19, 20, 21, 2, 3, 4, 18, 19, 20, 21, 2, 3, 4, 18, 19, 20, 21, 2, 3, 4, 18, 25, ), 26, 9, 10, 5, 6, 9, 10, 5, 6, 7, 3, 4, 3, 4, 9, 10, 5, 6, 7, 9, 10, 5, 6, 7, 3, 4, 3, 4, 9, 10, 5, 6, 9, 10, 5, 6, 7, 3, 4, 3, 4, 9, 10, 5, 6, 7, 9, 10, 5, 6, 7, 3, 4, 3, 4, 9, 10, 5, 6, 7, 9, 10, 5, 6, 7, 3, 4, 3, 4, 9, 10, 5, 6, 7, 9, 10, 5, 6, 7, 3, 4, 3, 4, 9, 10, 5, 6, 7, 9, 10, 5, 6, 7, 3, 4, 3, 4, 9, 10, 5, 6, 7, 9, 10, 5, 6, 7, 3, 4, 3, 4, 9, 10, 5, 6, 7, 9, 10, 5, 6, 7, 3, 4, 3, 4, 9, 10, 9, 10, 5, 6, 5, 6, 7, 3, 4, 3, 4, 9, 10, 9, 10, 5, 6, 5, 6, 7, 3, 4, 3, 4, 9, 10, 9, 10, 5, 6, 5, 6, 7, 3, 4, 3, 4, 9, 10, 5, 6, 7, 9, 10, 5, 6, 7, 3, 4, 3, 4, 9, 10, 5, 6, 9, 10, 7, 5, 6, 7, 3, 4, 3, 4, 9, 10, 9, 10, 5, 6, 7, 5, 6, 7, 3, 4, 3, 4, 9, 10, 9, 10, 5, 6, 5, 6, 7, 3, 4, 3, 4, 9, 10, 9, 10, 5, 6, 5, 6, 7, 3, 4, 3, 4, 9, 10, 9, 10, 5, 6, 7, 5, 6, 7, 3, 4, 3, 4, 9, 10, 5, 6, 7, 9, 10, 5, 6, 7, 3, 4, 3, 4, 9, 10, 5, 6, 7, 9, 10, 5, 6, 7, 3, 4, 3, 4, 9, 10, 5, 6, 7, 9, 10, 5, 6, 7, 3, 25, 26, 25, 26, 9, 10, 5, 6, 7, 9, 10, 5, 6, 7, 3, 25, 26, 3, 25, 26, 9, 10, 5, 6, 7, 9, 10, 5, 6, 7, 3, 25, 26, 3, 25, 26, 9, 10, 5, 6, 7, 9, 10, 5, 6, 7, 3, 25, 26, 25, 26, 9, 10, 9, 10, 3, 25, 26, 3, 25, 29]",False,0.018487394957983194
metered-concurrency,Concurrency_prepared,"[14, 17, 18, 19, 20, 18, 19, 20, 18, 19, 20, 18, 19, 20, 18, 19, 20, (, 2, 4, 6, 7, 8, 9, 10, 2, 4, 6, 7, 8, 9, 10, 2, 4, 6, 7, 8, 9, 10, 2, 4, 6, 7, 8, 9, 10, 2, 4, 6, 7, 8, 9, 10, 2, 4, 6, 7, 8, 9, 10, 2, 4, 6, 7, 8, 9, 10, 2, 4, 6, 7, 8, 9, 10, 2, 4, 6, 7, 8, 9, 10, 2, 4, 6, 7, 8, 9, 10, 2, 4, 6, 7, 8, 9, 10, 2, 4, 6, 7, 8, 9, 10, 2, 4, 6, 7, 8, 9, 10, 2, 4, 6, 7, 8, 9, 10, 2, 4, 6, 7, 8, 9, 10, 2, 4, 6, 7, 8, 9, 10, 2, 4, 6, 7, 8, 9, 10, 2, 4, 6, 7, 8, 9, 10, 2, 4, 6, 7, 8, 9, 10, 2, 4, 6, 7, 8, 9, 10, 2, 4, 6, 7, 8, 9, 10, 2, 4, 6, 7, 8, 9, 10, 2, 4, 6, 7, 8, 9, 10, 2, 4, 6, 7, 8, 9, 10, 2, 4, 6, 7, 8, 9, 10, 2, 4, 6, 7, 8, 9, 10, 2, 4, 6, 7, 8, 9, 10, 2, 4, 6, 7, 8, 9, 10, 2, 4, 6, 7, 8, 9, 10, 2, 4, 6, 7, 8, 9, 10, 2, 4, 6, 7, 8, 9, 10, 2, 4, 6, 7, 8, 9, 10, 2, 4, 6, 7, 8, 9, 10, 2, 4, 6, 7, 8, 9, 10, 2, 4, 6, 7, 8, 9, 10, 2, 4, 6, 7, 8, 9, 10, 2, 4, 6, 7, 8, 9, 10, 2, 4, 6, 7, 8, 9, 10, 2, 4, 6, 7, 8, 9, 10, 2, 4, 6, 7, 8, 9, 10, 2, 4, 6, 7, 8, 9, 10, 2, 4, 6, 7, 8, 9, 10, 2, 4, 6, 7, 8, 9, 10, 2, 4, 6, 7, 8, 9, 10, 2, 4, 6, 7, 8, 9, 10, 2, 4, 6, 7, 8, 9, 10, 2, 4, 6, 7, 8, 9, 10, 2, 4, 6, 7, 8, 9, 10, 2, 4, 6, 7, 8, 9, 10, 2, 4, 6, 7, 8, 9, 10, 2, 4, 6, 7, 8, 9, 10, 2, 4, 6, 7, 8, 9, 10, 2, 4, 6, 7, 8, 9, 10, 2, 4, 6, 7, 8, 9, 10, 2, 4, 6, 7, 8, 9, 10, 2, 4, 6, 7, 8, 9, 10, 2, 4, 6, 7, 8, 9, 10, 2, 4, 6, 7, 8, 9, 10, 2, 4, 6, 7, 8, 9, 10, 2, 4, 6, 7, 8, 9, 10, 2, 4, 6, 7, 8, 9, 10, 2, 4, 6, 7, 8, 9, 10, 2, 4, 6, 7, 8, 9, 10, 2, 4, 6, 7, 8, 9, 10, 2, 4, 6, 7, 8, 9, 10, 2, 4, 6, 7, 8, 9, 10, 2, 4, 6, 7, 8, 9, 10, 2, 4, 6, 7, 8, 9, 10, 2, 4, 6, 7, 8, 9, 10, 2, 4, 6, 7, 8, 9, 10, 2, 4, 6, 7, 8, 9, 10, 2, 4, 6, 7, 8, 9, 10, 2, 4, 6, 7, 8, 9, 10, 2, 4, 6, 7, 8, 9, 10, 2, 4, 6, 7, 8, 9, 10, 2, 4, 6, 7, 8, 9, 10, 2, 4, 6, 7, 8, 9, 10, 2, 4, 6, 7, 8, 9, 10, 2, 4, 6, 7, 8, 9, 10, 2, 4, 6, 7, 8, 9, 10, 2, 4, 6, 7, 8, 9, 10, 2, 4, 6, 7, 8, 9, 10, 2, 4, 6, 7, 8, 9, 10, 2, 4, 6, 7, 8, 9, 10, 2, 4, 6, 7, 8, 9, 10, 2, 4, 6, 7, 8, 9, 10, 2, 4, 6, 7, 8, 9, 10, 2, 4, 6, 7, 8, 9, 10, 2, 4, 6, 7, 8, 9, 10, 2, 4, 6, 7, 8, 9, 10, 2, 4, 6, 7, 8, 9, 10, 2, 4, 6, 7, 8, 9, 10, 2, 4, 6, 7, 8, 9, 10, 2, 4, 6, 7, 8, 9, 10, 2, 4, 6, 7, 8, 9, 10, 2, 4, 6, 7, 8, 9, 10, 2, 4, 6, 7, 8, 9, 10, 2, 4, 6, 7, 8, 9, 10, 2, 4, 6, 7, 8, 9, 10, 2, 4, 6, 7, 8, 9, 10, 2, 4, 6, 7, 8, 9, 10, 2, 4, 6, 7, 8, 9, 10, 2, 4, 6, 7, 8, 9, 10, 2, 4, 6, 7, 8, 9, 10, 2, 4, 6, 7, 8, 9, 10, 2, 4, 6, 7, 8, 9, 10, 2, 4, 6, 7, 8, 9, 10, 2, 4, 6, 7, 8, 9, 10, 2, 4, 6, 7, 8, 9, 10, 2, 4, 6, 7, 8, 9, 10, 2, 4, 6, 7, 8, 9, 10, 2, 4, 6, 7, 8, 9, 10, 2, 4, 6, 7, 8, 9, 10, 2, 4, 6, 7, 8, 9, 10, 2, 4, 6, 7, 8, 9, 10, 2, 4, 6, 7, 8, 9, 10, 2, 4, 6, 7, 8, 9, 10, 2, 4, 6, 7, 8, 9, 10, 2, 4, 6, 7, 8, 9, 10, 2, 4, 6, 7, 8, 9, 10, 2, 4, 6, 7, 8, 9, 10, 2, 4, 6, 7, 8, 9, 10, 2, 4, 6, 7, 8, 9, 10, 2, 4, 6, 7, 8, 9, 10, 2, 4, 6, 7, 8, 9, 10, 2, 4, 6, 7, 8, 9, 10, 2, 4, 6, 7, 8, 9, 10, 2, 4, 6, 7, 8, 9, 10, 2, 4, 6, 7, 8, 9, 10, 2, 4, 6, 7, 8, 9, 10, 2, 4, 6, 7, 8, 9, 10, 2, 4, 6, 7, 8, 9, 10, 2, 4, 6, 7, 8, 9, 10, 2, 4, 6, 7, 8, 9, 10, 2, 4, 6, 7, 8, 9, 10, 2, 4, 6, 7, 8, 9, 10, 2, 4, 6, 7, 8, 9, 10, 2, 4, 6, 7, 8, 9, 10, 2, 4, 6, 7, 8, 9, 10, 2, 4, 6, 7, 8, 9, 10, 2, 4, 6, 7, 8, 9, 10, 2, 4, 6, 7, 8, 9, 10, 2, 4, 6, 7, 8, 9, 10, 2, 4, 6, 7, 8, 9, 10, 2, 4, 6, 7, 8, 9, 10, 2, 4, 6, 7, 8, 9, 10, 2, 4, 6, 7, 8, 9, 10, 2, 4, 6, 7, 8, 9, 10, 2, 4, 6, 7, 8, 9, 10, 2, 4, 6, 7, 8, 9, 10, 2, 4, 6, 7, 8, 9, 10, 2, 4, 6, 7, 8, 9, 10, 2, 4, 6, 7, 8, 9, 10, 2, 4, 6, 7, 8, 9, 10, 2, 4, 6, 7, 8, 9, 10, 2, 4, 6, 7, 8, 9, 10, 2, 4, 6, 7, 8, 9, 10, 2, 4, 6, 7, 8, 9, 10, 2, 4, 6, 7, 8, 9, 10, 2, 4, 6, 7, 8, 9, 10, 2, 4, 6, 7, 8, 9, 10, 2, 4, 6, 7, 8, 9, 10, 2, 4, 6, 7, 8, 9, 10, 2, 4, 6, 7, 8, 9, 10, 2, 4, 6, 7, 8, 9, 10, 2, 4, 6, 7, 8, 9, 10, 2, 4, 6, 7, 8, 9, 10, 2, 4, 6, 7, 8, 9, 10, 2, 4, 6, 7, 8, 9, 10, 2, 4, 6, 7, 8, 9, 10, 2, 4, 6, 7, 8, 9, 10, 2, 4, 6, 7, 8, 9, 10, 2, 4, 6, 7, 8, 9, 10, 2, 4, 6, 7, 8, 9, 10, 2, 4, 6, 7, 8, 9, 10, 2, 4, 6, 7, 8, 9, 10, 2, 4, 6, 7, 8, 9, 10, 2, 4, 6, 7, 8, 9, 10, 2, 4, 6, 7, 8, 9, 10, 2, 4, 6, 7, 8, 9, 10, 2, 4, 6, 7, 8, 9, 10, 2, 4, 6, 7, 8, 9, 10, 2, 4, 6, 7, 8, 9, 10]","[14, 16, 17, 18, 19, (, 20, 2, 3, 4, 5, 6, 7, 17, 18, 19, 20, 2, 3, 4, 5, 6, 7, 17, 18, 19, 20, 2, 3, 4, 5, 6, 7, 17, 18, 19, 20, 2, 3, 4, 17, 18, 19, 20, 2, 3, 4, 17, 18, 19, 20, 2, 3, 4, 17, 24, ), 25, 9, 10, 5, 6, 9, 10, 9, 10, 5, 6, 7, 5, 6, 7, 3, 4, 3, 4, 3, 4, 9, 10, 5, 6, 9, 10, 5, 6, 7, 9, 10, 5, 6, 7, 3, 4, 3, 4, 3, 4, 9, 10, 9, 10, 5, 6, 5, 6, 7, 9, 10, 5, 6, 7, 3, 4, 3, 4, 3, 4, 9, 10, 9, 10, 5, 6, 5, 6, 7, 9, 10, 7, 5, 6, 7, 3, 4, 3, 4, 3, 4, 9, 10, 9, 10, 5, 6, 7, 9, 10, 5, 6, 7, 5, 6, 7, 3, 4, 3, 4, 3, 4, 9, 10, 5, 6, 9, 10, 9, 10, 5, 6, 7, 5, 6, 7, 3, 4, 3, 4, 3, 4, 9, 10, 9, 10, 5, 6, 7, 9, 10, 5, 6, 7, 5, 6, 7, 3, 4, 3, 4, 3, 4, 9, 10, 5, 6, 7, 9, 10, 9, 10, 5, 6, 7, 5, 6, 7, 3, 4, 3, 4, 3, 4, 9, 10, 5, 6, 7, 9, 10, 5, 6, 7, 9, 10, 5, 6, 7, 3, 24, 25, 3, 24, 25, 24, 25, 9, 10, 9, 10, 9, 10, 3, 24, 25, 3, 24, 25, 24, 28]",False,0.004726735598227474
metered-concurrency,Concurrency_prepared,"[14, 17, 18, 19, 20, 18, 19, 20, 18, 19, 20, 18, 19, 20, 18, 19, 20, 18, 19, 20, 18, 19, 20, 18, 19, 20, 18, 19, 20, 18, 19, 20, 18, 19, 20, 18, 19, 20, 18, 19, 20, 18, 19, 20, 18, 19, 20, 18, 19, 20, 18, 19, 20, 18, 19, 20, 18, 19, 20, 18, 19, 20, 18, 19, 20, 18, 19, 20, 18, 19, 20, 18, 19, 20, 18, 19, 20, 18, 19, 20, 18, 19, 20, 18, 19, 20, 18, 19, 20, 18, 19, 20, 18, 19, 20, 18, 19, 20, 18, 19, 20, 18, 19, 20, 18, 19, 20, 18, 19, 20, 18, 19, 20, 18, 19, 20, 18, 19, 20, 18, 19, 20, 18, 19, 20, 18, 19, 20, 18, 19, 20, 18, 19, 20, 18, 19, 20, 18, 19, 20, 18, 19, 20, 18, 19, 20, 18, 19, 20, 18, 19, 20, 18, 19, 20, 18, 19, 20, 18, 19, 20, 18, 19, 20, 18, 19, 20, 18, 19, 20, 18, 19, 20, 18, 19, 20, 18, 19, 20, 18, 19, 20, 18, 19, 20, 18, 19, 20, 18, 19, 20, 18, 19, 20, 18, 19, 20, 18, 19, 20, 18, 19, 20, 18, 19, 20, 18, 19, 20, 18, 19, 20, 18, 19, 20, 18, 19, 20, 18, 19, 20, 18, 19, 20, 18, 19, 20, 18, 19, 20, 18, 19, 20, 18, 19, 20, 18, 19, 20, 18, 19, 20, 18, 19, 20, 18, 19, 20, 18, 19, 20, 18, 19, 20, 18, 19, 20, 18, 19, 20, 18, 19, 20, 18, 19, 20, 18, 19, 20, 18, 19, 20, 18, 19, 20, 18, 19, 20, 18, 19, 20, 18, 19, 20, 18, 19, 20, 18, 19, 20, 18, 19, 20, 18, 19, 20, 18, 19, 20, 18, 19, 20, 18, 19, 20, 18, 19, 20, 18, 19, 20, 18, 19, 20, 18, 19, 20, 18, 19, 20, 18, 19, 20, 18, 19, 20, 18, 19, 20, 18, 19, 20, 18, 19, 20, 18, 19, 20, 18, 19, 20, 18, 19, 20, 18, 19, 20, 18, 19, 20, 18, 19, 20, 18, 19, 20, 18, 19, 20, 18, 19, 20, 18, 19, 20, 18, 19, 20, 18, 19, 20, 18, 19, 20, 18, 19, 20, 18, 19, 20, 18, 19, 20, 18, 19, 20, 18, 19, 20, 18, 19, 20, 18, 19, 20, 18, 19, 20, 18, 19, 20, 18, 19, 20, 18, 19, 20, 18, 19, 20, 18, 19, 20, 18, 19, 20, 18, 19, 20, 18, 19, 20, 18, 19, 20, 18, 19, 20, 18, 19, 20, 18, 19, 20, 18, 19, 20, 18, 19, 20, 18, 19, 20, 18, 19, 20, 18, 19, 20, 18, 19, 20, 18, 19, 20, 18, 19, 20, 18, 19, 20, 18, 19, 20, 18, 19, 20, 18, 19, 20, 18, 19, 20, 18, 19, 20, 18, 19, 20, 18, 19, 20, 18, 19, 20, 18, 19, 20, 18, 19, 20, 18, 19, 20, 18, 19, 20, 18, 19, 20, 18, 19, 20, 18, 19, 20, 18, 19, 20, 18, 19, 20, 18, 19, 20, 18, 19, 20, 18, 19, 20, 18, 19, 20, 18, 19, 20, 18, 19, 20, 18, 19, 20, 18, 19, 20, 18, 19, 20, 18, 19, 20, 18, 19, 20, 18, 19, 20, 18, 19, 20, 18, 19, 20, 18, 19, 20, 18, 19, 20, 18, 19, 20, 18, 19, 20, 18, 19, 20, 18, 19, 20, 18, 19, 20, 18, 19, 20, 18, 19, 20, 18, 19, 20, 18, 19, 20, 18, 19, 20, 18, 19, 20, 18, 19, 20, 18, 19, 20, 18, 19, 20, 18, 19, 20, 18, 19, 20, 18, 19, 20, 18, 19, 20, 18, 19, 20, 18, 19, 20, 18, 19, 20, 18, 19, 20, 18, 19, 20, 18, 19, 20, 18, 19, 20, 18, 19, 20, 18, 19, 20, 18, 19, 20, 18, 19, 20, 18, 19, 20, 18, 19, 20, 18, 19, 20, 18, 19, 20, 18, 19, 20, 18, 19, 20, 18, 19, 20, 18, 19, 20, 18, 19, 20, 18, 19, 20, 18, 19, 20, 18, 19, 20, 18, 19, 20, 18, 19, 20, 18, 19, 20, 18, 19, 20, 18, 19, 20, 18, 19, 20, 18, 19, 20, 18, 19, 20, 18, 19, 20, 18, 19, 20, 18, 19, 20, 18, 19, 20, 18, 19, 20, 18, 19, 20, 18, 19, 20, 18, 19, 20, 18, 19, 20, 18, 19, 20, 18, 19, 20, 18, 19, 20, 18, 19, 20, 18, 19, 20, 18, 19, 20, 18, 19, 20, 18, 19, 20, 18, 19, 20, 18, 19, 20, 18, 19, 20, 18, 19, 20, 18, 19, 20, 18, 19, 20, 18, 19, 20, 18, 19, 20, 18, 19, 20, 18, 19, 20, 18, 19, 20, 18, 19, 20, 18, 19, 20, 18, 19, 20, 18, 19, 20, 18, 19, 20, 18, 19, 20, 18, 19, 20, 18, 19, 20, 18, 19, 20, 18, 19, 20, 18, 19, 20, 18, 19, 20, 18, 19, 20, 18, 19, 20, 18, 19, 20, 18, 19, 20, 18, 19, 20, 18, 19, 20, 18, 19, 20, 18, 19, 20, 18, 19, 20, 18, 19, 20, 18, 19, 20, 18, 19, 20, 18, 19, 20, 18, 19, 20, 18, 19, 20, 18, 19, 20, 18, 19, 20, 18, 19, 20, 18, 19, 20, 18, 19, 20, 18, 19, 20, 18, 19, 20, 18, 19, 20, 18, 19, 20, 18, 19, 20, 18, 19, 20, 18, 19, 20, 18, 19, 20, 18, 19, 20, 18, 19, 20, 18, 19, 20, 18, 19, 20, 18, 19, 20, 18, 19, 20, 18, 19, 20, 18, 19, 20, 18, 19, 20, 18, 19, 20, 18, 19, 20, 18, 19, 20, 18, 19, 20, 18, 19, 20, 18, 19, 20, 18, 19, 20, 18, 19, 20, 18, 19, 20, 18, 19, 20, 18, 19, 20, 18, 19, 20, 18, 19, 20, 18, 19, 20, 18, 19, 20, 18, 19, 20, 18, 19, 20, 18, 19, 20, 18, 19, 20, 18, 19, 20, 18, 19, 20, 18, 19, 20, 18, 19, 20, 18, 19, 20, 18, 19, 20, 18, 19, 20, 18, 19, 20, 18, 19, 20, 18, 19]","[14, 16, 17, 18, 19, (, 20, 2, 17, 18, 19, 20, 3, 4, 5, 6, 7, 2, 3, 4, 5, 6, 7, 17, 18, 19, 20, 2, 3, 4, 5, 6, 7, 17, 18, 19, 20, 2, 3, 4, 5, 6, 7, 17, 18, 19, 20, 2, 3, 4, 5, 6, 7, 17, 18, 19, 20, 2, 3, 4, 17, 18, 19, 20, 2, 3, 4, 17, 18, 19, 20, 2, 3, 4, 17, 18, 19, 20, 2, 3, 4, 17, 18, 19, 20, 2, 3, 4, 17, 18, 19, 20, 2, 3, 4, 17, 18, 19, 20, 2, 3, 4, 17, 18, 19, 20, 2, 3, 4, 17, 18, 19, 20, 2, 3, 4, 17, 18, 19, 20, 2, 3, 4, 17, 24, ), 25, 9, 10, 5, 6, 9, 10, 9, 10, 9, 10, 5, 6, 7, 5, 6, 7, 5, 6, 7, 9, 10, 5, 6, 7, 3, 4, 3, 4, 3, 4, 3, 4, 3, 4, 9, 10, 9, 10, 9, 10, 5, 6, 5, 6, 7, 5, 6, 7, 9, 10, 5, 6, 7, 9, 10, 7, 5, 6, 7, 3, 4, 3, 4, 3, 4, 3, 4, 3, 4, 9, 10, 9, 10, 9, 10, 9, 10, 5, 6, 5, 6, 7, 5, 6, 7, 5, 6, 7, 9, 10, 5, 6, 7, 3, 4, 3, 4, 3, 4, 3, 4, 3, 4, 9, 10, 9, 10, 9, 10, 9, 10, 5, 6, 5, 6, 7, 5, 6, 7, 5, 6, 7, 9, 10, 5, 6, 7, 3, 4, 3, 4, 3, 4, 3, 4, 3, 4, 9, 10, 5, 6, 9, 10, 9, 10, 9, 10, 9, 10, 5, 6, 7, 5, 6, 7, 5, 6, 7, 5, 6, 7, 3, 4, 3, 4, 3, 4, 3, 4, 3, 4, 9, 10, 9, 10, 9, 10, 9, 10, 5, 6, 5, 6, 7, 5, 6, 7, 5, 6, 7, 9, 10, 5, 6, 7, 3, 4, 3, 4, 3, 4, 3, 4, 3, 4, 9, 10, 5, 6, 7, 9, 10, 9, 10, 9, 10, 9, 10, 5, 6, 7, 5, 6, 7, 5, 6, 7, 5, 6, 7, 3, 4, 3, 4, 3, 4, 3, 4, 3, 4, 9, 10, 5, 6, 9, 10, 9, 10, 9, 10, 9, 10, 5, 6, 7, 5, 6, 7, 5, 6, 7, 5, 6, 7, 3, 4, 3, 4, 3, 4, 3, 4, 3, 4, 9, 10, 9, 10, 9, 10, 9, 10, 5, 6, 9, 10, 5, 6, 7, 5, 6, 7, 5, 6, 7, 5, 6, 7, 3, 4, 3, 4, 3, 4, 3, 4, 3, 4, 9, 10, 5, 6, 7, 9, 10, 9, 10, 5, 6, 7, 5, 6, 7, 9, 10, 5, 6, 7, 9, 10, 5, 6, 7, 3, 4, 3, 4, 3, 4, 3, 4, 3, 4, 9, 10, 9, 10, 5, 6, 5, 6, 7, 9, 10, 9, 10, 9, 10, 5, 6, 7, 5, 6, 7, 5, 6, 7, 3, 4, 3, 4, 3, 4, 3, 4, 3, 4, 9, 10, 5, 6, 7, 9, 10, 9, 10, 9, 10, 5, 6, 7, 5, 6, 7, 5, 6, 7, 9, 10, 5, 6, 7, 3, 4, 3, 4, 3, 4, 3, 4, 3, 4, 9, 10, 5, 6, 7, 9, 10, 5, 6, 7, 9, 10, 9, 10, 5, 6, 7, 9, 10, 5, 6, 7, 5, 6, 7, 3, 24, 25, 24, 25, 24, 25, 24, 25, 24, 25, 9, 10, 9, 10, 5, 6, 5, 6, 7, 9, 10, 9, 10, 7, 9, 10, 5, 6, 7, 5, 6, 7, 5, 6, 7, 3, 24, 25, 3, 24, 25, 24, 25, 24, 25, 3, 24, 25, 9, 10, 9, 10, 9, 10, 9, 10, 9, 10, 3, 24, 25, 3, 24, 25, 24, 25, 24, 25, 24, 28]",False,0.005321507760532151
metered-concurrency,Concurrency_prepared,"[14, 17, 18, 19, 20, 21, 19, 20, 21, 19, 20, 21, 19, 20, 21, 19, 20, 21, 19, 20, 21, 19, 20, 21, 19, 20, 21, 19, 20, 21, 19, 20, 21, (, 2, 3, 4, 5, 6, 7, 8, 9, 10, 2, 3, 4, 5, 6, 7, 8, 9, 10, 2, 3, 4, 5, 6, 7, 8, 9, 10, 2, 3, 4, 5, 6, 7, 8, 9, 10, 2, 3, 4, 5, 6, 7, 8, 9, 10, 2, 3, 4, 5, 6, 7, 8, 9, 10, 2, 3, 4, 5, 6, 7, 8, 9, 10, 2, 3, 4, 5, 6, 7, 8, 9, 10, 2, 3, 4, 5, 6, 7, 8, 9, 10, 2, 3, 4, 5, 6, 7, 8, 9, 10, 2, 3, 4, 5, 6, 7, 8, 9, 10, 2, 3, 4, 5, 6, 7, 8, 9, 10, 2, 3, 4, 5, 6, 7, 8, 9, 10, 2, 3, 4, 5, 6, 7, 8, 9, 10, 2, 3, 4, 5, 6, 7, 8, 9, 10, 2, 3, 4, 5, 6, 7, 8, 9, 10, 2, 3, 4, 5, 6, 7, 8, 9, 10, 2, 3, 4, 5, 6, 7, 8, 9, 10, 2, 3, 4, 5, 6, 7, 8, 9, 10, 2, 3, 4, 5, 6, 7, 8, 9, 10, 2, 3, 4, 5, 6, 7, 8, 9, 10, 2, 3, 4, 5, 6, 7, 8, 9, 10, 2, 3, 4, 5, 6, 7, 8, 9, 10, 2, 3, 4, 5, 6, 7, 8, 9, 10, 2, 3, 4, 5, 6, 7, 8, 9, 10, 2, 3, 4, 5, 6, 7, 8, 9, 10, 2, 3, 4, 5, 6, 7, 8, 9, 10, 2, 3, 4, 5, 6, 7, 8, 9, 10, 2, 3, 4, 5, 6, 7, 8, 9, 10, 2, 3, 4, 5, 6, 7, 8, 9, 10, 2, 3, 4, 5, 6, 7, 8, 9, 10, 2, 3, 4, 5, 6, 7, 8, 9, 10, 2, 3, 4, 5, 6, 7, 8, 9, 10, 2, 3, 4, 5, 6, 7, 8, 9, 10, 2, 3, 4, 5, 6, 7, 8, 9, 10, 2, 3, 4, 5, 6, 7, 8, 9, 10, 2, 3, 4, 5, 6, 7, 8, 9, 10, 2, 3, 4, 5, 6, 7, 8, 9, 10, 2, 3, 4, 5, 6, 7, 8, 9, 10, 2, 3, 4, 5, 6, 7, 8, 9, 10, 2, 3, 4, 5, 6, 7, 8, 9, 10, 2, 3, 4, 5, 6, 7, 8, 9, 10, 2, 3, 4, 5, 6, 7, 8, 9, 10, 2, 3, 4, 5, 6, 7, 8, 9, 10, 2, 3, 4, 5, 6, 7, 8, 9, 10, 2, 3, 4, 5, 6, 7, 8, 9, 10, 2, 3, 4, 5, 6, 7, 8, 9, 10, 2, 3, 4, 5, 6, 7, 8, 9, 10, 2, 3, 4, 5, 6, 7, 8, 9, 10, 2, 3, 4, 5, 6, 7, 8, 9, 10, 2, 3, 4, 5, 6, 7, 8, 9, 10, 2, 3, 4, 5, 6, 7, 8, 9, 10, 2, 3, 4, 5, 6, 7, 8, 9, 10, 2, 3, 4, 5, 6, 7, 8, 9, 10, 2, 3, 4, 5, 6, 7, 8, 9, 10, 2, 3, 4, 5, 6, 7, 8, 9, 10, 2, 3, 4, 5, 6, 7, 8, 9, 10, 2, 3, 4, 5, 6, 7, 8, 9, 10, 2, 3, 4, 5, 6, 7, 8, 9, 10, 2, 3, 4, 5, 6, 7, 8, 9, 10, 2, 3, 4, 5, 6, 7, 8, 9, 10, 2, 3, 4, 5, 6, 7, 8, 9, 10, 2, 3, 4, 5, 6, 7, 8, 9, 10, 2, 3, 4, 5, 6, 7, 8, 9, 10, 2, 3, 4, 5, 6, 7, 8, 9, 10, 2, 3, 4, 5, 6, 7, 8, 9, 10, 2, 3, 4, 5, 6, 7, 8, 9, 10, 2, 3, 4, 5, 6, 7, 8, 9, 10, 2, 3, 4, 5, 6, 7, 8, 9, 10, 2, 3, 4, 5, 6, 7, 8, 9, 10, 2, 3, 4, 5, 6, 7, 8, 9, 10, 2, 3, 4, 5, 6, 7, 8, 9, 10, 2, 3, 4, 5, 6, 7, 8, 9, 10, 2, 3, 4, 5, 6, 7, 8, 9, 10, 2, 3, 4, 5, 6, 7, 8, 9, 10, 2, 3, 4, 5, 6, 7, 8, 9, 10, 2, 3, 4, 5, 6, 7, 8, 9, 10, 2, 3, 4, 5, 6, 7, 8, 9, 10, 2, 3, 4, 5, 6, 7, 8, 9, 10, 2, 3, 4, 5, 6, 7, 8, 9, 10, 2, 3, 4, 5, 6, 7, 8, 9, 10, 2, 3, 4, 5, 6, 7, 8, 9, 10, 2, 3, 4, 5, 6, 7, 8, 9, 10, 2, 3, 4, 5, 6, 7, 8, 9, 10, 2, 3, 4, 5, 6, 7, 8, 9, 10, 2, 3, 4, 5, 6, 7, 8, 9, 10, 2, 3, 4, 5, 6, 7, 8, 9, 10, 2, 3, 4, 5, 6, 7, 8, 9, 10, 2, 3, 4, 5, 6, 7, 8, 9, 10, 2, 3, 4, 5, 6, 7, 8, 9, 10, 2, 3, 4, 5, 6, 7, 8, 9, 10, 2, 3, 4, 5, 6, 7, 8, 9, 10, 2, 3, 4, 5, 6, 7, 8, 9, 10, 2, 3, 4, 5, 6, 7, 8, 9, 10, 2, 3, 4, 5, 6, 7, 8, 9, 10, 2, 3, 4, 5, 6, 7, 8, 9, 10, 2, 3, 4, 5, 6, 7, 8, 9, 10, 2, 3, 4, 5, 6, 7, 8, 9, 10, 2, 3, 4, 5, 6, 7, 8, 9, 10, 2, 3, 4, 5, 6, 7, 8, 9, 10, 2, 3, 4, 5, 6, 7, 8, 9, 10, 2, 3, 4, 5, 6, 7, 8, 9, 10, 2, 3, 4, 5, 6, 7, 8, 9, 10, 2, 3, 4, 5, 6, 7, 8, 9, 10, 2, 3, 4, 5, 6, 7, 8, 9, 10, 2, 3, 4, 5, 6, 7, 8, 9, 10, 2, 3, 4, 5, 6, 7, 8, 9, 10, 2, 3, 4, 5, 6, 7, 8, 9, 10, 2, 3, 4, 5, 6, 7, 8, 9, 10, 2, 3, 4, 5, 6, 7, 8, 9, 10, 2, 3, 4, 5, 6, 7, 8, 9, 10, 2, 3, 4, 5, 6, 7, 8, 9, 10, 2, 3, 4, 5, 6, 7, 8, 9, 10, 2, 3, 4, 5, 6, 7, 8, 9, 10, 2, 3, 4, 5, 6, 7, 8, 9, 10, 2, 3, 4, 5, 6, 7, 8, 9, 10, 2, 3, 4, 5, 6, 7, 8, 9, 10, 2, 3, 4, 5, 6, 7, 8, 9, 10, 2, 3, 4, 5, 6, 7, 8, 9, 10, 2, 3, 4, 5, 6, 7, 8, 9, 10, 2, 3, 4, 5, 6, 7, 8, 9, 10, 2, 3, 4, 5, 6, 7, 8, 9, 10, 2, 3, 4, 5, 6, 7, 8, 9, 10, 2, 3, 4, 5, 6, 7, 8, 9, 10, 2, 3, 4, 5, 6, 7, 8, 9, 10, 2, 3, 4, 5, 6, 7, 8, 9, 10, 2, 3, 4, 5, 6, 7, 8, 9, 10, 2, 3, 4, 5, 6, 7, 8, 9, 10, 2, 3, 4, 5, 6, 7, 8, 9, 10, 2, 3, 4, 5, 6, 7, 8, 9, 10, 2, 3, 4, 5, 6, 7, 8, 9, 10, 2, 3, 4, 5, 6, 7, 8, 9, 10, 2, 3, 4, 5, 6, 7, 8, 9, 10, 2, 3, 4, 5, 6, 7, 8, 9, 10, 2, 3, 4, 5, 6, 7, 8, 9, 10, 2, 3, 4, 5, 6, 7, 8, 9, 10, 2, 3, 4, 5, 6, 7, 8, 9, 10, 2, 3, 4, 5, 6, 7, 8, 9, 10, 2, 3, 4, 5, 6, 7, 8, 9, 10, 2, 3, 4, 5, 6, 7, 8, 9, 10, 2, 3, 4, 5, 6, 7, 8, 9, 10, 2, 3, 4, 5, 6]","[14, 17, 18, 19, 20, (, 21, 2, 3, 4, 5, 6, 7, 18, 19, 20, 21, 2, 3, 4, 5, 6, 7, 18, 19, 20, 21, 2, 3, 4, 5, 6, 7, 18, 19, 20, 21, 2, 3, 4, 5, 6, 7, 18, 19, 20, 21, 2, 3, 4, 5, 6, 7, 18, 19, 20, 21, 2, 3, 4, 5, 6, 7, 18, 19, 20, 21, 2, 3, 4, 5, 6, 7, 18, 19, 20, 21, 2, 3, 4, 5, 6, 7, 18, 19, 20, 21, 2, 3, 4, 5, 6, 7, 18, 19, 20, 21, 2, 3, 4, 5, 6, 7, 18, 19, 20, 21, 2, 3, 4, 5, 6, 7, 18, 19, 20, 21, 2, 3, 4, 5, 6, 7, 18, 25, ), 26, 9, 10, 9, 10, 9, 10, 9, 10, 9, 10, 9, 10, 9, 10, 9, 10, 9, 10, 9, 10, 9, 10, 9, 10, 3, 4, 5, 6, 7, 3, 4, 5, 6, 7, 3, 4, 5, 6, 7, 3, 4, 5, 6, 7, 3, 4, 5, 6, 7, 3, 4, 5, 6, 7, 3, 4, 5, 6, 7, 3, 4, 5, 6, 7, 3, 4, 5, 6, 7, 3, 4, 5, 6, 7, 3, 4, 5, 6, 7, 3, 4, 5, 6, 7, 9, 10, 9, 10, 9, 10, 9, 10, 9, 10, 9, 10, 9, 10, 9, 10, 9, 10, 9, 10, 9, 10, 9, 10, 3, 4, 5, 6, 7, 3, 4, 5, 6, 7, 3, 4, 5, 6, 7, 3, 4, 5, 6, 7, 3, 4, 5, 6, 7, 3, 4, 5, 6, 7, 3, 4, 5, 6, 7, 3, 4, 5, 6, 7, 3, 4, 5, 6, 7, 3, 4, 5, 6, 7, 3, 4, 5, 6, 7, 3, 4, 5, 6, 7, 9, 10, 9, 10, 9, 10, 9, 10, 9, 10, 9, 10, 9, 10, 9, 10, 9, 10, 9, 10, 9, 10, 9, 10, 3, 4, 5, 6, 7, 3, 4, 5, 6, 7, 3, 4, 5, 6, 7, 3, 4, 5, 6, 7, 3, 4, 5, 6, 7, 3, 4, 5, 6, 7, 3, 4, 5, 6, 7, 3, 4, 5, 6, 7, 3, 4, 5, 6, 7, 3, 4, 5, 6, 7, 3, 4, 5, 6, 7, 3, 4, 5, 6, 7, 9, 10, 9, 10, 9, 10, 9, 10, 9, 10, 9, 10, 9, 10, 9, 10, 9, 10, 9, 10, 9, 10, 9, 10, 3, 4, 5, 6, 7, 3, 4, 5, 6, 7, 3, 4, 5, 6, 7, 3, 4, 5, 6, 7, 3, 4, 5, 6, 7, 3, 4, 5, 6, 7, 3, 4, 5, 6, 7, 3, 4, 5, 6, 7, 3, 4, 5, 6, 7, 3, 4, 5, 6, 7, 3, 4, 5, 6, 7, 3, 4, 5, 6, 7, 9, 10, 9, 10, 9, 10, 9, 10, 9, 10, 9, 10, 9, 10, 9, 10, 9, 10, 9, 10, 9, 10, 9, 10, 3, 25, 26, 25, 26, 25, 26, 25, 26, 3, 25, 26, 25, 26, 25, 26, 25, 26, 3, 25, 26, 3, 25, 26, 3, 25, 26, 3, 25, 29]",False,0.009093205354887599
metered-concurrency,Concurrency_prepared,"[14, (,19,21,2,3,4,6,7,8,9,10,19,21,2,3,4,6,7,8,9,10,19,21,2,3,4,6,7,8,9,10,19,21,2,3,4,6,7,8,9,10,19,21,2,3,4,6,7,8,9,10,19,21,2,3,4,6,7,8,9,10,19,21,2,3,4,6,7,8,9,10,19,21,2,3,4,6,7,8,9,10,19,21,2,3,4,6,7,8,9,10,19,21,2,3,4,6,7,8,9,10,19,21,2,3,4,6,7,8,9,10,19,21,2,3,4,6,7,8,9,10,19,21,2,3,4,6,7,8,9,10,19,21,2,3,4,6,7,8,9,10,19,21,2,3,4,6,7,8,9,10,19,21,2,3,4,6,7,8,9,10,19,21,2,3,4,6,7,8,9,10,19,21,2,3,4,6,7,8,9,10,19,21,2,3,4,6,7,8,9,10,19,21,2,3,4,6,7,8,9,10,19,21,2,3,4,6,7,8,9,10,19,21,2,3,4,6,7,8,9,10,19,21,2,3,4,6,7,8,9,10,19,21,2,3,4,6,7,8,9,10,19,21,2,3,4,6,7,8,9,10,19,21,2,3,4,6,7,8,9,10,19,21,2,3,4,6,7,8,9,10,19,21,2,3,4,6,7,8,9,10,19,21,2,3,4,6,7,8,9,10,19,21,2,3,4,6,7,8,9,10,19,21,2,3,4,6,7,8,9,10,19,21,2,3,4,6,7,8,9,10,19,21,2,3,4,6,7,8,9,10,19,21,2,3,4,6,7,8,9,10,19,21,2,3,4,6,7,8,9,10,19,21,2,3,4,6,7,8,9,10,19,21,2,3,4,6,7,8,9,10,19,21,2,3,4,6,7,8,9,10,19,21,2,3,4,6,7,8,9,10,19,21,2,3,4,6,7,8,9,10,19,21,2,3,4,6,7,8,9,10,19,21,2,3,4,6,7,8,9,10,19,21,2,3,4,6,7,8,9,10,19,21,2,3,4,6,7,8,9,10,19,21,2,3,4,6,7,8,9,10,19,21,2,3,4,6,7,8,9,10,19,21,2,3,4,6,7,8,9,10,19,21,2,3,4,6,7,8,9,10,19,21,2,3,4,6,7,8,9,10,19,21,2,3,4,6,7,8,9,10,19,21,2,3,4,6,7,8,9,10,19,21,2,3,4,6,7,8,9,10,19,21,2,3,4,6,7,8,9,10,19,21,2,3,4,6,7,8,9,10,19,21,2,3,4,6,7,8,9,10,19,21,2,3,4,6,7,8,9,10,19,21,2,3,4,6,7,8,9,10,19,21,2,3,4,6,7,8,9,10,19,21,2,3,4,6,7,8,9,10,19,21,2,3,4,6,7,8,9,10,19,21,2,3,4,6,7,8,9,10,19,21,2,3,4,6,7,8,9,10,19,21,2,3,4,6,7,8,9,10,19,21,2,3,4,6,7,8,9,10,19,21,2,3,4,6,7,8,9,10,19,21,2,3,4,6,7,8,9,10,19,21,2,3,4,6,7,8,9,10,19,21,2,3,4,6,7,8,9,10,19,21,2,3,4,6,7,8,9,10,19,21,2,3,4,6,7,8,9,10,19,21,2,3,4,6,7,8,9,10,19,21,2,3,4,6,7,8,9,10,19,21,2,3,4,6,7,8,9,10,19,21,2,3,4,6,7,8,9,10,19,21,2,3,4,6,7,8,9,10,19,21,2,3,4,6,7,8,9,10,19,21,2,3,4,6,7,8,9,10,19,21,2,3,4,6,7,8,9,10,19,21,2,3,4,6,7,8,9,10,19,21,2,3,4,6,7,8,9,10,19,21,2,3,4,6,7,8,9,10,19,21,2,3,4,6,7,8,9,10,19,21,2,3,4,6,7,8,9,10,19,21,2,3,4,6,7,8,9,10,19,21,2,3,4,6,7,8,9,10,19,21,2,3,4,6,7,8,9,10,19,21,2,3,4,6,7,8,9,10,19,21,2,3,4,6,7,8,9,10,19,21,2,3,4,6,7,8,9,10,19,21,2,3,4,6,7,8,9,10,19,21,2,3,4,6,7,8,9,10,19,21,2,3,4,6,7,8,9,10,19,21,2,3,4,6,7,8,9,10,19,21,2,3,4,6,7,8,9,10,19,21,2,3,4,6,7,8,9,10,19,21,2,3,4,6,7,8,9,10,19,21,2,3,4,6,7,8,9,10,19,21,2,3,4,6,7,8,9,10,19,21,2,3,4,6,7,8,9,10,19,21,2,3,4,6,7,8,9,10,19,21,2,3,4,6,7,8,9,10,19,21,2,3,4,6,7,8,9,10,19,21,2,3,4,6,7,8,9,10,19,21,2,3,4,6,7,8,9,10,19,21,2,3,4,6,7,8,9,10,19,21,2,3,4,6,7,8,9,10,19,21,2,3,4,6,7,8,9,10,19,21,2,3,4,6,7,8,9,10,19,21,2,3,4,6,7,8,9,10,19,21,2,3,4,6,7,8,9,10,19,21,2,3,4,6,7,8,9,10,19,21,2,3,4,6,7,8,9,10,19,21,2,3,4,6,7,8,9,10,19,21,2,3,4,6,7,8,9,10,19,21,2,3,4,6,7,8,9,10,19,21,2,3,4,6,7,8,9,10,19,21,2,3,4,6,7,8,9,10,19,21,2,3,4,6,7,8,9,10,19,21,2,3,4,6,7,8,9,10,19,21,2,3,4,6,7,8,9,10,19,21,2,3,4,6,7,8,9,10,19,21,2,3,4,6,7,8,9,10,19,21,2,3,4,6,7,8,9,10,19,21,2,3,4,6,7,8,9,10,19,21,2,3,4,6,7,8,9,10,19,21,2,3,4,6,7,8,9,10,19,21,2,3,4,6,7,8,9,10,19,21,2,3,4,6,7,8,9,10,19,21,2,3,4,6,7,8,9,10,19,21,2,3,4,6,7,8,9,10,19,21,2,3,4,6,7,8,9,10,19,21,2,3,4,6,7,8,9,10,19,21,2,3,4,6,7,8,9,10,19,21,2,3,4,6,7,8,9,10,19,21,2,3,4,6,7,8,9,10,19,21,2,3,4,6,7,8,9,10,19,21,2,3,4,6,7,8,9,10,19,21,2,3,4,6,7,8,9,10,19,21,2,3,4,6,7,8,9,10,19,21,2,3,4,6,7,8,9,10,19,21,2,3,4,6,7,8,9,10,19,21,2,3,4,6,7,8,9,10,19,21,2,3,4,6,7,8,9,10,19,21,2,3,4,6,7,8,9,10,19,21,2,3,4,6,7,8,9,10,19,21,2,3,4,6,7,8,9,10,19,21,2,3,4,6,7,8,9,10,19,21,2,3,4,6,7,8,9,10,19,21,2,3,4,6,7,8,9,10,19,21,2,3,4,6,7,8,9,10,19,21,2,3,4,6,7,8,9,10,19,21,2,3,4,6,7,8,9,10,19,21,2,3,4,6,7,8,9,10,19,21,2,3,4,6,7,8,9,10,19,21,2,3,4,6,7,8,9,10,19,21,2,3,4,6,7,8,9,10,19,21,2,3,4,6,7,8,9,10,19,21,2,3,4,6,7,8,9,10,19,21,2,3,4,6,7,8,9,10,19,21,2,3,4,6,7,8,9,10,19,21,2,3,4,6,7,8,9,10,19,21,2,3,4,6,7,8,9,10,19,21,2,3,4,6,7,8,9,10,19,21,2,3,4,6,7,8,9,10,19,21,2,3,4,6,7,8,9,10,19,21,2,3,4,6,7,8,9,10,19,21,2,3,4,6,7,8,9,10,19,21,2,3,4,6,7,8,9,10,19,21,2,3,4,6,7,8,9,10,19,21,2,3,4,6,7,8,9,10,19,21,2,3,4,6,7,8,9,10,19,21,2,3,4,6,7,8,9,10,19,21,2,3,4,6,7,8,9,10,19,21,2,3,4,6,7,8,9,10,19,21,2,3,4,6,7,8,9,10,19,21,2,3,4,6,7,8,9,10,19,21,2,3,4,6,7,8,9,10,19,21,2,3,4,6,7,8,9]","[14, 17, 18, 19, 20, (, 21, 2, 18, 19, 20, 21, 3, 4, 5, 6, 7, 2, 3, 4, 18, 19, 20, 21, 2, 3, 4, 18, 19, 20, 21, 2, 3, 4, 18, 19, 20, 21, 2, 3, 4, 18, 19, 20, 21, 2, 3, 4, 18, 19, 20, 21, 2, 3, 4, 18, 19, 20, 21, 2, 3, 4, 18, 19, 20, 21, 2, 3, 4, 18, 19, 20, 21, 2, 3, 4, 18, 19, 20, 21, 2, 3, 4, 18, 19, 20, 21, 2, 3, 4, 18, 25, ), 26, 9, 10, 5, 6, 7, 3, 4, 9, 10, 5, 6, 7, 3, 4, 9, 10, 5, 6, 7, 3, 4, 9, 10, 5, 6, 7, 3, 4, 9, 10, 5, 6, 7, 3, 4, 9, 10, 5, 6, 7, 3, 4, 9, 10, 5, 6, 7, 3, 4, 9, 10, 5, 6, 7, 3, 4, 9, 10, 5, 6, 7, 3, 4, 9, 10, 5, 6, 7, 3, 4, 9, 10, 5, 6, 7, 3, 4, 9, 10, 5, 6, 7, 3, 4, 9, 10, 5, 6, 7, 3, 4, 9, 10, 5, 6, 7, 3, 4, 9, 10, 5, 6, 7, 3, 4, 9, 10, 5, 6, 7, 3, 4, 9, 10, 5, 6, 7, 3, 4, 9, 10, 5, 6, 7, 3, 4, 9, 10, 5, 6, 7, 3, 4, 9, 10, 5, 6, 7, 3, 4, 9, 10, 5, 6, 7, 3, 4, 9, 10, 5, 6, 7, 3, 4, 9, 10, 5, 6, 7, 3, 4, 9, 10, 5, 6, 7, 3, 4, 9, 10, 5, 6, 7, 3, 4, 9, 10, 5, 6, 7, 3, 4, 9, 10, 5, 6, 7, 3, 4, 9, 10, 5, 6, 7, 3, 4, 9, 10, 5, 6, 7, 3, 4, 9, 10, 5, 6, 7, 3, 4, 9, 10, 5, 6, 7, 3, 4, 9, 10, 5, 6, 7, 3, 4, 9, 10, 5, 6, 7, 3, 4, 9, 10, 5, 6, 7, 3, 4, 9, 10, 5, 6, 7, 3, 4, 9, 10, 5, 6, 7, 3, 4, 9, 10, 5, 6, 7, 3, 4, 9, 10, 5, 6, 7, 3, 4, 9, 10, 5, 6, 7, 3, 4, 9, 10, 5, 6, 7, 3, 4, 9, 10, 5, 6, 7, 3, 4, 9, 10, 5, 6, 7, 3, 4, 9, 10, 5, 6, 7, 3, 4, 9, 10, 5, 6, 7, 3, 4, 9, 10, 5, 6, 7, 3, 4, 9, 10, 5, 6, 7, 3, 4, 9, 10, 5, 6, 7, 3, 4, 9, 10, 5, 6, 7, 3, 4, 9, 10, 5, 6, 7, 3, 25, 26, 9, 10, 5, 6, 7, 3, 25, 26, 9, 10, 5, 6, 7, 3, 25, 26, 9, 10, 5, 6, 7, 3, 25, 26, 9, 10, 5, 6, 7, 3, 25, 26, 9, 10, 5, 6, 7, 3, 25, 26, 9, 10, 5, 6, 7, 3, 25, 26, 9, 10, 5, 6, 7, 3, 25, 26, 9, 10, 5, 6, 7, 3, 25, 26, 9, 10, 5, 6, 7, 3, 25, 26, 9, 10, 5, 6, 7, 3, 25, 26, 9, 10, 3, 25, 29]",False,0.0018950161076369148
rendezvous,Concurrency_prepared,"[60, 61, 56, (, 48, 49, 50, 13, 19, 20, 21, 51, 39, 40, 41, 13, 19, 20, 21, 42, 48, 49, 50, 13, 19, 20, 21, 51, 39, 40, 41, 13, 19, 20, 21, 42, 48, 49, 50, 13, 19, 20, 21, 51, 39, 40, 41, 13, 19, 20, 21, 42, 48, 49, 50, 13, 19, 20, 21, 51, 43, 54, 45, 48, 49, 50, 13, 19, 20, 21, 51, 43, 54, 45,), 57]","[61, 2, 3, 6, 7, 13, 24, 8, 9, 11, 25, 8, 9, 11, 28, 29, 27, 32, 38, 47, (, 56, 48, 49, 50, 51, 39, 40, 41, 42, 14, 20, 21, 14, 20, 21, 48, 49, 50, 51, 39, 40, 41, 42, 14, 20, 21, 14, 20, 21, 48, 49, 50, 51, 39, 14, 20, 21, 48, )]",False,0.02030456852791878
rendezvous,Concurrency_prepared,"[23, 24, 44, 53, 62, (, 54, 45, 47, 13, 20, 21, 56, 13, 20, 21, 54, 45, 47, 13, 20, 21, 56, 13, 20, 21, 54, 45, 47, 13, 20, 21, 56, 13, 20, 21, 54, 45, 47, 13, 20, 21, 56, 13, 20, 21, 54, 45, 47, 13, 20, 21, 56, 13, 20, 21, 54, 45, 47, 13, 20, 21, 56, 13, 20, 21, 54, 45, 47, 13, 20, 21, 56, 13, 20, 21, 54, 45, 47, 13, 20, 21, 56, 13, 20, 21, 54, 45, 47, 13, 20, 21, 56, 13, 20, 21, 54, 45, 47, 13, 20, 21, 56, 13, 20, 21, 54, 45, 47, 13, 20, 21, 56, 13, 20, 21, 54, 45, 47, 13, 20, 21, 56, 13, 20, 21, 54, 45, 47, 13, 20, 21, 56, 13, 20, 21, 54, 45, 47, 13, 20, 21, 56, 13, 20, 21, 54, 45, 47, 13, 20, 21, 56, 13, 20, 21, 54, 45, 47, 13, 20, 21, 56, 13, 20, 21, 54, 45, 47, 13, 20, 21, 56, 13, 20, 21, 54, 45, 47, 13, 20, 21, 56, 13, 20, 21, 54, 45, 47, 13, 20, 21, 56, 13, 20, 21, 54, 45, 47, 13, 20, 21, 56, 13, 20, 21, 54, 45, 47, 13, 20, 21, 56, 13, 20, 21, 54, 45, 47, 13, 20, 21, 56, 13, 20, 21, 54, 45, 47, 13, 20, 21, 56, 13, 20, 21, 54, 45, 47, 13, 20, 21, 56, 13, 20, 21, 54, 45, 47, 13, 20, 21, 56, 13, 20, 21, 54, 45, 47, 13, 20, 21, 56, 13, 20, 21, 54, 45, 47, 13, 20, 21, 56, 13, 20, 21, 54, 45, 47, 13, 20, 21, 56, 13, 20, 21, 54, 45, 47, 13, 20, 21, 56, 13, 20, 21, 54, 45, 47, 13, 20, 21, 56, 13, 20, 21, 54, 45, 47, 13, 20, 21, 56, 13, 20, 21, 54, 45, 47, 13, 20, 21, 56, 13, 20, 21, 54, 45, 47, 13, 20, 21, 56, 13, 20, 21, 54, 45, 47, 13, 20, 21, 56, 13, 20, 21, 54, 45, 47, 13, 20, 21, 56, 13, 20, 21, 54, 45, 47, 13, 20, 21, 56, 13, 20, 21, 54, 45, 47, 13, 20, 21, 56, 13, 20, 21, 54, 45, 47, 13, 20, 21, 56, 13, 20, 21, 54, 45, 47, 13, 20, 21, 56, 13, 20, 21, 54, 45, 47, 13, 20, 21, 56, 13, 20, 21, 54, 45, 47, 13, 20, 21, 56, 13, 20, 21, 54, 45, 47, 13, 20, 21, 56, 13, 20, 21, 54, 45, 47, 13, 20, 21, 56, 13, 20, 21, 54, 45, 47, 13, 20, 21, 56, 13, 20, 21, 54, 45, 47, 13, 20, 21, 56, 13, 20, 21, 54, 45, 47, 13, 20, 21, 56, 13, 20, 21, 54, 45, 47, 13, 20, 21, 56, 13, 20, 21, 54, 45, 47, 13, 20, 21, 56, 13, 20, 21, 54, 45, 47, 13, 20, 21, 56, 13, 20, 21, 54, 45, 47, 13, 20, 21, 56, 13, 20, 21, 54, 45, 47, 13, 20, 21, 56, 13, 20, 21, 54, 45, 47, 13, 20, 21, 56, 13, 20, 21, 54, 45, 47, 13, 20, 21, 56, 13, 20, 21, 54, 45, 47, 13, 20, 21, 56, 13, 20, 21, 54, 45, 47, 13, 20, 21, 56, 13, 20, 21, 54, 45, 47, 13, 20, 21, 56, 13, 20, 21, 54, 45, 47, 13, 20, 21, 56, 13, 20, 21, 54, 45, 47, 13, 20, 21, 56, 13, 20, 21, 54, 45, 47, 13, 20, 21, 56, 13, 20, 21, 54, 45, 47, 13, 20, 21, 56, 13, 20, 21, 54, 45, 47, 13, 20, 21, 56, 13, 20, 21, 54, 45, 47, 13, 20, 21, 56, 13, 20, 21, 54, 45, 47, 13, 20, 21, 56, 13, 20, 21, 54, 45, 47, 13, 20, 21, 56, 13, 20, 21, 54, 45, 47, 13, 20, 21, 56, 13, 20, 21, 54, 45, 47, 13, 20, 21, 56, 13, 20, 21, 54, 45, 47, 13, 20, 21, 56, 13, 20, 21, 54, 45, 47, 13, 20, 21, 56, 13, 20, 21, 54, 45, 47, 13, 20, 21, 56, 13, 20, 21, 54, 45, 47, 13, 20, 21, 56, 13, 20, 21, 54, 45, 47, 13, 20, 21, 56, 13, 20, 21, 54, 45, 47, 13, 20, 21, 56, 13, 20, 21, 54, 45, 47, 13, 20, 21, 56, 13, 20, 21, 54, 45, 47, 13, 20, 21, 56, 13, 20, 21, 54, 45, 47, 13, 20, 21, 56, 13, 20, 21, 54, 45, 47, 13, 20, 21, 56, 13, 20, 21, 54, 45, 47, 13, 20, 21, 56, 13, 20, 21, 54, 45, 47, 13, 20, 21, 56, 13, 20, 21, 54, 45, 47, 13, 20, 21, 56, 13, 20, 21, 54, 45, 47, 13, 20, 21, 56, 13, 20, 21, 54, 45, 47, 13, 20, 21, 56, 13, 20, 21, 54, 45, 47, 13, 20, 21, 56, 13, 20, 21, 54, 45, 47, 13, 20, 21, 56, 13, 20, 21, 54, 45, 47, 13, 20, 21, 56, 13, 20, 21, 54, 45, 47, 13, 20, 21, 56, 13, 20, 21, 54, 45, 47, 13, 20, 21, 56, 13, 20, 21, 54, 45, 47, 13, 20, 21, 56, 13, 20, 21, 54, 45, 47, 13, 20, 21, 56, 13, 20, 21, 54, 45, 47, 13, 20, 21, 56, 13, 20, 21, 54, 45, 47, 13, 20, 21, 56, 13, 20, 21, 54, 45, 47, 13, 20, 21, 56, 13, 20, 21, 54, 45, 47, 13, 20, 21, 56, 13, 20, 21, 54, 45, 47, 13, 20, 21, 56, 13, 20, 21, 54, 45, 47, 13, 20, 21, 56, 13, 20, 21, 54, 45, 47, 13, 20, 21, 56, 13, 20, 21, 54, 45, 47, 13, 20, 21, 56, 13, 20, 21, 54, 45, 47, 13, 20, 21, 56, 13, 20, 21, 54, 45, 47, 13, 20, 21, 56, 13, 20, 21, 54, 45, 47, 13, 20, 21, 56, 13, 20, 21, 54, 45, 47, 13, 20, 21, 56, 13, 20, 21, 54, 45, 47, 13, 20, 21, 56, 13, 20, 21, 54, 45, 47, 13, 20, 21, 56, 13, 2]","[67, 2, 3, 6, 7, 13, 23, 8, 9, 11, 24, 8, 9, 11, 26, 33, 44, 53, (, 62, 54, 55, 56, 57, 45, 46, 47, 48, 14, 20, 21, 14, 20, 21, 54, 55, 56, 57, 45, 46, 47, 48, 14, 20, 21, 14, 20, 21, 54, 55, 56, 57, 45, 46, 47, 48, 14, 20, 21, 14, 15, 16, 14, 20, 21, 54, 55, 56, 57, 45, 46, 47, 48, 14, 15, 16, 14, 20, 21, 14, 15, 16, 14, 20, 21, 54, 55, 56, 57, 45, 14, 15, 16, 14, 20, 21, 54, 55, 56, 57, 14, 15, 16, 14, 20, 21, 54, 55, 56, 57, 14, 15, 16, 14, 15, 18, 58, 59, 60, )]",False,0.0017538731365097924
rendezvous,Concurrency_prepared,"[23, 24, 49, 50, 51, 52, 13, 14, 19, 20, 21, 53, 50, 51, 52, 13, 14, 19, 20, 21, 53, 50, 51, 52, 13, 14, 19, 20, 21, 53, 50, 51, 52, 13, 14, 19, 20, 21, 53, 50, 51, 52, 13, 14, 19, 20, 21, 53, 58, 59, 60, 61, 13, 14, 19, 20, 21, 62, 59, 60, 61, 13, 14, 19, 20, 21, 62, 59, 60, 61, 13, 14, 19, 20, 21, 62, 59, 60, 61, 13, 14, 19, 20, 21, 62, 59, 60, 61, 13, 14, 19, 20, 21, 62, 59, 60, 61, 13, 14, 19, 20, 21, 62]","[72, 2, 3, 6, 7, 13, 23, 8, 9, 11, 24, 8, 9, 11, 26, 35, 49, 58, (, 67, 59, 60, 61, 62, 50, 51, 52, 53, 14, 20, 21, 14, 20, 21, 59, 60, 61, 62, 50, 51, 52, 53, 14, 20, 21, 14, 20, 21, 59, 60, 61, 62, 50, 51, 52, 53, 14, 20, 21, 14, 15, 16, 14, 20, 21, 59, 60, 61, 62, 50, 51, 52, 53, 14, 15, 16, 14, 20, 21, 14, 15, 16, 14, 20, 21, 59, 60, 61, 62, 50, 51, 52, 53, 14, 15, 16, 14, 20, 21, 14, 15, 16, 14, 20, 21, 59, 60, 61, 62, 50, 51, 52, 53, 14, 15, 16, 14, 15, 18, 14, 15, 16, 14, 15, 18, 63, 64, 65, 54, 55, 56, )]",False,0.005772005772005772
rendezvous,Concurrency_prepared,"[24, 25, 55, 64, 73, (, 65, 56, 57, 58, 13, 19, 20, 21, 66, 67, 13, 19, 20, 21, 65, 56, 57, 58, 13, 19, 20, 21, 66, 67, 13, 19, 20, 21, 65, 56, 57, 58, 13, 19, 20, 21, 66, 67, 13, 19, 20, 21, 65, 56, 57, 58, 13, 19, 20, 21, 66, 67, 13, 19, 20, 21, 65, 56, 57, 58, 13, 19, 20, 21, 66, 67, 13, 19, 20, 21, 65, 56, 57, 58, 13, 19, 20, 21, 66, 67, 13, 19, 20, 21, 65, 56, 57, 58, 13, 19, 20, 21, 66, 67, 13, 19, 20, 21, 65, 56, 57, 58, 13, 19, 20, 21, 66, 67, 13, 19, 20, 21, 65, 56, 57, 58, 13, 19, 20, 21, 66, 67, 13, 19, 20, 21, 65, 56, 57, 58, 13, 19, 20, 21, 66, 67, 13, 19, 20, 21, 65, 56, 57, 58, 13, 19, 20, 21, 66, 67, 13, 19, 20, 21, 65, 56, 57, 58, 13, 19, 20, 21, 66, 67, 13, 19, 20, 21, 65, 56, 57, 58, 13, 19, 20, 21, 66, 67, 13, 19, 20, 21, 65, 56, 57, 58, 13, 19, 20, 21, 66, 67, 13, 19, 20, 21, 65, 56, 57, 58, 13, 19, 20, 21, 66, 67, 13, 19, 20, 21, 65, 56, 57, 58, 13, 19, 20, 21, 66, 67, 13, 19, 20, 21, 65, 56, 57, 58, 13, 19, 20, 21, 66, 67, 13, 19, 20, 21, 65, 56, 57, 58, 13, 19, 20, 21, 66, 67, 13, 19, 20, 21, 65, 56, 57, 58, 13, 19, 20, 21, 66, 67, 13, 19, 20, 21, 65, 56, 57, 58, 13, 19, 20, 21, 66, 67, 13, 19, 20, 21, 65, 56, 57, 58, 13, 19, 20, 21, 66, 67, 13, 19, 20, 21, 65, 56, 57, 58, 13, 19, 20, 21, 66, 67, 13, 19, 20, 21, 65, 56, 57, 58, 13, 19, 20, 21, 66, 67, 13, 19, 20, 21, 65, 56, 57, 58, 13, 19, 20, 21, 66, 67, 13, 19, 20, 21, 65, 56, 57, 58, 13, 19, 20, 21, 66, 67, 13, 19, 20, 21, 65, 56, 57, 58, 13, 19, 20, 21, 66, 67, 13, 19, 20, 21, 65, 56, 57, 58, 13, 19, 20, 21, 66, 67, 13, 19, 20, 21, 65, 56, 57, 58, 13, 19, 20, 21, 66, 67, 13, 19, 20, 21, 65, 56, 57, 58, 13, 19, 20, 21, 66, 67, 13, 19, 20, 21, 65, 56, 57, 58, 13, 19, 20, 21, 66, 67, 13, 19, 20, 21, 65, 56, 57, 58, 13, 19, 20, 21, 66, 67, 13, 19, 20, 21, 65, 56, 57, 58, 13, 19, 20, 21, 66, 67, 13, 19, 20, 21, 65, 56, 57, 58, 13, 19, 20, 21, 66, 67, 13, 19, 20, 21, 65, 56, 57, 58, 13, 19, 20, 21, 66, 67, 13, 19, 20, 21, 65, 56, 57, 58, 13, 19, 20, 21, 66, 67, 13, 19, 20, 21, 65, 56, 57, 58, 13, 19, 20, 21, 66, 67, 13, 19, 20, 21, 65, 56, 57, 58, 13, 19, 20, 21, 66, 67, 13, 19, 20, 21, 65, 56, 57, 58, 13, 19, 20, 21, 66, 67, 13, 19, 20, 21, 65, 56, 57, 58, 13, 19, 20, 21, 66, 67, 13, 19, 20, 21, 65, 56, 57, 58, 13, 19, 20, 21, 66, 67, 13, 19, 20, 21, 65, 56, 57, 58, 13, 19, 20, 21, 66, 67, 13, 19, 20, 21, 65, 56, 57, 58, 13, 19, 20, 21, 66, 67, 13, 19, 20, 21, 65, 56, 57, 58, 13, 19, 20, 21, 66, 67, 13, 19, 20, 21, 65, 56, 57, 58, 13, 19, 20, 21, 66, 67, 13, 19, 20, 21, 65, 56, 57, 58, 13, 19, 20, 21, 66, 67, 13, 19, 20, 21, 65, 56, 57, 58, 13, 19, 20, 21, 66, 67, 13, 19, 20, 21, 65, 56, 57, 58, 13, 19, 20, 21, 66, 67, 13, 19, 20, 21, 65, 56, 57, 58, 13, 19, 20, 21, 66, 67, 13, 19, 20, 21, 65, 56, 57, 58, 13, 19, 20, 21, 66, 67, 13, 19, 20, 21, 65, 56, 57, 58, 13, 19, 20, 21, 66, 67, 13, 19, 20, 21, 65, 56, 57, 58, 13, 19, 20, 21, 66, 67, 13, 19, 20, 21, 65, 56, 57, 58, 13, 19, 20, 21, 66, 67, 13, 19, 20, 21, 65, 56, 57, 58, 13, 19, 20, 21, 66, 67, 13, 19, 20, 21, 65, 56, 57, 58, 13, 19, 20, 21, 66, 67, 13, 19, 20, 21, 65, 56, 57, 58, 13, 19, 20, 21, 66, 67, 13, 19, 20, 21, 65, 56, 57, 58, 13, 19, 20, 21, 66, 67, 13, 19, 20, 21, 65, 56, 57, 58, 13, 19, 20, 21, 66, 67, 13, 19, 20, 21, 65, 56, 57, 58, 13, 19, 20, 21, 66, 67, 13, 19, 20, 21, 65, 56, 57, 58, 13, 19, 20, 21, 66, 67, 13, 19, 20, 21, 65, 56, 57, 58, 13, 19, 20, 21, 66, 67, 13, 19, 20, 21, 65, 56, 57, 58, 13, 19, 20, 21, 66, 67, 13, 19, 20, 21, 65, 56, 57, 58, 13, 19, 20, 21, 66, 67, 13, 19, 20, 21, 65, 56, 57, 58, 13, 19, 20, 21, 66, 67, 13, 19, 20, 21, 65, 56, 57, 58, 13, 19, 20, 21, 66, 67, 13, 19, 20, 21, 65, 56, 57, 58, 13, 19, 20, 21, 66, 67, 13, 19, 20, 21, 65, 56, 57, 58, 13, 19, 20, 21, 66, 67, 13, 19, 20, 21, 65, 56, 57, 58, 13, 19, 20, 21, 66, 67, 13, 19, 20, 21, 65, 56, 57, 58, 13, 19, 20, 21, 66, 67, 13, 19, 20, 21, 65, 56, 57, 58, 13, 19, 20, 21, 66, 67, 13, 19, 20, 21, 65, 56, 57, 58, 13, 19, 20, 21, 66, 67, 13, 19, 20, 21, 65, 56, 57, 58, 13, 19, 20, 21, 66, 67, 13, 19, 20, 21, 65, 56, 57, 58, 13, 19, 20, 21, 66, 67, 13, 19, 20, 21, 65, 56, 57, 58, 13, 19, 20, 21, 66, 67, 1]","[78, 2, 3, 6, 7, 13, 24, 8, 9, 11, 25, 8, 9, 11, 27, 38, 55, 64, (, 73, 65, 66, 67, 68, 56, 57, 58, 59, 14, 20, 21, 14, 20, 21, 65, 66, 67, 68, 56, 57, 58, 59, 14, 20, 21, 14, 20, 21, 65, 66, 67, 68, 56, 57, 58, 59, 14, 20, 21, 14, 15, 16, 14, 20, 21, 65, 66, 67, 68, 56, 57, 58, 59, 14, 15, 16, 14, 20, 21, 14, 15, 16, 14, 20, 21, 65, 66, 67, 68, 56, 57, 58, 59, 14, 15, 16, 14, 20, 21, 14, 15, 16, 14, 20, 21, 65, 66, 67, 68, 56, 57, 58, 59, 14, 15, 16, 14, 15, 18, 14, 15, 16, 14, 15, 18, 69, 70, 71, 60, 61, 62, )]",False,0.0069424356378362745
rendezvous,Concurrency_prepared,"[25, 26, 57, 66, 67, 68, 69, 14, 20, 21, 22, 70, 67, 68, 69, 14, 20, 21, 22, 70, 67, 68, 69, 14, 20, 21, 22, 70, 67, 68, 69, 14, 20, 21, 22, 70, 67, 68, 69, 14, 20, 21, 22, 70, 67, 68, 69, 14, 20, 21, 22, 70, 67, 68, 69, 14, 20, 21, 22, 70, 67, 68, 69, 14, 20, 21, 22, 70, 67, 68, 69, 14, 20, 21, 22, 70, 67, 68, 69, 14, 20, 21, 22, 70, 67, 68, 69, 14, 20, 21, 22, 70, 67, 68, 69, 14, 20, 21, 22, 70, 67, 68, 69, 14, 20, 21, 22, 70, 67, 68, 69, 14, 20, 21, 22, 70, 67, 68, 69, 14, 20, 21, 22, 70, 67, 68, 69, 14, 20, 21, 22, 70, 67, 68, 69, 14, 20, 21, 22, 70, 67, 68, 69, 14, 20, 21, 22, 70, 67, 68, 69, 14, 20, 21, 22, 70, 67, 68, 69, 14, 20, 21, 22, 70, 67, 68, 69, 14, 20, 21, 22, 70, 67, 68, 69, 14, 20, 21, 22, 70, 67, 68, 69, 14, 20, 21, 22, 70, 67, 68, 69, 14, 20, 21, 22, 70, 67, 68, 69, 14, 20, 21, 22, 70, 67, 68, 69, 14, 20, 21, 22, 70, 67, 68, 69, 14, 20, 21, 22, 70, 67, 68, 69, 14, 20, 21, 22, 70, 67, 68, 69, 14, 20, 21, 22, 70, 67, 68, 69, 14, 20, 21, 22, 70, 67, 68, 69, 14, 20, 21, 22, 70, 67, 68, 69, 14, 20, 21, 22, 70, 67, 68, 69, 14, 20, 21, 22, 70, 67, 68, 69, 14, 20, 21, 22, 70, 67, 68, 69, 14, 20, 21, 22, 70, 67, 68, 69, 14, 20, 21, 22, 70, 67, 68, 69, 14, 20, 21, 22, 70, 67, 68, 69, 14, 20, 21, 22, 70, 67, 68, 69, 14, 20, 21, 22, 70, 67, 68, 69, 14, 20, 21, 22, 70, 67, 68, 69, 14, 20, 21, 22, 70, 67, 68, 69, 14, 20, 21, 22, 70, 67, 68, 69, 14, 20, 21, 22, 70, 67, 68, 69, 14, 20, 21, 22, 70, 67, 68, 69, 14, 20, 21, 22, 70, 67, 68, 69, 14, 20, 21, 22, 70, 67, 68, 69, 14, 20, 21, 22, 70, 67, 68, 69, 14, 20, 21, 22, 70, 67, 68, 69, 14, 20, 21, 22, 70, 67, 68, 69, 14, 20, 21, 22, 70, 67, 68, 69, 14, 20, 21, 22, 70, 67, 68, 69, 14, 20, 21, 22, 70, 67, 68, 69, 14, 20, 21, 22, 70, 67, 68, 69, 14, 20, 21, 22, 70, 67, 68, 69, 14, 20, 21, 22, 70, 67, 68, 69, 14, 20, 21, 22, 70, 67, 68, 69, 14, 20, 21, 22, 70, 67, 68, 69, 14, 20, 21, 22, 70, 67, 68, 69, 14, 20, 21, 22, 70, 67, 68, 69, 14, 20, 21, 22, 70, 67, 68, 69, 14, 20, 21, 22, 70, 67, 68, 69, 14, 20, 21, 22, 70, 67, 68, 69, 14, 20, 21, 22, 70, 67, 68, 69, 14, 20, 21, 22, 70, 67, 68, 69, 14, 20, 21, 22, 70, 67, 68, 69, 14, 20, 21, 22, 70, 67, 68, 69, 14, 20, 21, 22, 70, 67, 68, 69, 14, 20, 21, 22, 70, 67, 68, 69, 14, 20, 21, 22, 70, 67, 68, 69, 14, 20, 21, 22, 70, 67, 68, 69, 14, 20, 21, 22, 70, 67, 68, 69, 14, 20, 21, 22, 70, 67, 68, 69, 14, 20, 21, 22, 70, 67, 68, 69, 14, 20, 21, 22, 70, 67, 68, 69, 14, 20, 21, 22, 70, 67, 68, 69, 14, 20, 21, 22, 70, 67, 68, 69, 14, 20, 21, 22, 70, 67, 68, 69, 14, 20, 21, 22, 70, 67, 68, 69, 14, 20, 21, 22, 70, 67, 68, 69, 14, 20, 21, 22, 70, 67, 68, 69, 14, 20, 21, 22, 70, 67, 68, 69, 14, 20, 21, 22, 70, 67, 68, 69, 14, 20, 21, 22, 70, 67, 68, 69, 14, 20, 21, 22, 70, 67, 68, 69, 14, 20, 21, 22, 70, 67, 68, 69, 14, 20, 21, 22, 70, 67, 68, 69, 14, 20, 21, 22, 70, 67, 68, 69, 14, 20, 21, 22, 70, 67, 68, 69, 14, 20, 21, 22, 70, 67, 68, 69, 14, 20, 21, 22, 70, 67, 68, 69, 14, 20, 21, 22, 70, 67, 68, 69, 14, 20, 21, 22, 70, 67, 68, 69, 14, 20, 21, 22, 70, 67, 68, 69, 14, 20, 21, 22, 70, 67, 68, 69, 14, 20, 21, 22, 70, 67, 68, 69, 14, 20, 21, 22, 70, 67, 68, 69, 14, 20, 21, 22, 70, 67, 68, 69, 14, 20, 21, 22, 70, 67, 68, 69, 14, 20, 21, 22, 70, 67, 68, 69, 14, 20, 21, 22, 70, 67, 68, 69, 14, 20, 21, 22, 70, 67, 68, 69, 14, 20, 21, 22, 70, 67, 68, 69, 14, 20, 21, 22, 70, 67, 68, 69, 14, 20, 21, 22, 70, 67, 68, 69, 14, 20, 21, 22, 70, 67, 68, 69, 14, 20, 21, 22, 70, 67, 68, 69, 14, 20, 21, 22, 70, 67, 68, 69, 14, 20, 21, 22, 70, 67, 68, 69, 14, 20, 21, 22, 70, 67, 68, 69, 14, 20, 21, 22, 70, 67, 68, 69, 14, 20, 21, 22, 70, 67, 68, 69, 14, 20, 21, 22, 70, 67, 68, 69, 14, 20, 21, 22, 70, 67, 68, 69, 14, 20, 21, 22, 70, 67, 68, 69, 14, 20, 21, 22, 70, 67, 68, 69, 14, 20, 21, 22, 70, 67, 68, 69, 14, 20, 21, 22, 70, 67, 68, 69, 14, 20, 21, 22, 70, 67, 68, 69, 14, 20, 21, 22, 70, 67, 68, 69, 14, 20, 21, 22, 70, 67, 68, 69, 14, 20, 21, 22, 70, 67, 68, 69, 14, 20, 21, 22, 70, 67, 68, 69, 14, 20, 21, 22, 70, 67, 68, 69, 14, 20, 21, 22, 70, 67, 68, 69, 14, 20, 21, 22, 70, 67, 68, 69, 14, 20, 21, 22, 70, 67, 68, 69, 14, 20, 21, 22, 70, 67, 68, 69, 14]","[80, 2, 3, 6, 7, 14, 25, 8, 9, 11, 12, 26, 8, 9, 11, 12, 28, 40, 57, 66, (, 75, 67, 68, 69, 70, 58, 59, 60, 61, 15, 21, 22, 15, 21, 22, 67, 68, 69, 70, 58, 59, 60, 61, 15, 21, 22, 15, 21, 22, 67, 68, 69, 70, 58, 59, 60, 61, 15, 21, 22, 15, 16, 17, 15, 21, 22, 67, 68, 69, 70, 58, 59, 60, 61, 15, 16, 17, 15, 21, 22, 15, 16, 17, 15, 21, 22, 67, 68, 69, 70, 58, 59, 60, 61, 15, 16, 17, 15, 21, 22, 15, 16, 17, 15, 21, 22, 67, 68, 69, 70, 58, 59, 60, 61, 15, 16, 17, 15, 16, 19, 15, 16, 17, 15, 16, 19, 71, 72, 73, 62, 63, 64, )]",False,0.005777007510109763
synchronous-concurrency-1,Concurrency_prepared,"[23, 24, 25, 26, 27, (, 29, 15, 6, 7, 18, 19, 20, 15, 6, 7, 18, 19, 20, 15, 6, 8, 9, 16, 17, 30, 31,), 10, 33]","[23, 24, 25, 26, (, 27, 5, 6, 7, 6, 7, 29, 13, 14, 15, 16, 18, 30, 6, 9, 19, 14, 15, 16, 18, 19, 14, 15, 10, 16, 17, 20, ), 31, 33]",False,0.5485714285714286
synchronous-concurrency-1,Concurrency_prepared,"[23, 24, 25, 26, 27, 28, (, 30, 15, 6, 7, 18, 19, 20, 15, 6, 7, 18, 19, 20, 15, 6, 7, 18, 19, 20, 15, 16, 10, 31, 32,), 34]","[23, 24, 25, 26, 27, (, 28, 5, 6, 7, 6, 7, 30, 13, 14, 15, 16, 18, 19, 14, 15, 31, 6, 7, 16, 18, 19, 14, 15, 6, 9, 16, 18, 19, 14, 15, 10, 16, 17, 20, 32, 34, )]",False,0.4830917874396135
synchronous-concurrency-1,Concurrency_prepared,"[23, 24, 25, 26, 27, 28, (, 6, 7, 6, 7, 6, 7, 6, 7, 6, 7, 9, 15, 18, 19, 20, 15, 18, 19, 20, 15, 18, 19, 20, 15, 18, 19, 20, 15, 18, 19, 20, 15, 16, 30, 15, 16, 31,), 10, 33]","[23, 24, 25, 26, 27, 5, 6, 7, 6, 7, (, 28, 13, 14, 15, 16, 18, 19, 14, 15, 30, 6, 7, 16, 18, 19, 14, 15, 6, 7, 16, 18, 19, 14, 15, 6, 7, 16, 18, 19, 14, 15, 6, 7, 16, 18, 19, 14, 15, 6, 9, 16, 18, 19, 14, 15, 10, 16, 17, 20, ), 31, 33]",False,0.3422818791946309
synchronous-concurrency-1,Concurrency_prepared,"[23, 24, 25, 26, 27, (, 29, 6, 7, 6, 7, 6, 7, 6, 7, 6, 7, 6, 7, 6, 7, 15, 18, 19, 20, 15, 18, 19, 20, 15, 18, 19, 20, 15, 18, 19, 20, 15, 18, 19, 20, 15, 18, 19, 20, 15, 16, 17, 10, 30, 31,), 33]","[23, 24, 25, 26, (, 27, 5, 6, 7, 6, 7, 29, 13, 14, 15, 16, 18, 19, 14, 15, 30, 6, 7, 16, 18, 19, 14, 15, 6, 7, 16, 18, 19, 14, 15, 6, 7, 16, 18, 19, 14, 15, 6, 7, 16, 18, 19, 14, 15, 6, 7, 16, 18, 19, 14, 15, 6, 9, 16, 18, 19, 14, 15, 10, 16, 17, 20, ), 31, 33]",False,0.2891566265060241
synchronous-concurrency-1,Concurrency_prepared,"[23, 24, 25, 26, 27, (, 29, 6, 7, 6, 7, 6, 7, 6, 7, 6, 7, 6, 7, 6, 7, 6, 7, 6, 7, 15, 18, 19, 20, 15, 18, 19, 20, 15, 18, 19, 20, 15, 18, 19, 20, 15, 18, 19, 20, 15, 18, 19, 20, 15, 18, 19, 20, 15, 18, 19, 20, 15, 18, 19, 20, 15, 16, 17, 10, 30, 31,), 33]","[23, 24, 25, 26, (, 27, 5, 6, 7, 6, 7, 29, 13, 14, 15, 16, 18, 19, 14, 15, 30, 6, 7, 16, 18, 19, 14, 15, 6, 7, 16, 18, 19, 14, 15, 6, 7, 16, 18, 19, 14, 15, 6, 7, 16, 18, 19, 14, 15, 6, 7, 16, 18, 19, 14, 15, 6, 7, 16, 18, 19, 14, 15, 6, 7, 16, 18, 19, 14, 15, 6, 7, 16, 18, 19, 14, 15, 6, 7, 16, 18, 19, 14, 15, 6, 7, 16, 18, 19, 14, 15, 6, 9, 16, 18, 19, 14, 15, 10, 16, 17, 20, ), 31, 33]",False,0.20382165605095542
